00 15 08 -39 13 14 NGC 55
00 24 07 -72 04 23 47 Tucanae
00 40 22 +41 41 11 M 110
00 42 42 +40 51 55 M 32
00 42 44 +41 16 09 Andromeda Galaxy
00 47 34 -25 17 32 Sculptor Galaxy
00 52 38 -72 48 01 Small Magellanic Cloud
00 52 38 -26 35 43 NGC 288
01 02 18 -70 50 53 NGC 362
01 19 03 +58 19 45 NGC 457
01 29 29 +63 18 29 NGC 559
01 33 14 +60 42 23 M 103
01 33 51 +30 39 36 Pinwheel
01 42 21 +51 34 06 Little Dumbbell/Barbell/Cork
01 42 56 +64 00 06 NGC 637
01 46 03 +61 15 00 NGC 663
01 57 47 +37 40 36 NGC 752
02 19 02 +57 08 47 h Perseus
02 19 02 +57 08 47 h Perseus
02 22 27 +57 06 39 Chi Perseus
02 32 42 +61 27 00 IC 1805
02 33 38 +57 32 11 NGC 957
02 42 01 +42 46 46 M 34
02 42 40 -00 00 48 M 77
02 42 41 +61 32 45 NGC 1027
03 14 39 +47 15 07 NGC 1245
03 31 38 +37 20 10 NGC 1342
03 46 59 +24 07 15 Pleiades
03 49 23 +52 40 07 NGC 1444
04 07 43 +62 20 00 NGC 1502
04 15 24 +51 14 29 NGC 1528
04 26 51 +15 51 42 Hyades
04 46 02 +19 04 24 NGC 1647
04 51 04 +43 42 04 NGC 1664
05 03 38 +23 49 10 NGC 1746
05 14 03 -40 01 37 NGC 1851
05 23 35 -69 45 22 Large Magellanic Cloud
05 28 39 +35 50 24 M 38
05 34 30 +22 01 00 Crab
05 35 24 -05 27 00 Great Orion Nebula
05 35 36 -05 16 00 M 43
05 36 07 +34 07 51 M 36
05 38 36 -69 05 00 Tarantula/30 Doradus
05 41 00 -02 24 00 Horsehead
05 46 42 +00 03 00 M 78
05 52 22 +32 32 40 M 37
06 01 02 +23 18 03 NGC 2129
06 08 26 +13 57 29 NGC 2169
06 08 52 +24 20 28 M 35
06 09 46 +20 19 24 NGC 2175
06 30 18 +05 03 00 Rosette
06 41 03 +09 53 07 NGC 2264
06 47 03 -20 43 19 M 41
06 51 46 +00 28 22 NGC 2301
07 03 12 -08 19 28 M 50
07 14 34 -10 17 15 NGC 2353
07 16 55 +13 46 36 NGC 2355
07 17 46 -15 36 29 NGC 2360
07 29 11 +20 54 42 Eskimo/Clown Face
07 30 05 +34 01 42 NGC 2393
07 36 36 -14 28 45 M 47
07 37 07 -13 50 47 NGC 2423
07 40 50 -31 38 03 NGC 2439
07 41 48 -14 48 06 M 46
07 41 55 -18 12 31 NGC 2440
07 44 37 -23 51 18 M 93
07 45 23 -37 57 20 NGC 2451
07 52 17 -38 31 48 NGC 2477
07 58 20 -60 51 12 NGC 2516
08 00 11 -10 46 17 NGC 2506
08 10 40 -49 14 58 NGC 2547
08 12 27 -37 37 04 NGC 2546
08 18 56 -29 43 27 NGC 2571
08 40 05 +19 59 22 Praesepe/Beehive
08 40 14 -53 02 42 IC 2391
08 41 07 -48 10 45 IC 2395
08 51 26 +11 48 43 M 67
09 11 59 -64 51 22 NGC 2808
09 27 36 -56 58 07 IC 2488
09 55 33 +69 04 00 Bode's Nebula
09 55 54 +69 40 57 M 82
10 02 43 -60 05 32 NGC 3114
10 07 01 -40 26 11 Eight Burst
10 07 01 -40 26 11 Eight Burst
10 17 33 -46 24 02 NGC 3201
10 21 46 -51 42 10 NGC 3228
10 23 31 +19 51 49 NGC 3227
10 24 49 -18 38 15 Ghost of Jupiter/Eye
10 27 22 -57 37 20 IC 2581
10 43 12 -64 22 45 IC 2602
11 06 26 -58 39 13 NGC 3532
11 14 47 +55 00 39 Owl
11 18 55 +13 05 35 M 65
11 20 14 +12 59 42 M 66
11 36 08 -61 35 36 NGC 3766
12 18 58 +47 18 16 M 106
12 25 04 +12 53 14 M 84
12 25 06 +26 06 24 Melotte 111
12 25 56 -72 40 37 NGC 4372
12 26 12 +12 56 49 M 86
12 29 07 +02 03 09 3CR 273
12 29 07 +02 03 09 3CR 273
12 29 46 +07 59 58 M 49
12 30 50 +12 23 24 M 87
12 36 21 +25 59 20 NGC 4565
12 39 27 -26 44 28 M 68
12 39 59 -11 37 23 Sombrero
12 50 54 +41 07 10 M 94
12 53 36 -60 19 17 Jewel Box
12 56 44 +21 41 05 Black Eye
12 59 21 -70 52 11 NGC 4833
13 25 29 -43 01 00 NGC 5128
13 26 48 -47 28 34 Omega Centauri
13 29 53 +47 11 49 Whirlpool
13 29 59 +47 16 21 NGC 5195
13 37 00 -29 52 04 M 83
13 42 12 +28 22 54 M 3
14 03 13 +54 21 03 M 101
14 07 37 -48 18 15 NGC 5460
15 05 10 -54 19 38 NGC 5822
15 17 29 -21 00 57 NGC 5897
15 18 14 +02 05 06 M 5
15 46 05 -37 46 19 NGC 5986
16 03 40 -60 29 15 NGC 6025
16 13 14 -54 11 38 NGC 6067
16 17 05 -22 59 22 M 80
16 25 38 -40 38 48 NGC 6124
16 25 43 -72 11 52 NGC 6101
16 34 22 -49 35 15 NGC 6167
16 35 43 -45 37 08 NGC 6178
16 41 15 -48 44 45 NGC 6193
16 41 41 +36 27 21 Keystone
16 47 12 -01 57 18 M 12
16 57 08 -04 06 37 M 10
17 01 17 -30 07 21 M 62
17 02 36 -26 16 15 M 19
17 13 45 -37 06 12 Bug
17 17 08 +43 08 50 M 92
17 18 29 -42 56 08 NGC 6322
17 19 08 -18 31 04 M 9
17 31 46 -67 03 14 NGC 6362
17 34 46 -32 32 57 NGC 6383
17 36 15 -44 43 52 NGC 6388
17 37 37 -03 14 43 M 14
17 40 04 -32 11 34 Butterfly
17 40 52 -53 40 32 NGC 6397
17 46 15 +05 42 55 IC 4665
17 53 56 -34 47 34 M 7
17 56 51 -19 00 20 M 23
17 58 33 +66 37 59 Cat's Eye
18 02 20 -23 00 56 M 20
18 03 48 -24 23 00 Lagoon
18 04 37 -22 28 46 M 21
18 08 02 -43 43 33 NGC 6541
18 12 08 +06 50 48 NGC 6572
18 18 26 -18 23 46 M 24
18 18 50 -13 45 44 M 16
18 19 54 -17 06 39 M 18
18 20 47 -16 09 36 M 17
18 24 36 -25 52 19 M 28
18 27 44 +06 33 56 NGC 6633
18 31 39 -19 13 48 M 25
18 36 27 -23 55 28 M 22
18 38 57 +05 26 44 IC 4756
18 43 15 -32 16 59 M 70
18 51 05 -06 15 24 Wild Duck
18 53 35 +33 02 06 Ring
18 54 33 -19 52 10 NGC 6716
18 55 06 -30 28 08 M 54
18 59 34 -36 37 50 NGC 6723
19 10 48 -59 59 05 NGC 6752
19 16 33 +30 10 24 M 56
19 40 04 -30 56 03 M 55
19 43 56 -14 09 49 Little Gem
19 53 44 +18 46 53 M 71
19 59 34 +22 42 48 Dumbbell
20 05 53 +35 46 40 NGC 6871
20 23 05 +40 46 43 NGC 6910
20 23 57 +38 31 45 M 29
21 04 13 -11 22 03 Saturn Nebula
21 30 01 +12 10 12 M 15
21 32 12 +48 26 18 M 39
21 33 28 -00 49 39 M 2
21 39 06 +57 30 00 IC 1396
21 40 26 -23 11 22 M 30
21 53 24 +47 16 00 Cocoon
21 53 44 +62 36 12 NGC 7160
22 15 17 +49 52 57 NGC 7243
22 29 38 -20 47 37 Helix
23 24 14 +61 35 29 M 52
23 57 02 +56 43 42 NGC 7789
23 58 26 +61 12 42 NGC 7790
