13 40 45 +19 56 56 1
14 28 37 +28 17 06 Struve 1850
14 33 41 +35 34 48 Struve 1858
14 40 48 +16 24 45 Pi
14 41 40 +51 23 33 Struve 1871
14 45 03 +27 04 08 Epsilon
14 46 20 +09 38 29 Struve 1879
14 28 27 +24 21 41 Struve 1884
14 49 45 +48 42 57 39
14 51 06 +09 43 05 Struve 1886
14 53 27 +15 41 58 Otto Struve 288
14 57 32 +40 09 24 Struve 1895
14 59 39 +53 51 19 Sh 191
15 00 43 +47 16 21 Otto Struve 291
15 03 52 +47 38 57 44
15 07 37 +09 13 15 Struve 1910
15 09 58 +37 58 16 Struve 1916
15 12 04 +38 39 54 Struve 1921
15 15 34 +33 18 35 Delta
15 24 33 +37 22 20 Mu-1
15 24 35 +37 20 34 Mu-2
15 26 30 +43 59 55 Otto Struve 296
15 36 06 +39 47 52 Otto Struve 298
13 49 08 +26 58 27 Struve 1785
13 59 09 +25 48 37 Struve 1793
14 09 15 +07 22 44 Otto Struve 275
14 13 53 +11 59 30 Struve 279
14 13 32 +51 46 59 Kappa
14 15 32 +50 26 02 Struve 1829
14 16 37 +20 06 58 Struve 1825
14 16 14 +51 21 45 Iota
14 20 22 +48 30 07 Struve 1834
14 23 27 +08 26 27 Struve 1835
