19 28 00 +36 32 00 Struve 2534
19 31 00 +27 58 00 Alberio
19 31 00 +50 11 00 Otto Struve 374
19 46 00 +33 36 00 Struve 2576
19 46 00 +36 05 00 Struve 2578
19 46 00 +33 44 00 17
19 49 00 +44 22 00 Struve 2588
19 50 00 +38 43 00 19
19 55 00 +30 12 00 Otto Struve 390
19 55 00 +30 11 00 J781
19 56 00 +52 26 00 Psi
19 58 00 +44 23 00 Otto Struve 393
19 59 00 +38 06 00 Struve 2609
19 59 00 +47 22 00 Struve 2611
20 00 00 +36 25 00 Otto Struve 394
20 02 00 +40 18 00 h1468
20 04 00 +36 01 00 Struve 2624
20 03 00 +38 20 00 h1470
20 08 00 +32 35 00 Struve 2633
20 09 00 +35 28 59 Struve 2639
20 13 00 +53 08 00 Struve 2658
20 16 00 +52 30 00 Otto Struve 404
20 17 00 +39 41 00 Struve 2663
20 18 00 +40 44 00 Struve 2666
20 22 00 +40 16 00 Gamma
20 23 00 +53 25 00 Struve 2681
20 35 00 +32 32 00 Struve 2700
20 35 00 +35 10 00 Struve 2702
20 41 00 +32 21 00 49
20 42 00 +49 15 00 Arg 39
20 46 00 +30 43 00 52
19 43 00 +50 32 00 16
