01 53 33 +03 11 15 Xi Psc
01 30 11 +06 08 38 Mu Psc
01 41 26 +05 29 15 Nu Psc
02 02 03 +02 45 50 Alrisha
02 02 03 +02 45 50 HR 595
02 39 29 +00 19 43 Delta Cet
02 43 18 +03 14 09 Kaffaljidhma
02 35 52 +05 35 36 Nu Cet
03 02 17 +04 05 23 Menkar
03 19 22 +03 22 13 Kappa 1 Cet
03 36 52 +00 24 06 10 Tau
04 03 09 +05 59 21 Nu Tau
04 58 33 +01 42 51 Pi 6 Ori
04 54 15 +02 26 26 Pi 5 Ori
04 51 12 +05 36 18 Pi 4 Ori
04 49 50 +06 57 41 Tabit
05 24 45 +01 50 47 Psi 1 Ori
05 13 17 +02 51 41 Rho Ori
05 22 50 +03 32 40 23 Ori
05 26 50 +03 05 44 Psi 2 Ori
05 26 50 +03 05 47 HIP 25473
05 25 08 +06 20 59 Bellatrix
05 42 29 +01 28 29 51 Ori
05 52 26 +01 51 18 56 Ori
05 39 11 +04 07 17 Omega Ori
05 30 47 +05 56 53 32 Ori
05 55 10 +07 24 25 Betelgeuse
06 23 46 +04 35 34 Epsilon Mon
06 47 52 +02 24 44 18 Mon
06 32 54 +07 19 59 13 Mon
07 39 18 +05 13 30 Procyon
08 02 16 +02 20 04 HR 3145
08 43 13 +03 23 56 Eta Hya
08 38 45 +03 20 29 Al Minliar al Shuja
08 37 39 +05 42 14 Delta Hya
08 46 47 +06 25 08 Epsilon Hya
08 46 46 +06 25 09 HIP 43109
08 48 26 +05 50 16 Rho Hya
08 55 24 +05 56 45 Zeta Hya
09 14 22 +02 18 51 Theta Hya
09 05 58 +05 05 32 Omega Hya
09 38 27 +04 38 57 HR 3834
09 37 13 +06 50 09 10 Leo
10 34 48 +06 57 13 48 Leo
11 00 34 +03 37 03 58 Leo
11 27 56 +02 51 23 Tau Leo
11 00 45 +06 06 05 59 Leo
11 05 01 +07 20 10 Chi Leo
11 21 08 +06 01 46 Sigma Leo
11 50 42 +01 45 53 Zavijah
11 45 52 +06 31 46 Nu Vir
12 20 21 +03 18 45 16 Vir
12 00 52 +06 36 52 Pi Vir
12 55 36 +03 23 51 Auva
13 17 36 +05 28 11 Sigma Vir
13 34 08 +03 39 32 78 Vir
14 01 39 +01 32 40 Tau Vir
14 46 15 +01 53 34 109 Vir
15 02 54 +02 05 29 110 Vir
15 50 49 +04 28 39 Epsilon Ser
15 44 16 +06 25 32 Unukalhai
15 46 27 +07 21 11 Lambda Ser
16 22 04 +01 01 44 Sigma Ser
16 30 55 +01 59 02 Marfic
16 30 55 +01 59 04 HIP 80883
17 26 31 +04 08 24 Sigma Oph
17 47 54 +02 42 26 Gamma Oph
17 43 28 +04 34 02 Cebalrai
18 01 45 +01 18 18 68 Oph
18 00 39 +02 55 54 67 Oph
18 05 27 +02 30 07 HIP 88601
18 05 27 +02 30 00 70 Oph
18 20 52 +03 22 38 74 Oph
18 00 16 +04 22 07 66 Oph
18 56 13 +04 12 13 Theta 1 Ser
18 56 15 +04 12 08 Theta 2 Ser
19 26 31 +00 20 19 Nu Aql
19 25 30 +03 06 53 Delta Aql
19 52 28 +01 00 20 Eta Aql
19 34 05 +07 22 44 Mu Aql
19 55 19 +06 24 24 Alshain
21 15 49 +05 14 52 Kitalpha
22 25 17 +01 22 39 Pi Aqr
22 27 52 +04 41 44 35 Peg
22 05 41 +05 03 31 Nu Peg
22 10 12 +06 11 52 Baham
23 26 56 +01 15 20 Kappa Psc
23 03 53 +03 49 12 Fum al Samakah
23 17 10 +03 16 56 Gamma Psc
23 27 58 +06 22 44 Theta Psc
23 42 03 +01 46 48 Lambda Psc
23 39 57 +05 37 35 Iota Psc
23 59 19 +06 51 48 Omega Psc
00 48 41 +07 35 06 Delta Psc
01 02 57 +07 53 24 Epsilon Psc
01 45 24 +09 09 28 Omicron Psc
02 13 00 +08 50 48 Xi 1 Cet
02 28 10 +08 27 36 Xi 2 Cet
02 59 43 +08 54 27 Menkar
02 44 57 +10 06 51 Mu Cet
03 27 10 +09 43 58 Xi Tau
03 24 49 +09 01 44 Omicron Tau
03 30 52 +12 56 12 5 Tau
03 44 04 +09 02 59 HD 23260
04 00 41 +12 29 25 Lambda Tau
04 15 32 +08 53 32 Mu Tau
04 13 56 +09 15 50 47 Tau
04 13 56 +09 15 51 HIP 19740
04 35 39 +10 09 39 88 Tau
04 26 36 +14 42 50 Pi Tau
04 33 51 +14 50 40 Rho Tau
04 50 37 +08 54 01 Pi 2 Ori
04 54 54 +10 09 03 Pi 1 Ori
04 38 09 +12 30 39 90 Tau
04 52 32 +14 15 02 Omicron 1 Ori
04 56 22 +13 30 52 Omicron 2 Ori
05 36 54 +09 17 26 Phi 2 Ori
05 35 08 +09 56 03 Meissa
05 35 08 +09 56 06 HR 1880
05 34 49 +09 29 22 Phi 1 Ori
06 02 23 +09 38 50 Mu Ori
05 49 33 +12 39 06 134 Tau
06 07 34 +14 46 07 Nu Ori
06 11 56 +14 12 32 Xi Ori
06 47 20 +08 02 14 17 Mon
06 40 59 +09 53 45 15 Mon
06 40 59 +09 53 42 HIP 31978
06 45 17 +12 53 44 Alzirr
06 43 59 +13 13 41 30 Gem
06 54 39 +13 10 40 38 Gem
06 54 39 +13 10 35 HIP 33202
07 25 39 +09 16 34 Epsilon CMi
07 28 10 +08 55 32 Gamma CMi
07 27 09 +08 17 22 Gomeisa
07 29 48 +12 00 24 6 CMi
08 16 31 +09 11 08 Altarf
08 58 29 +11 51 28 Acubens
09 41 09 +09 53 32 Subra
09 31 57 +11 17 59 Xi Leo
10 00 13 +08 02 39 Pi Leo
10 07 54 +09 59 52 31 Leo
10 08 22 +11 58 02 Regulus
10 32 49 +09 18 24 Rho Leo
11 23 55 +10 31 46 Iota Leo
11 23 55 +10 31 46 HIP 55642
11 45 17 +08 15 29 Xi Vir
12 05 13 +08 43 59 Omicron Vir
11 49 04 +14 34 19 Denebola
12 41 53 +10 14 08 Rho Vir
13 02 11 +10 57 33 Vindemiatrix
13 28 26 +13 46 44 70 Vir
14 23 23 +08 26 48 HR 5386
14 41 39 +08 09 42 31 Boo
14 41 09 +13 43 42 Zeta Boo
15 34 48 +10 32 20 Delta Ser
16 32 36 +11 29 17 29 Her
16 25 25 +14 02 00 Kajam
16 57 40 +09 22 30 Kappa Oph
16 54 00 +10 09 55 Iota Oph
17 05 23 +12 44 27 60 Her
17 03 08 +14 05 31 HR 6337
17 14 39 +14 23 25 Rasalgethi
17 34 56 +12 33 36 Rasalhague
18 07 18 +08 44 02 71 Oph
18 07 21 +09 33 50 72 Oph
19 05 25 +13 51 49 Deneb el Okab
19 50 47 +08 52 06 Altair
19 54 15 +08 27 41 Xi Aql
19 46 16 +10 36 48 Tarazed
20 33 13 +11 18 12 Deneb Dulfim
20 35 19 +14 40 27 Zeta Del
20 37 33 +14 35 42 Rotanev
21 10 20 +10 07 54 Gamma Equ
21 10 20 +10 07 55 HIP 104521
21 14 29 +10 00 25 Delta Equ
21 44 11 +09 52 30 Enif
22 21 31 +12 12 19 31 Peg
22 55 14 +08 48 58 Rho Peg
22 46 42 +12 10 22 Xi Peg
22 41 28 +10 49 53 Homam
23 07 00 +09 24 34 55 Peg
23 29 09 +12 45 38 70 Peg
00 13 14 +15 11 01 Algenib
00 14 36 +20 12 24 Chi Peg
01 31 29 +15 20 45 Eta Psc
01 11 27 +21 02 05 Chi Psc
01 53 32 +19 17 45 Gamma 2 Ari
01 53 32 +19 17 38 HIP 8832
01 54 38 +20 48 29 Sharatan
03 11 38 +19 43 36 Botein
02 59 13 +21 20 26 Epsilon Ari
03 14 54 +21 02 40 Zeta Ari
04 04 42 +22 04 55 37 Tau
04 19 48 +15 37 40 Gamma Tau
04 28 26 +16 21 35 75 Tau
04 30 34 +16 11 38 HR 1427
04 28 34 +15 57 44 Theta 1 Tau
04 28 40 +15 52 15 Theta 2 Tau
04 26 21 +15 37 06 71 Tau
04 35 55 +16 30 33 Aldebaran
04 39 17 +15 55 06 Sigma 2 Tau
04 22 56 +17 32 33 Hyadum II
04 24 06 +17 26 39 Delta 2 Tau
04 25 29 +17 55 40 Delta 3 Tau
04 25 29 +17 55 42 HIP 20648
04 17 16 +20 34 43 Omega 2 Tau
04 28 37 +19 10 50 Ain
04 25 22 +22 17 38 Kappa 1 Tau
05 09 42 +15 35 50 15 Ori
05 04 34 +15 24 15 11 Ori
05 07 27 +18 38 42 104 Tau
05 03 06 +21 35 25 Iota Tau
05 19 17 +22 05 47 109 Tau
05 41 18 +16 32 03 126 Tau
05 24 25 +17 23 01 111 Tau
05 32 13 +18 35 39 119 Tau
05 27 38 +21 56 13 114 Tau
05 37 39 +21 08 33 Zeta Tau
06 12 03 +16 07 49 69 Ori
05 54 23 +20 16 34 Chi 1 Ori
06 03 55 +20 08 18 Chi 2 Ori
06 37 43 +16 23 58 Alhena
06 28 58 +20 12 44 Nu Gem
07 18 06 +16 32 26 Lambda Gem
07 04 07 +20 34 13 Mekbuda
07 20 07 +21 58 56 Wasat
07 46 07 +18 30 36 81 Gem
08 12 13 +17 38 52 Tegmen
08 12 13 +17 38 53 Zeta 1 Cnc
08 12 13 +17 38 54 HR 3210
08 44 41 +18 09 16 Asellus Australis
08 43 17 +21 28 07 Asellus Borealis
10 07 20 +16 45 46 Eta Leo
10 19 58 +19 50 29 Algieba
10 19 58 +19 50 28 HR 4058
10 19 44 +19 28 15 40 Leo
11 02 20 +20 10 47 60 Leo
11 14 14 +15 25 46 Chort
11 14 06 +20 31 25 Zosma
11 47 59 +20 13 08 93 Leo
12 20 43 +17 47 34 11 Com
12 58 55 +17 24 34 36 Com
13 09 59 +17 31 46 Diadem
12 53 18 +21 14 41 35 Com
13 47 16 +17 27 25 Tau Boo
13 49 29 +15 47 52 Upsilon Boo
13 49 43 +21 15 51 6 Boo
14 19 45 +16 18 25 20 Boo
13 54 41 +18 23 52 Mufrid
14 15 40 +19 10 57 Arcturus
14 45 14 +16 57 51 Omicron Boo
14 40 44 +16 25 05 Pi 1 Boo
14 51 23 +19 06 02 Xi Boo
15 46 11 +15 25 19 Beta Ser
15 56 27 +15 39 42 Gamma Ser
15 41 33 +19 40 13 Iota Ser
15 48 44 +18 08 30 Kappa Ser
15 51 16 +20 58 41 Rho Ser
16 08 05 +17 02 49 Marfik
16 21 55 +19 09 11 Gamma Her
16 30 13 +21 29 23 Kornephoros
18 00 03 +16 45 03 93 Her
18 06 02 +22 13 08 98 Her
18 01 30 +21 35 45 95 Her
18 08 45 +20 48 52 102 Her
18 20 18 +21 57 41 106 Her
18 23 42 +21 46 11 109 Her
18 59 37 +15 04 06 Deneb el Okab
18 47 01 +18 10 52 111 Her
18 45 40 +20 32 47 110 Her
19 40 06 +18 00 50 Sham
19 41 03 +17 28 34 Beta Sge
19 34 35 +19 46 24 9 Vul
19 16 13 +21 23 26 1 Vul
20 14 17 +15 11 50 Rho Aql
19 47 23 +18 32 03 Delta Sge
19 48 59 +19 08 31 Zeta Sge
19 58 45 +19 29 32 Gamma Sge
20 39 38 +15 54 43 Sualocin
20 43 28 +15 04 28 Delta Del
20 46 40 +16 07 27 Gamma 2 Del
20 38 31 +21 12 04 29 Vul
21 44 31 +17 21 00 9 Peg
21 22 05 +19 48 16 1 Peg
23 04 46 +15 12 19 Markab
00 08 23 +29 05 26 Alpheratz
00 47 20 +24 16 02 Zeta And
00 57 12 +23 25 04 Eta And
00 38 33 +29 18 42 Epsilon And
01 13 45 +24 35 01 Phi Psc
01 19 28 +27 15 51 Upsilon Psc
01 57 56 +23 35 46 Lambda Ari
02 07 10 +23 27 45 Hamal
02 09 25 +25 56 24 14 Ari
01 53 05 +29 34 44 Metallah
02 43 27 +27 42 26 35 Ari
02 47 55 +29 14 50 39 Ari
03 20 20 +29 02 54 HR 999
03 45 50 +24 22 04 Maia
03 44 53 +24 06 48 Electra
03 47 29 +24 06 18 Alcyone
03 49 10 +24 03 12 Atlas
03 46 20 +23 56 54 Merope
03 45 12 +24 28 03 Taygeta
04 26 18 +22 48 49 Upsilon Tau
04 20 21 +27 21 03 Phi Tau
04 42 15 +22 57 25 Tau Tau
05 26 18 +28 36 27 Alnath
06 04 07 +23 15 48 Propus
05 49 01 +24 34 03 132 Tau
05 58 00 +25 57 14 139 Tau
05 53 20 +27 36 44 136 Tau
06 14 53 +22 30 24 Propus
06 14 53 +22 30 24 HIP 29655
06 22 58 +22 30 49 Mu Gem
06 15 23 +29 29 53 Kappa Aur
06 43 56 +25 07 52 Mebsuta
07 44 27 +24 23 53 Kappa Gem
07 25 44 +27 47 53 Propus
07 35 55 +26 53 45 Upsilon Gem
07 45 19 +28 01 35 Pollux
07 43 19 +28 53 01 Sigma Gem
07 53 30 +26 45 57 Phi Gem
08 03 31 +27 47 41 Chi Gem
08 46 42 +28 45 36 Iota Cnc
09 24 39 +26 10 56 Al Minliar al Asad
09 31 43 +22 58 05 Alterf
09 45 51 +23 46 27 Ras Elased Australis
09 52 46 +26 00 25 Ras Elased Borealis
10 16 41 +23 25 02 Adhafera
10 55 37 +24 44 59 54 Leo
11 15 12 +23 05 44 72 Leo
12 16 21 +23 56 43 7 Com
12 22 30 +25 50 46 12 Com
12 34 51 +22 37 45 23 Com
12 26 56 +28 16 06 Gamma Com
12 26 24 +27 16 06 14 Com
12 26 59 +26 49 33 16 Com
12 51 42 +27 32 27 31 Com
13 11 52 +27 52 41 Beta Com
13 07 11 +27 37 29 41 Com
14 10 24 +25 05 30 12 Boo
14 44 59 +27 04 30 HR 5505
14 44 59 +27 04 27 Izar
14 43 25 +26 31 40 34 Boo
15 02 07 +25 00 29 Omega Boo
14 34 41 +29 44 42 Sigma Boo
15 07 18 +24 52 09 45 Boo
15 04 27 +26 56 52 Psi Boo
15 34 41 +26 42 53 Alphekka
15 27 50 +29 06 21 Nusakan
16 02 18 +22 48 16 Pi Ser
15 42 45 +26 17 44 Gamma CrB
15 57 35 +26 52 40 Epsilon CrB
15 49 36 +26 04 06 Delta CrB
16 01 27 +29 51 03 Iota CrB
16 51 45 +24 39 23 51 Her
17 15 02 +24 50 20 Sarin
17 30 44 +26 06 38 Maasym
17 46 28 +27 43 14 Mu Her
17 57 46 +29 14 52 Xi Her
18 07 33 +28 45 45 Omicron Her
18 54 45 +22 38 42 113 Her
18 46 04 +26 39 44 HR 7064
19 28 42 +24 39 54 Alpha Vul
19 30 43 +27 57 35 Albireo
19 24 08 +29 37 17 2 Cyg
19 53 28 +24 04 47 13 Vul
19 53 28 +24 04 46 HIP 97886
19 51 04 +22 36 36 12 Vul
20 01 06 +27 45 13 15 Vul
20 15 16 +25 35 31 HR 7739
20 15 46 +27 48 51 23 Vul
20 44 53 +25 16 14 30 Vul
20 52 08 +27 05 49 31 Vul
21 29 57 +23 38 19 2 Peg
21 44 39 +25 38 42 Kappa Peg
21 44 09 +28 44 33 HIP 107310
22 07 01 +25 20 42 Iota Peg
22 46 32 +23 33 56 Lambda Peg
22 50 00 +24 36 06 Mu Peg
22 21 19 +28 19 50 32 Peg
22 41 45 +29 18 28 Omicron Peg
23 20 38 +23 44 25 Salm
23 25 23 +23 24 15 Upsilon Peg
23 07 07 +25 28 06 56 Peg
23 03 46 +28 04 58 Scheat
23 57 46 +25 08 29 Psi Peg
23 43 59 +29 21 41 78 Peg
00 18 20 +36 47 07 Sigma And
00 39 20 +30 51 40 Delta And
01 11 40 +30 05 23 Tau Psc
00 36 53 +33 43 10 Pi And
01 09 44 +35 37 14 Mirach
02 12 22 +30 18 11 6 Tri
02 09 33 +34 59 14 Beta Tri
02 17 03 +34 13 27 Delta Tri
02 17 19 +33 50 50 Gamma Tri
02 59 04 +35 10 59 24 Per
02 51 31 +35 03 35 17 Per
03 18 44 +34 13 22 HR 991
03 44 19 +32 17 18 Atik
03 44 19 +32 17 19 HIP 17448
03 54 08 +31 53 01 Zeta Per
03 42 23 +33 57 54 40 Per
03 58 58 +35 47 28 Menkib
04 20 25 +34 34 00 54 Per
04 57 00 +33 09 58 Hassaleh
05 18 11 +33 22 18 16 Aur
04 52 38 +36 42 11 2 Aur
04 49 55 +37 29 18 HR 1533
05 32 44 +32 11 31 Chi Aur
05 51 02 +37 18 20 Upsilon Aur
05 59 43 +37 12 45 Theta Aur
07 11 08 +30 14 43 Tau Gem
06 52 47 +33 57 41 Theta Gem
07 29 07 +31 47 04 Rho Gem
07 34 36 +31 53 18 Castor
07 34 36 +31 53 20 HIP 36850
07 39 10 +34 35 04 Omicron Gem
09 21 03 +34 23 33 Alpha Lyn
09 18 51 +36 48 10 38 Lyn
09 18 51 +36 48 10 HIP 45688
09 34 13 +36 23 51 10 LMi
10 07 26 +35 14 41 21 LMi
10 38 43 +31 58 34 37 LMi
10 25 55 +33 47 46 30 LMi
10 27 53 +36 42 26 Beta LMi
11 18 29 +33 05 40 Alula Borealis
10 53 19 +34 12 54 Praecipua
12 16 30 +33 03 41 HR 4668
13 00 16 +30 47 06 37 Com
13 34 48 +37 10 57 BH CVn
13 37 28 +36 17 42 25 CVn
13 37 28 +36 17 41 HIP 66458
13 51 47 +34 26 38 AW CVn
14 18 00 +35 30 34 HR 5361
14 31 50 +30 22 17 Rho Boo
15 23 12 +30 17 16 Eta CrB
15 32 56 +31 21 33 Theta CrB
15 15 30 +33 18 53 Delta Boo
15 24 29 +37 22 38 Alkalurops
15 39 23 +36 38 09 Zeta 2 CrB
15 51 14 +35 39 27 Kappa CrB
16 08 58 +36 29 27 Tau CrB
16 22 06 +30 53 30 Xi CrB
16 41 17 +31 36 10 Zeta Her
16 41 18 +31 36 07 HIP 81693
17 00 17 +30 55 35 Epsilon Her
17 17 20 +33 05 59 68 Her
17 15 03 +36 48 32 Pi Her
17 17 40 +37 17 29 69 Her
17 23 41 +37 08 45 Rho Her
17 58 30 +30 11 21 Nu Her
17 56 15 +37 15 02 Theta Her
18 11 54 +31 24 19 104 Her
18 19 52 +36 03 52 Kappa Lyr
18 50 05 +33 21 46 Sheliak
18 58 57 +32 41 21 Sulafat
19 00 01 +32 08 44 Lambda Lyr
18 54 30 +36 53 55 Delta 2 Lyr
19 39 23 +30 09 12 Phi Cyg
19 46 26 +33 43 39 17 Cyg
19 31 46 +34 27 11 8 Cyg
19 44 17 +37 21 16 15 Cyg
19 50 34 +32 54 50 Chi Cyg
20 23 52 +32 11 25 39 Cyg
19 56 18 +35 05 00 Eta Cyg
20 09 26 +36 50 23 28 Cyg
20 14 32 +36 48 23 29 Cyg
20 29 24 +30 22 07 41 Cyg
20 45 40 +30 43 11 52 Cyg
20 33 54 +35 15 03 47 Cyg
20 47 11 +34 22 27 T Cyg
20 46 13 +33 58 12 Gienah Cygni
20 47 25 +36 29 27 Lambda Cyg
21 12 56 +30 13 37 Zeta Cyg
21 17 55 +34 53 49 Upsilon Cyg
22 09 59 +33 10 42 Pi 2 Peg
22 43 00 +30 13 16 Eta Peg
23 33 57 +31 19 31 72 Peg
00 17 06 +38 40 54 Theta And
00 56 45 +38 29 58 Mu And
00 49 49 +41 04 44 Nu And
01 40 35 +40 34 37 Tau And
01 36 48 +41 24 20 Upsilon And
01 41 47 +42 36 48 HR 483
02 08 29 +37 51 33 58 And
02 03 54 +42 19 47 Almaak
02 03 55 +42 19 52 HR 604
02 13 13 +44 13 54 60 And
02 50 35 +38 19 07 16 Per
03 05 11 +38 50 25 Gorgonea Tertia
02 42 15 +40 11 38 12 Per
02 58 46 +39 39 46 Pi Per
03 08 10 +40 57 20 Algol
03 11 17 +39 36 42 Gorgonea Quarta
03 09 30 +44 51 27 Kappa Per
03 57 51 +40 00 37 Epsilon Per
03 45 12 +42 34 44 Nu Per
03 21 27 +43 19 47 32 Per
04 14 53 +40 29 01 52 Per
04 36 41 +41 15 54 58 Per
04 59 15 +37 53 25 Omega Aur
05 13 26 +38 29 04 Mu Aur
05 02 29 +41 04 33 Haedi
05 06 31 +41 14 04 Hoedus II
05 19 08 +40 05 57 Lambda Aur
05 01 58 +43 49 24 Al Anz
05 49 10 +39 10 52 Tau Aur
05 51 29 +39 08 55 Nu Aur
05 59 32 +44 56 51 Menkalinan
06 39 20 +42 29 20 Psi 2 Aur
07 11 39 +39 19 14 63 Aur
06 50 46 +41 46 52 Psi 7 Aur
08 22 50 +43 11 18 Alsciaukat
09 06 32 +38 27 08 HR 3612
09 00 38 +41 46 58 HR 3579
09 35 04 +39 37 17 HR 3809
10 22 20 +41 29 58 Mu UMa
10 33 14 +40 25 32 HR 4132
10 17 06 +42 54 52 Tania Borealis
11 19 08 +38 11 08 55 UMa
10 53 59 +43 11 24 Omega UMa
11 09 40 +44 29 55 Psi UMa
12 33 45 +41 21 27 Chara
12 56 02 +38 19 06 Cor CAROLI
13 17 33 +40 34 21 20 CVn
13 13 43 +40 09 10 HR 4997
14 32 05 +38 18 30 Seginus
15 01 57 +40 23 26 Nekkar
15 52 40 +42 27 05 Chi Her
16 34 06 +42 26 13 Sigma Her
16 08 46 +44 56 06 Phi Her
16 42 54 +38 55 20 Eta Her
18 36 56 +38 47 01 Vega
18 07 29 +43 27 43 HR 6791
18 44 46 +37 36 17 Zeta 1 Lyr
19 13 45 +39 08 45 Aladfar
19 16 22 +38 08 01 Theta Lyr
18 44 20 +39 40 12 Epsilon 1 Lyr
18 44 23 +39 36 46 Epsilon 2 Lyr
18 55 20 +43 56 46 13 Lyr
19 55 52 +38 29 12 22 Cyg
20 17 47 +38 01 59 34 Cyg
20 22 14 +40 15 24 Sadr
21 14 47 +38 02 43 Tau Cyg
20 57 10 +41 10 02 Nu Cyg
21 17 25 +39 23 41 Sigma Cyg
20 53 15 +44 23 14 57 Cyg
21 04 56 +43 55 40 Xi Cyg
21 34 47 +38 32 03 72 Cyg
22 15 58 +37 44 55 1 Lac
22 39 16 +39 03 01 10 Lac
22 39 20 +39 03 42 10 Lac
22 13 53 +39 42 54 HR 8485
22 30 29 +43 07 24 6 Lac
23 01 55 +42 19 34 Omicron And
22 40 31 +44 16 35 11 Lac
22 52 02 +43 18 45 15 Lac
23 38 08 +43 16 05 Iota And
23 40 24 +44 20 02 Kappa And
00 43 28 +47 01 28 Pi Cas
00 44 44 +48 17 04 Omicron Cas
00 42 04 +50 30 45 Xi Cas
01 22 20 +45 31 44 Adhil
01 27 39 +45 24 24 Omega And
01 09 30 +47 14 30 Phi And
00 48 50 +50 58 05 Nu Cas
01 38 00 +48 37 42 51 And
01 43 40 +50 41 19 Phi Per
02 25 37 +50 16 43 65 And
02 44 12 +49 13 43 Theta Per
03 30 34 +47 59 43 Sigma Per
03 36 29 +48 11 33 Psi Per
03 42 55 +47 47 15 Delta Per
03 09 04 +49 36 48 Iota Per
03 24 19 +49 51 40 Mirphak
03 29 22 +49 30 32 34 Per
03 28 03 +49 03 46 HR 1034
04 21 33 +46 29 56 53 Per
04 14 54 +48 24 34 Mu Per
04 08 40 +47 42 45 48 Per
04 06 35 +50 21 06 Lambda Per
04 18 15 +50 17 44 ZZ Per
05 06 41 +51 35 52 9 Aur
05 16 41 +45 59 53 Capella
05 59 56 +45 56 12 Pi Aur
06 24 54 +49 17 16 Psi 1 Aur
06 57 37 +45 05 39 16 Lyn
07 26 43 +49 12 41 21 Lyn
08 08 27 +51 30 24 27 Lyn
08 59 13 +48 02 31 Talitha
09 03 38 +47 09 23 Kappa UMa
09 08 52 +51 36 17 15 UMa
09 34 49 +52 03 05 26 UMa
09 32 52 +51 40 38 Theta UMa
11 46 03 +47 46 46 Chi UMa
12 24 01 +51 33 44 5 CVn
12 45 08 +45 26 25 Y CVn
13 34 27 +49 00 57 24 CVn
13 47 32 +49 18 48 Alkaid
14 13 29 +51 47 24 Asellus Tertius
14 16 23 +46 05 18 Lambda Boo
14 25 12 +51 51 03 Theta Boo
14 16 10 +51 22 02 Iota Boo
15 03 47 +47 39 15 44 Boo
15 03 48 +47 39 16 I Boo
16 02 48 +46 02 12 Upsilon Her
16 19 44 +46 18 48 Tau Her
16 49 14 +45 59 00 52 Her
16 49 14 +45 59 02 HIP 82321
16 38 45 +48 55 42 42 Her
17 39 28 +46 00 23 Iota Her
17 30 26 +52 18 05 Rastaban
17 56 36 +51 29 20 Etamin
18 53 14 +50 42 30 HR 7137
19 29 42 +51 43 47 Iota 2 Cyg
19 44 58 +45 07 51 Delta Cyg
20 13 18 +46 48 56 30 Cyg
20 13 38 +46 44 29 31 Cyg
19 36 27 +50 13 16 Theta Cyg
19 55 38 +52 26 20 Psi Cyg
20 41 26 +45 16 49 Deneb
20 48 56 +46 06 51 55 Cyg
20 15 28 +47 42 51 32 Cyg
20 30 04 +48 57 06 Ruchba
21 33 59 +45 35 31 Rho Cyg
21 06 36 +47 38 54 63 Cyg
21 42 06 +51 11 23 Azelfafage
22 21 02 +46 32 12 2 Lac
22 29 32 +47 42 25 5 Lac
21 46 48 +49 18 34 Pi 2 Cyg
22 24 31 +49 28 35 4 Lac
22 23 34 +52 13 44 Beta Lac
22 31 17 +50 16 57 Alpha Lac
22 56 26 +49 44 01 HR 8726
23 04 11 +50 03 08 3 And
23 12 33 +49 24 22 7 And
22 37 22 +51 32 42 9 Lac
23 37 34 +46 27 29 Lambda And
23 17 45 +49 00 55 8 And
00 36 58 +53 53 49 Zeta Cas
00 31 46 +54 31 20 Lambda Cas
00 40 30 +56 32 14 Shedir
00 49 06 +57 48 55 Achird
00 49 04 +57 49 08 HIP 3821
00 09 10 +59 08 59 Beta Cas
01 11 06 +55 09 00 Marfak
00 56 40 +59 10 52 Upsilon 2 Cas
00 55 00 +58 58 22 Upsilon 1 Cas
01 20 05 +58 13 54 Phi Cas
01 33 56 +59 13 55 Chi Cas
03 04 48 +53 30 23 Gamma Per
02 54 15 +52 45 45 Tau Per
02 50 42 +55 53 44 Miram
03 05 32 +56 42 21 HR 918
03 29 04 +59 56 25 HR 1035
03 29 04 +59 56 23 HIP 16228
03 29 55 +58 52 44 HR 1040
04 57 17 +53 45 08 7 Cam
05 59 32 +54 17 05 Delta Aur
05 54 51 +55 42 25 Xi Aur
06 19 37 +59 00 39 2 Lyn
06 46 14 +59 26 30 12 Lyn
06 46 14 +59 26 30 HIP 32438
06 57 17 +58 25 22 15 Lyn
07 43 00 +58 42 37 24 Lyn
09 16 11 +54 01 19 18 UMa
09 52 06 +54 03 52 Phi UMa
10 30 38 +55 58 50 36 UMa
09 51 00 +59 02 19 Upsilon UMa
11 01 50 +56 22 57 Merak
11 53 50 +53 41 41 Phad
12 15 26 +57 01 57 Megrez
13 00 44 +56 21 59 78 UMa
12 54 02 +55 57 35 Alioth
13 25 13 +54 59 17 Alcor
13 23 55 +54 55 31 Mizar
13 23 56 +54 55 19 Zeta UMa
13 40 44 +54 40 54 83 UMa
15 57 48 +54 44 59 CL Dra
15 24 56 +58 57 58 Ed Asich
16 45 18 +56 46 55 HR 6237
16 01 54 +58 33 55 Theta Dra
17 05 20 +54 28 12 Arrakis
17 32 11 +55 11 03 Nu 1 Dra
17 32 16 +55 10 23 Kuma
17 53 32 +56 52 22 Grumium
18 32 35 +57 02 44 45 Dra
18 23 55 +58 48 03 39 Dra
19 17 06 +53 22 06 Kappa Cyg
19 13 55 +57 42 18 54 Dra
18 51 12 +59 23 18 Omicron Dra
20 13 24 +56 34 04 33 Cyg
20 45 21 +57 34 47 Castula
21 43 30 +58 46 48 Garnet Star
22 10 51 +58 12 05 Zeta Cep
22 15 02 +57 02 37 Epsilon Cep
22 29 10 +58 24 55 Delta Cep
23 06 37 +59 25 11 1 Cas
23 59 01 +55 45 18 HD 224572
23 54 23 +57 29 58 Rho Cas
23 30 02 +58 32 56 AR Cas
23 47 03 +58 39 07 Tau Cas
00 53 04 +61 07 26 HR 244
00 56 43 +60 43 00 Gamma Cas
00 33 00 +62 55 54 Kappa Cas
01 25 49 +60 14 07 Ruchbah
01 54 24 +63 40 12 Segin
02 29 04 +67 24 09 Iota Cas
03 19 59 +65 39 08 BK Cam
03 46 02 +63 20 42 HR 1129
03 49 31 +65 31 34 BE Cam
05 03 25 +60 26 32 Beta Cam
04 54 03 +66 20 34 Alpha Cam
08 30 16 +60 43 05 Muscida
08 40 13 +64 19 42 Muscida
09 10 55 +63 30 49 Tau UMa
09 31 32 +63 03 43 23 UMa
09 10 24 +67 08 02 Sigma 2 UMa
11 03 44 +61 45 04 Dubhe
10 24 08 +65 33 59 HR 4072
13 51 26 +64 43 24 10 Dra
14 04 23 +64 22 33 Thuban
14 57 35 +65 55 57 RR UMi
16 23 59 +61 30 51 Eta Dra
16 40 55 +64 35 21 18 Dra
16 56 01 +65 08 05 19 Dra
18 13 54 +64 23 50 36 Dra
17 08 47 +65 42 53 Aldhibah
18 25 59 +65 33 49 42 Dra
19 20 40 +65 42 52 Pi Dra
20 29 35 +62 59 39 Theta Cep
20 45 17 +61 50 20 Eta Cep
21 18 35 +62 35 08 Alderamin
21 37 55 +62 04 55 9 Cep
21 45 27 +61 07 15 Nu Cep
21 56 39 +63 37 32 VV Cep
22 03 47 +64 37 41 HIP 108917
22 49 41 +66 12 01 Iota Cep
23 24 50 +62 16 58 4 Cas
01 25 55 +68 07 48 Psi Cas
01 56 00 +68 41 07 Omega Cas
02 01 58 +70 54 25 48 Cas
02 03 26 +72 25 17 50 Cas
03 11 56 +74 23 37 HR 932
03 50 21 +71 19 56 Gamma Cam
06 18 51 +69 19 11 HR 2209
09 02 33 +67 37 47 Rho UMa
09 34 29 +69 49 49 24 UMa
11 31 24 +69 19 52 Gianfar
12 33 29 +69 47 18 Kappa Dra
12 34 44 +70 01 18 6 Dra
15 20 44 +71 50 02 Pherkad
14 50 42 +74 09 20 Kocab
17 36 57 +68 45 29 Omega Dra
17 41 56 +72 08 56 Dsiban
18 21 03 +72 43 58 Chi Dra
18 20 45 +71 20 16 Phi Dra
18 54 24 +71 17 50 Upsilon Dra
19 12 33 +67 39 42 Nodus Secundus
20 02 49 +67 52 25 Rho Dra
19 32 21 +69 39 40 Alsafi
19 48 10 +70 16 05 Epsilon Dra
19 15 33 +73 21 20 Tau Dra
21 28 40 +70 33 39 Alfirk
21 41 55 +71 18 41 11 Cep
22 09 48 +72 20 28 24 Cep
23 18 37 +68 06 41 Omicron Cep
23 18 37 +68 06 39 HIP 115088
07 00 04 +76 58 39 HR 2527
07 31 05 +82 24 41 VZ Cam
10 35 06 +75 42 47 HR 4126
09 37 05 +81 19 36 HR 3751
14 27 32 +75 41 46 5 UMi
15 31 25 +77 20 58 Theta UMi
14 08 51 +77 32 51 4 UMi
15 44 03 +77 47 40 Zeta UMi
16 17 30 +75 45 19 Eta UMi
16 45 58 +82 02 14 Epsilon UMi
20 08 53 +77 42 41 Kappa Cep
23 07 54 +75 23 15 Pi Cep
23 39 21 +77 37 56 Alrai
01 08 44 +86 15 26 HR 285
02 31 27 +89 15 52 Polaris
22 54 24 +84 20 46 HR 8748
22 47 29 +83 09 14 HR 8702
17 32 13 +86 35 12 Yildun
00 05 20 -05 42 27 33 Psc
00 01 58 -06 00 51 30 Psc
00 53 00 -01 08 39 20 Cet
01 42 44 -03 41 25 HR 500
02 19 21 -02 58 40 Mira
03 54 18 -02 57 17 32 Eri
03 30 37 -05 04 31 17 Eri
04 11 52 -06 50 14 Beid
04 31 53 -00 02 37 45 Eri
04 36 19 -03 21 09 Nu Eri
04 45 30 -03 15 17 Mu Eri
04 52 54 -05 27 10 Omega Eri
05 21 46 -00 22 57 22 Ori
05 29 44 -01 05 32 31 Ori
05 24 29 -02 23 50 Eta Ori
05 24 29 -02 23 49 HIP 25281
05 07 51 -05 05 11 Cursa
05 01 26 -07 10 26 Psi Eri
05 17 36 -06 50 40 Tau Ori
05 32 00 -00 17 57 Mintaka
05 36 13 -01 12 07 Alnilam
05 40 51 -01 07 44 HR 1952
05 40 46 -01 56 33 Alnitak
05 40 46 -01 56 36 HR 1949
05 38 45 -02 36 00 Sigma Ori
05 35 23 -04 50 18 42 Ori
05 35 23 -05 24 58 Theta 2 Ori
05 35 16 -05 23 14 Theta 1 Ori
05 35 16 -05 23 14 Theta 1 Ori
05 35 26 -05 54 36 Nair al Saif
05 35 03 -06 00 07 HR 1887
05 31 56 -07 18 06 Thabit
05 38 53 -07 12 46 49 Ori
06 00 03 -03 04 27 HR 2113
06 20 00 -02 56 40 HR 2275
06 14 51 -06 16 28 Gamma Mon
06 28 49 -07 01 59 Beta Mon
07 11 52 -00 29 34 Delta Mon
07 02 55 -04 14 21 19 Mon
07 10 14 -04 14 14 20 Mon
07 59 44 -03 40 46 27 Mon
08 01 13 -01 23 33 28 Mon
08 08 36 -02 59 02 Zeta Mon
08 25 40 -03 54 22 HR 3314
08 43 40 -07 14 01 HR 3459
09 29 09 -02 46 08 Tau 1 Hya
09 31 59 -01 11 05 Tau 2 Hya
09 39 51 -01 08 34 Iota Hya
10 07 56 -00 22 17 Alpha Sex
11 01 50 -02 29 05 61 Leo
11 16 40 -03 39 06 Phi Leo
11 36 57 -00 49 25 Upsilon Leo
11 30 19 -03 00 13 87 Leo
12 19 54 -00 40 00 Zaniah
12 41 40 -01 26 58 Porrima
12 41 40 -01 26 58 HR 4826
13 34 42 -00 35 45 Heze
13 31 58 -06 15 21 74 Vir
14 28 12 -02 13 41 Phi Vir
14 16 01 -06 00 02 Syrma
14 51 01 -02 17 57 11 Lib
14 57 11 -04 20 47 16 Lib
14 43 04 -05 39 30 Rijl al Awwa
15 49 37 -03 25 49 Mu Ser
16 14 21 -03 41 41 Yed Prior
16 18 19 -04 41 33 Yed Posterior
17 16 37 -00 26 43 41 Oph
17 01 04 -04 13 22 30 Oph
17 26 38 -05 05 13 HR 6493
18 00 29 -03 41 25 Zeta Ser
18 21 19 -02 53 56 Eta Ser
18 47 10 -04 44 53 Beta Sct
18 57 04 -05 50 47 Eta Sct
19 06 15 -04 52 57 Lambda Aql
19 20 33 -05 24 57 26 Aql
19 01 41 -05 44 21 12 Aql
19 36 43 -01 17 12 Iota Aql
19 36 53 -07 01 39 Kappa Aql
20 11 18 -00 49 17 Theta Aql
20 29 39 -02 53 08 69 Aql
20 38 20 -01 06 18 71 Aql
20 36 44 -02 33 00 70 Aql
20 47 44 -05 01 40 3 Aqr
21 31 34 -05 34 16 Sadalsuud
22 05 47 -00 19 11 Sadalmelik
22 03 19 -02 09 19 Omicron Aqr
22 28 50 -00 01 12 Zeta 1 Aqr
22 28 50 -00 01 14 Zeta 2 Aqr
22 21 39 -01 23 14 Sadalachbia
22 35 21 -00 07 03 Eta Aqr
23 14 19 -06 02 56 Phi Aqr
23 58 40 -03 33 22 27 Psc
00 19 26 -08 49 26 Deneb Kaitos Shemali
00 04 30 -10 30 34 3 Cet
00 44 11 -10 36 34 Phi 1 Cet
01 08 35 -10 10 56 Dheneb
01 24 01 -08 11 00 Theta Cet
01 25 37 -14 35 56 46 Cet
01 51 28 -10 20 06 Baten Kaitos
01 49 35 -10 41 11 Chi Cet
02 25 57 -12 17 26 Rho Cet
02 56 26 -08 53 53 Eta Eri
02 39 34 -11 52 20 Epsilon Cet
02 44 07 -13 51 31 Pi Cet
03 15 50 -08 49 11 Zibal
03 32 56 -09 27 30 Epsilon Eri
03 43 15 -09 45 48 Rana
03 46 09 -12 06 06 Pi Eri
03 58 02 -13 30 31 Zaurak
04 15 16 -07 39 10 Keid
04 14 24 -10 15 22 39 Eri
04 38 11 -14 18 14 Sceptrum
04 59 56 -12 32 15 64 Eri
05 09 09 -08 45 15 Lambda Eri
05 14 32 -08 12 06 Rigel
05 23 57 -07 48 29 29 Ori
05 12 18 -11 52 09 Iota Lep
05 13 14 -12 56 29 Kappa Lep
05 13 14 -12 56 26 HIP 24327
05 19 35 -13 10 35 Lambda Lep
05 47 45 -09 40 11 Saiph
06 01 50 -10 35 53 3 Mon
06 01 50 -10 35 51 HIP 28574
05 46 57 -14 49 19 Zeta Lep
05 56 24 -14 10 03 Eta Lep
06 06 09 -14 56 07 Theta Lep
06 54 11 -12 02 18 Theta CMa
06 39 17 -14 08 45 HR 2450
06 56 07 -14 02 36 Mu CMa
07 33 48 -14 31 26 KQ Pup
07 41 15 -09 33 04 Alpha Mon
08 11 16 -12 55 37 19 Pup
08 40 01 -12 28 30 6 Hya
08 46 23 -13 32 52 12 Hya
09 27 35 -08 39 31 Alphard
09 20 29 -09 33 20 27 Hya
09 19 46 -11 58 29 26 Hya
10 05 07 -13 03 53 Upsilon 2 Hya
10 10 35 -12 21 15 Lambda Hya
09 51 29 -14 50 48 Upsilon 1 Hya
10 37 33 -13 23 04 U Hya
11 36 41 -09 48 08 Theta Crt
11 24 37 -10 51 34 Epsilon Crt
11 19 20 -14 46 43 Delta Crt
12 39 15 -07 59 44 Chi Vir
14 12 54 -10 16 25 Kappa Vir
14 19 07 -13 22 16 Lambda Vir
15 00 58 -08 31 09 Zuben Elakribi
15 17 00 -09 22 59 Zuben Elschemali
15 24 12 -10 19 20 Epsilon Lib
15 34 11 -10 03 53 37 Lib
15 35 32 -14 47 22 Zuben Elakrab
16 12 00 -10 03 51 Psi Sco
16 04 22 -11 22 23 Grafias
15 58 11 -14 16 46 48 Lib
16 27 48 -08 22 18 Upsilon Oph
16 37 10 -10 34 02 Zeta Oph
16 49 50 -10 46 59 20 Oph
17 20 50 -12 50 49 Nu Ser
17 37 51 -08 07 08 Mu Oph
17 41 25 -12 52 31 Omicron Ser
18 03 05 -08 10 49 Tau Oph
18 03 05 -08 10 49 HIP 88404
17 59 02 -09 46 25 Nu Oph
18 23 40 -08 56 04 Zeta Sct
18 35 12 -08 14 39 Alpha Sct
18 43 31 -08 16 31 Epsilon Sct
18 42 16 -09 03 09 Delta Sct
18 46 03 -10 17 26 HD 173498
18 29 12 -14 33 57 Gamma Sct
20 17 39 -12 30 30 Alpha 1 Cap
20 18 03 -12 32 41 Secunda Giedi
20 20 40 -12 45 33 Alshat
20 21 01 -14 46 53 Dabih
20 52 39 -08 59 00 Mu Aqr
20 47 41 -09 29 45 Albali
21 09 36 -11 22 18 Nu Aqr
21 37 45 -07 51 15 Xi Aqr
22 16 50 -07 47 00 Ancha
22 06 26 -13 52 11 Iota Aqr
22 52 37 -07 34 47 Lambda Aqr
22 30 39 -10 40 41 Sigma Aqr
22 30 39 -10 40 37 HIP 111123
22 49 36 -13 35 33 Tau 2 Aqr
23 16 51 -07 43 35 Chi Aqr
23 15 53 -09 05 16 Psi 1 Aqr
23 17 54 -09 10 57 Psi 2 Aqr
23 18 58 -09 36 39 Psi 3 Aqr
23 39 47 -14 13 20 Omega 1 Aqr
23 42 43 -14 32 42 Omega 2 Aqr
00 03 44 -17 20 10 2 Cet
00 11 16 -15 28 05 6 Cet
00 14 38 -18 55 58 7 Cet
00 43 35 -17 59 12 Diphda
01 44 04 -15 56 15 Tau Cet
02 00 00 -21 04 40 Upsilon Cet
02 32 05 -15 14 41 Sigma Cet
02 45 06 -18 34 21 Tau 1 Eri
02 51 02 -21 00 14 Angetenar
03 19 31 -21 45 28 Tau 4 Eri
03 33 47 -21 37 58 Tau 5 Eri
04 40 27 -19 40 17 54 Eri
05 12 56 -16 12 20 Mu Lep
05 01 26 -20 03 07 HR 1621
05 05 28 -22 22 16 Epsilon Lep
05 32 44 -17 49 20 Arneb
05 20 27 -21 14 23 HR 1762
05 28 15 -20 45 34 Nihal
05 51 19 -20 52 45 Delta Lep
05 44 28 -22 26 54 Gamma Lep
06 04 59 -16 29 04 17 Lep
06 22 42 -17 57 21 Murzim
06 45 09 -16 42 58 Sirius
06 37 53 -18 14 14 Nu 3 CMa
06 37 53 -18 14 13 HIP 31700
06 36 41 -19 15 21 Nu 2 CMa
06 55 37 -20 08 11 Pi CMa
06 53 33 -20 13 27 15 CMa
07 03 45 -15 38 00 Muliphen
06 56 08 -17 03 15 Iota CMa
07 22 14 -19 01 00 HR 2812
07 40 23 -15 15 50 HR 2959
07 59 52 -18 23 57 HR 3131
07 34 03 -22 17 46 HR 2906
08 09 02 -19 14 41 16 Pup
08 41 43 -15 56 36 9 Hya
09 27 18 -22 20 38 HR 3749
09 54 52 -19 00 34 HR 3923
10 26 05 -16 50 11 Mu Hya
10 38 35 -16 52 36 Phi 3 Hya
10 49 37 -16 11 37 Nu Hya
10 59 46 -18 17 56 Alpha Crt
11 24 53 -17 41 02 Gamma Crt
11 44 46 -18 21 02 Zeta Crt
12 15 48 -17 32 31 Gamma Crv
14 10 50 -16 18 07 ET Vir
14 50 53 -16 02 30 Zuben Elgenubi
15 12 13 -19 47 30 Iota 1 Lib
15 53 50 -16 43 45 Theta Lib
15 41 57 -19 40 44 Kappa Lib
16 31 08 -16 36 46 Phi Oph
16 27 01 -18 27 24 Chi Oph
16 05 27 -19 48 07 Beta 2 Sco
16 05 26 -19 48 20 Graffias
16 12 00 -19 27 39 Jabbah
16 12 00 -19 27 37 HIP 79374
16 24 06 -20 02 14 Psi Oph
16 06 48 -20 40 10 Omega 1 Sco
16 07 24 -20 52 08 Omega 2 Sco
16 41 34 -17 44 32 HR 6196
16 32 08 -21 27 59 Omega Oph
17 10 23 -15 43 31 Sabik
17 21 00 -21 06 47 Xi Oph
17 37 35 -15 23 55 Xi Ser
17 43 26 -21 40 59 58 Oph
18 25 21 -20 32 30 21 Sgr
18 25 21 -20 32 29 HIP 90289
18 57 44 -21 06 24 Xi 2 Sgr
19 09 46 -21 01 25 Albaldah
19 04 41 -21 44 29 Omicron Sgr
19 21 44 -15 57 18 Upsilon Sgr
19 21 40 -17 50 50 Rho 1 Sgr
19 17 38 -18 57 10 43 Sgr
19 46 22 -19 45 40 56 Sgr
20 28 52 -17 48 49 Rho Cap
21 05 57 -17 13 58 Theta Cap
21 04 24 -19 51 18 Eta Cap
21 22 15 -16 50 04 Iota Cap
21 40 05 -16 39 44 Nashira
21 47 02 -16 07 38 Deneb Algedi
21 42 40 -18 51 59 Kappa Cap
21 37 05 -19 27 58 Epsilon Cap
21 26 40 -22 24 41 Zeta Cap
21 28 43 -21 48 26 36 Cap
22 54 39 -15 49 15 Skat
22 43 35 -18 49 49 66 Aqr
23 09 27 -21 10 21 88 Aqr
23 09 55 -22 27 27 89 Aqr
23 22 58 -20 06 02 98 Aqr
23 26 03 -20 38 31 99 Aqr
23 41 46 -17 49 00 104 Aqr
23 33 17 -20 54 52 101 Aqr
00 58 36 -29 21 27 Alpha Scl
01 56 40 -22 31 35 56 Cet
02 04 29 -29 17 49 Nu For
02 33 51 -28 13 56 Omega For
03 02 24 -23 37 28 Tau 3 Eri
03 18 22 -22 30 40 15 Eri
03 12 04 -28 59 15 Fornacis
03 46 51 -23 14 59 Tau 6 Eri
03 53 43 -24 36 44 Tau 8 Eri
03 59 55 -24 00 58 Tau 9 Eri
04 33 31 -29 45 59 Upsilon 1 Eri
05 21 46 -24 46 23 HR 1771
06 31 51 -23 25 06 Xi 1 CMa
06 35 03 -22 57 53 Xi 2 CMa
06 54 08 -24 11 02 Omicron 1 CMa
07 03 01 -23 50 00 Omicron 2 CMa
07 01 43 -27 56 05 Sigma CMa
07 14 15 -26 21 09 27 CMa
07 08 23 -26 23 35 Wezen
07 14 49 -26 46 22 Omega CMa
06 58 38 -28 58 20 Adara
07 16 37 -23 18 56 HR 2764
07 29 51 -23 01 27 HR 2874
07 18 40 -24 33 31 29 CMa
07 18 42 -24 57 16 Tau CMa
07 38 18 -25 21 53 PU Pup
07 48 05 -25 56 14 Omicron Pup
07 16 35 -27 52 52 HR 2766
07 38 49 -26 48 06 Markab
07 38 50 -26 48 14 HR 2949
07 24 06 -29 18 11 Aludra
07 35 23 -28 22 10 HR 2922
07 43 32 -28 24 39 1 Pup
07 43 48 -28 57 17 3 Pup
07 56 52 -22 52 48 11 Pup
08 07 33 -24 18 16 Rho Pup
07 49 18 -24 51 35 Azmidiske
08 55 32 -27 40 54 Delta Pyx
08 50 32 -27 42 35 Gamma Pyx
08 39 42 -29 33 40 Zeta Pyx
09 08 03 -25 51 31 Kappa Pyx
09 21 30 -25 57 56 Theta Pyx
09 23 12 -28 50 02 Lambda Pyx
09 41 17 -23 35 29 HR 3858
09 42 14 -23 54 56 HR 3862
09 54 12 -25 55 55 HR 3919
09 44 12 -27 46 10 Theta Ant
10 37 14 -27 24 45 HR 4162
11 05 20 -27 17 37 Chi 1 Hya
11 11 39 -22 49 33 Beta Crt
11 32 16 -29 15 40 HD 100287
15 04 04 -25 16 55 Brachium
14 50 17 -27 57 37 58 Hya
15 37 01 -28 08 07 Upsilon Lib
15 40 17 -23 49 05 42 Lib
16 00 20 -22 37 18 Dschubba
15 53 37 -25 19 39 2 Sco
15 53 37 -25 19 38 HIP 77840
15 50 59 -25 45 05 1 Sco
15 58 51 -26 06 52 Pi Sco
16 03 21 -25 51 55 HR 5969
15 38 39 -29 46 40 Tau Lib
15 56 53 -29 12 51 Rho Sco
16 25 35 -23 26 50 Rho Oph
16 25 35 -23 26 47 HR 6113
16 20 38 -24 10 10 Omicron Sco
16 21 11 -25 35 34 Alniyat
16 30 12 -25 06 55 22 Sco
16 12 18 -27 55 35 13 Sco
16 29 24 -26 25 56 Antares
16 18 18 -28 36 50 HR 6070
16 35 53 -28 12 58 Tau Sco
17 15 21 -26 36 10 36 Oph
17 15 21 -26 36 00 HR 6401
17 26 22 -24 10 31 44 Oph
17 31 25 -23 57 46 51 Oph
17 22 01 -24 59 59 Theta Oph
17 47 34 -27 49 51 3 Sgr
17 27 21 -29 52 01 45 Oph
17 59 48 -23 48 58 4 Sgr
18 11 43 -23 42 04 11 Sgr
18 18 03 -27 02 34 HR 6842
18 08 05 -28 27 26 HR 6766
18 05 01 -29 34 48 Gamma 1 Sgr
18 21 00 -29 49 41 Kaus Meridionalis
18 55 07 -22 40 17 Nu 2 Sgr
18 54 10 -22 44 42 Nu 1 Sgr
18 27 58 -25 25 18 Lambda Sgr
18 45 39 -26 59 27 Phi Sgr
18 55 16 -26 17 48 Nunki
19 15 32 -25 15 25 Psi Sgr
19 06 56 -27 40 14 Tau Sgr
19 02 37 -29 52 48 Ascella
19 36 42 -24 53 01 52 Sgr
19 58 57 -26 11 45 60 Sgr
19 55 50 -26 17 58 Terebellum
19 56 57 -27 10 12 Terebellum
20 02 39 -27 42 35 62 Sgr
20 46 06 -25 16 16 Psi Cap
21 07 08 -25 00 21 24 Cap
20 51 49 -26 55 09 Omega Cap
22 40 39 -27 02 37 Epsilon PsA
23 06 41 -23 44 35 86 Aqr
22 57 39 -29 37 20 Fomalhaut
23 48 56 -28 07 49 Delta Scl
00 27 56 -33 00 26 Eta Scl
02 49 05 -32 24 21 Beta For
03 42 15 -31 56 18 Delta For
03 42 50 -37 18 49 HR 1143
03 49 27 -36 12 01 HR 1195
04 35 33 -30 33 44 Theemim
04 17 54 -33 47 54 Upsilon 4 Eri
04 24 02 -34 01 01 43 Eri
05 17 29 -34 53 43 Omicron Col
05 04 24 -35 28 59 Gamma 1 Cae
05 04 24 -35 28 56 HIP 23595
05 31 13 -35 28 13 Epsilon Col
05 39 39 -34 04 27 Alpha Col
05 53 07 -33 48 05 Lambda Col
05 57 32 -35 17 00 Gamma Col
05 50 58 -35 46 06 Wezn
05 55 30 -37 07 14 Xi Col
06 20 19 -30 03 48 Furud
06 22 07 -33 26 11 Delta Col
06 28 10 -32 34 48 Lambda CMa
06 16 33 -35 08 26 Kappa Col
06 07 32 -37 15 11 Theta Col
06 49 50 -32 30 31 Kappa CMa
06 50 52 -34 22 02 HR 2549
07 30 43 -30 57 44 HR 2881
07 37 22 -34 58 07 HR 2937
07 18 18 -36 44 02 NV Pup
07 17 09 -37 05 51 Pi Pup
07 57 40 -30 20 04 HR 3113
08 21 23 -33 03 16 HR 3282
08 13 30 -35 53 58 MX Pup
08 18 33 -36 39 33 HR 3270
08 43 36 -33 11 11 Alpha Pyx
08 40 06 -35 18 29 Beta Pyx
09 15 45 -37 24 47 HR 3684
09 29 15 -35 57 05 Epsilon Ant
10 27 09 -31 04 04 Alpha Ant
10 56 43 -37 08 16 Iota Ant
11 33 00 -31 51 27 Xi Hya
15 17 50 -30 08 55 2 Lup
15 14 37 -31 31 09 1 Lup
15 21 48 -36 15 41 Phi 1 Lup
15 23 09 -36 51 31 Phi 2 Lup
15 50 58 -33 37 38 Chi Lup
15 39 46 -34 24 44 Psi 1 Lup
15 42 41 -34 42 38 Psi 2 Lup
16 06 36 -36 48 09 Theta Lup
16 31 23 -34 42 16 HR 6143
16 36 22 -35 15 19 HR 6166
16 50 10 -34 17 36 Epsilon Sco
17 04 49 -34 07 23 HR 6334
17 49 10 -31 42 12 HR 6628
17 59 05 -30 15 11 HR 6694
17 30 46 -37 17 45 Lesath
17 33 37 -37 06 15 Shaula
17 49 51 -37 02 36 HR 6630
18 05 48 -30 25 27 Nash
18 24 10 -34 23 05 Kaus Australis
18 17 38 -36 45 42 Eta Sgr
18 44 19 -35 38 31 HR 7029
18 58 43 -37 06 27 Epsilon CrA
19 06 25 -37 03 46 HR 7227
19 06 25 -37 03 48 Gamma CrA
20 04 20 -32 03 23 HR 7659
19 59 44 -35 16 35 Theta 1 Sgr
20 49 58 -33 46 47 Alpha Mic
21 01 17 -32 15 28 Gamma Mic
21 17 56 -32 10 21 Epsilon Mic
21 44 57 -33 01 33 Iota PsA
22 10 09 -32 32 54 Tau PsA
22 08 23 -32 59 18 Mu PsA
22 08 26 -34 02 38 Upsilon PsA
21 53 56 -37 21 54 Gamma Gru
22 31 30 -32 20 46 Beta PsA
22 55 57 -32 32 23 Delta PsA
22 52 32 -32 52 32 Gamma PsA
23 18 49 -32 31 55 Gamma Scl
00 26 17 -42 18 22 Ankaa
00 26 12 -43 40 47 Kappa Phe
01 28 22 -43 19 06 Gamma Phe
02 39 48 -42 53 30 HR 789
02 40 40 -39 51 19 Iota Eri
02 58 16 -40 18 17 Acamar
02 58 16 -40 18 17 Theta 2 Eri
03 19 55 -43 04 11 HR 1008
03 48 36 -37 37 13 HR 1190
03 37 06 -40 16 27 HR 1106
04 10 51 -41 59 37 Delta Hor
04 14 00 -42 17 40 Alpha Hor
04 40 34 -41 51 50 Alpha Cae
05 59 09 -42 48 54 Eta Col
06 37 46 -43 11 44 Nu Pup
07 08 51 -39 39 20 HR 2702
07 13 32 -44 38 23 HR 2748
07 39 27 -38 18 29 HR 2961
07 45 15 -37 58 07 c Puppis
07 52 39 -38 51 46 b Puppis
07 52 13 -40 34 33 a Puppis
07 29 14 -43 18 05 Sigma Pup
08 03 35 -40 00 10 Naos
08 11 21 -39 37 07 NS Pup
08 14 03 -40 20 52 HR 3243
08 11 26 -42 59 14 HR 3226
08 37 39 -42 59 21 HR 3426
09 15 37 -38 34 12 HR 3682
09 11 41 -39 15 32 HR 3656
08 44 24 -42 38 57 HR 3477
09 00 05 -41 15 13 HR 3591
09 08 00 -43 25 57 Alsuhail
09 11 04 -44 52 04 GX Vel
09 30 42 -40 28 00 Psi Vel
10 14 44 -42 07 19 HR 4023
10 22 20 -41 39 00 HR 4080
15 25 20 -38 44 01 HR 5724
15 35 08 -41 10 00 Gamma Lup
15 38 03 -42 34 02 Omega Lup
15 59 30 -41 44 40 HR 5943
16 00 07 -38 23 48 Eta Lup
16 03 24 -38 36 09 HR 5967
16 34 05 -44 02 43 Mu Nor
16 52 20 -38 01 03 Mu 2 Sco
16 51 52 -38 02 51 Mu 1 Sco
16 54 00 -42 21 43 Zeta 1 Sco
16 54 35 -42 21 41 Zeta 2 Sco
17 12 09 -43 14 21 Eta Sco
17 36 33 -38 38 07 HR 6546
17 42 29 -39 01 49 Kappa Sco
17 47 35 -40 07 37 Iota 1 Sco
17 50 11 -40 05 26 Iota 2 Sco
17 37 19 -42 59 52 Sargas
17 37 19 -42 59 48 HIP 86228
17 57 48 -41 42 59 HR 6682
17 56 47 -44 20 32 HR 6675
18 33 30 -42 18 45 Theta CrA
18 06 50 -43 25 31 HR 6749
19 09 28 -37 54 16 Alfecca Meridiana
19 10 02 -39 20 27 Beta CrA
19 08 21 -40 29 49 Delta CrA
19 03 07 -42 05 42 Zeta CrA
19 23 53 -40 36 57 Rukbat
19 55 16 -41 52 06 Iota Sgr
19 22 38 -44 27 33 Beta 1 Sgr
19 23 13 -44 47 59 Arkab Posterior
20 03 33 -37 56 28 HR 7652
21 20 46 -40 48 34 Theta 1 Mic
22 06 07 -39 32 36 Lambda Gru
22 15 37 -41 20 48 Mu 1 Gru
22 29 16 -43 29 45 Delta 1 Gru
22 29 45 -43 44 57 Delta 2 Gru
22 43 30 -41 24 52 Rho Gru
23 06 53 -43 31 13 Theta Gru
23 06 53 -43 31 13 HIP 114131
23 32 58 -37 49 06 Beta Scl
23 35 05 -42 36 54 Iota Phe
00 09 25 -45 44 51 Epsilon Phe
00 41 20 -46 05 06 Mu Phe
00 31 25 -48 48 13 Lambda 1 Phe
01 06 05 -46 43 06 Beta Phe
01 15 11 -45 31 54 Nu Phe
01 53 39 -46 18 10 Psi Phe
01 57 10 -47 23 07 HR 574
01 31 15 -49 04 22 Delta Phe
01 55 57 -51 36 32 Chi Eri
02 26 59 -47 42 14 Kappa Eri
02 53 53 -49 53 23 R Hor
02 16 31 -51 30 44 Phi Eri
04 16 02 -51 29 12 Gamma Dor
05 47 17 -51 03 59 Beta Pic
07 13 13 -45 10 57 OU Pup
07 12 34 -46 45 33 HR 2740
06 56 16 -48 43 16 HR 2608
07 14 38 -48 16 19 HR 2762
06 49 56 -50 36 52 Tau Pup
07 03 54 -49 35 02 HR 2672
07 00 51 -51 24 09 HR 2652
07 49 14 -46 22 24 HR 3055
07 48 20 -47 04 40 HR 3046
07 53 18 -48 06 11 HR 3090
08 09 32 -47 20 12 Suhail al Muhlif
08 09 29 -47 20 43 Gamma 1 Vel
07 58 14 -49 14 42 V Pup
07 53 04 -49 36 46 HR 3089
08 40 38 -46 38 55 HR 3445
08 46 02 -46 02 29 HR 3487
08 49 48 -45 18 28 HR 3520
08 22 32 -48 29 25 HR 3294
08 41 13 -47 19 02 HR 3452
09 04 09 -47 05 52 HR 3614
09 36 50 -49 21 18 HR 3836
09 51 41 -46 32 51 HR 3912
16 06 29 -45 10 24 Delta Nor
16 27 11 -47 33 17 Epsilon Nor
17 35 40 -46 30 21 Sigma Ara
17 31 51 -49 52 34 Alpha Ara
17 40 24 -49 24 57 Lambda Ara
18 11 14 -45 57 16 Epsilon Tel
18 31 45 -45 54 53 Delta 1 Tel
18 26 58 -45 58 06 Alpha Tel
18 06 38 -50 05 29 Theta Ara
18 28 50 -49 04 14 Zeta Tel
19 35 13 -48 05 58 Iota Tel
20 49 29 -46 13 37 Zeta Ind
20 37 34 -47 17 29 Alpha Ind
20 44 02 -51 55 15 Eta Ind
22 08 14 -46 57 40 Alnair
22 42 40 -46 53 04 Beta Gru
23 10 22 -45 14 48 Iota Gru
22 48 33 -51 19 01 Epsilon Gru
23 37 51 -45 29 32 HR 8959
00 43 21 -57 27 47 Eta Phe
01 08 23 -55 14 45 Zeta Phe
01 37 43 -57 14 12 Achernar
04 34 00 -55 02 42 Alpha Dor
05 05 31 -57 28 22 Zeta Dor
05 49 50 -56 10 00 Gamma Pic
06 10 18 -54 58 07 Delta Pic
06 23 57 -52 41 43 Canopus
06 34 59 -52 58 32 HR 2435
06 49 51 -53 37 21 HR 2554
07 35 40 -52 32 02 HR 2934
07 56 47 -52 58 56 Chi Car
08 42 25 -53 06 50 HY Vel
08 40 18 -52 55 19 Omicron Vel
08 44 42 -54 42 32 Delta Vel
08 56 19 -52 43 25 HR 3574
08 56 19 -52 43 22 HIP 43878
18 58 28 -52 56 19 Lambda Tel
20 07 23 -52 52 51 Xi Tel
20 25 39 -56 44 07 Peacock
21 19 52 -53 26 58 Theta Ind
21 57 55 -54 59 33 Delta Ind
22 03 20 -56 47 10 Epsilon Ind
22 45 38 -53 30 00 Eta Gru
23 00 53 -52 45 15 Zeta Gru
04 43 35 -08 47 45 55 Eri
06 38 38 -48 13 18 SAO 218090
07 20 21 -52 18 32 HR 2814
11 18 11 +31 31 46 HD 98231
07 14 15 -26 21 09 EW CMa
07 13 32 -44 38 37 L Pup
02 01 58 +70 54 28 SAO 4554
05 28 15 -20 45 31 SAO 170457
05 41 17 +16 32 04 SAO 94759
11 03 45 +61 45 08 NSV 5071
11 18 12 +31 32 12 HR 4374
13 23 55 +54 55 17 SAO 28738
16 24 00 +61 30 41 NSV 7712
23 02 36 +42 45 27 SAO 52623
11 18 17 +31 33 13 HR 4375
17 59 07 -30 14 36 HR 6693
21 44 02 +28 45 31 HR 8309
