02 25 37 +50 16 43 65 And 6.5 .0 4.71
02 58 16 -40 18 17 ACAMAR -5.2 -.3 3.18
01 37 43 -57 14 12 ACHERNAR -1.7 -.5 .53
12 26 36 -63 05 57 ACRUX -1.9 -.2 1.27
08 58 29 +11 51 28 ACUBENS 3.4 -.5 4.25
06 58 38 -28 58 19 ADHARA -6.9 .5 1.52
22 08 14 -46 57 40 AL_NA'IR .5 .1 1.77
09 08 00 -43 25 57 AL_SUHAI -3.8 .3 2.18
19 30 43 +27 57 35 ALBIREO 4.2 .1 3.01
03 47 29 +24 06 18 ALCYONE 1.2 .3 2.85
04 35 55 +16 30 33 ALDEBARA 3.8 .2 .99
21 18 35 +62 35 08 ALDERAMI -2.2 .3 2.43
00 13 14 +15 11 01 ALGENIB 2.3 -.1 2.80
10 19 58 +19 50 30 Algieba 4.9 -.1 2.23
03 08 10 +40 57 20 ALGOL 2.0 .3 2.11
06 37 43 +16 23 59 ALHENA -3.7 -.4 2.02
12 54 02 +55 57 35 ALIOTH -3.3 .3 1.76
13 47 32 +49 18 48 ALKAID 5.9 -.2 1.86
02 03 54 +42 19 47 ALMAAK -.8 -.2 2.15
05 36 13 -01 12 07 ALNILAM -2.8 -.1 1.72
09 27 35 -08 39 31 ALPHARD 3.6 -.2 1.97
15 34 41 +26 42 53 ALPHECCA 4.5 -.4 2.22
18 35 12 +08 14 40 ALP SCT 6.3 -.2 3.84
19 55 19 +06 24 23 ALSHAIN -3.0 -.5 3.71
19 50 47 +08 52 07 ALTAIR .19 .4 .93
00 26 17 -42 18 23 ANKAA 1.4 .4 2.38
16 29 25 -26 25 56 ANTARES -7.4 .1 1.06
14 15 39 +19 10 49 ARCTURUS 5.7 .1 .16
05 32 44 -17 49 20 ARNEB -2.8 .2 2.56
08 22 31 -59 30 34 AVIOR -2.7 -.1 2.17
05 25 08 +06 20 59 BELLATRI -2.1 -.1 1.66
05 55 10 +07 24 25 BETELGEU 4.5 .4 .56
06 23 57 -52 41 43 CANOPUS 1.7 .3 -.62
05 16 41 +45 59 51 CAPELLA 5.9 .1 .24
00 09 11 +59 08 58 CAPH -.5 .5 2.26
07 34 36 +31 53 18 CASTOR -2.7 -.4 1.93
12 56 02 +38 19 06 COR_CARO -6.3 .4 2.86
05 07 51 -05 05 12 CURSA -.6 -.5 2.76
20 41 26 +45 16 49 DENEB -1.3 .2 3.44
11 49 03 +14 34 19 DENEBOLA 5.9 -.1 21.3
00 43 35 -17 59 12 DIPHDA 6.6 -.4 2.03
16 00 20 -22 37 18 DSCHUBBA .1 .4 2.29
11 03 44 +61 45 03 DUBHE -5.6 .5 4.94
05 26 18 +28 36 26 ELNATH -7.2 .2 1.68
17 56 36 +51 29 20 ELTANIN 5.42 -.1 2.20
21 44 11 +09 52 30 ENIF 2.5 .1 2.35
22 57 39 -29 37 21 FOMALHAU 2.0 -.3 1.23
12 31 10 -57 06 49 GACRUX -.4 -.4 1.65
20 46 13 +33 58 13 GIENAH -3.1 .2 2.46
16 05 26 -19 48 20 GRAFFIAS 3.4 -.3 2.61
14 03 49 -60 22 23 HADAR 5.8 .0 .58
02 07 10 +23 27 44 HAMAL 7.0 .1 2.00
02 43 18 +03 14 08 KAFFALJI -.0 .4 3.54
16 57 40 +09 22 30 KAP OPH .3 .1 3.13
20 39 08 +10 05 10 KAP DEL -2 .4 5.07
18 24 10 -34 23 05 KAUS_AUS 4.6 .1 1.81
14 50 42 +74 09 20 KOCHAB 4.4 -.1 2.04
22 52 37 -07 34 46 lAM AQR -1.8 .4 3.74
23 04 46 +15 12 19 MARKAB -4.9 -.2 2.46
12 15 26 +57 01 57 MEGREZ -5.8 .4 3.29
05 59 32 +44 56 51 MENKALIN -4.5 -.2 1.90
03 02 17 +04 05 23 MENKAR -3.5 -.2 2.52
14 06 41 -36 22 14 MENKENT -3.2 -.2 2.04
11 01 51 +56 22 57 MERAK -7.3 -.2 2.35
09 13 12 -69 43 01 MIAPLACI -7.3 .5 1.67
12 47 43 -59 41 20 MIMOSA 4.4 -.4 1.31
05 32 00 -00 17 57 MINTAKA 6 .5 2.41
01 09 44 +35 37 14 MIRACH -.3 -.4 2.06
03 24 19 +49 51 40 MIRPHAK 5.7 .1 1.81
06 22 42 -17 57 21 MIRZAM -.2 .3 1.96
13 23 56 +54 55 31 MIZAR -6.1 .2 2.22
15 01 57 +40 23 26 NEKKAR -3.8 -.1 3.47
05 28 15 -20 45 34 NIHAL -4.2 .3 2.81
18 55 16 -26 17 48 NUNKI -1.1 .4 2.07
20 25 39 -56 44 08 PEACOCK -.21 -.4 1.92
05 39 39 -34 04 27 PHACT -.9 -.1 2.62
11 53 50 +53 41 41 PHECDA -1.7 .2 2.40
02 31 30 +89 15 53 POLARIS 1.0 -.5 1.97
07 45 19 +28 01 35 POLLUX -1.3 .1 1.22
07 39 18 +05 13 26 PROCYON -.9 .0 .46
17 34 56 +12 33 35 RASALHAG 1.4 .3 2.09
10 08 22 +11 58 03 REGULUS 3.7 .2 1.41
05 14 32 -08 12 06 RIGEL 4.1 -.1 28
14 39 39 -60 50 01 RIGEL_KE 6.5 -.0 .12
01 25 49 +60 14 07 RUCHBAH 1.9 -.2 2.65
19 23 53 -40 36 58 RUKBAT -2.14 .2 3.95
17 10 23 -15 43 30 SABIK -4.4 .2 2.47
22 05 47 -00 19 11 SADALMEL .6 .5 2.93
21 31 34 -05 34 16 SADALSUU -6.9 .2 2.87
20 22 14 +40 15 24 SADR -4.5 .0 2.20
05 47 45 -09 40 11 SAIPH 5.9 -.4 2.06
17 37 19 -42 59 51 SARGAS 2.0 -.3 1.86
17 15 02 +24 50 20 SARIN -1.5 -.5 3.11
22 54 39 -15 49 15 SCHEAT -.0 .0 3.25
00 40 30 +56 32 14 SCHEDAR 7.0 .3 2.22
01 54 38 +20 48 28 SHARATAN 6.6 .5 2.64
17 33 37 -37 06 15 SHAULA -7.3 -.1 1.63
18 50 05 +33 21 46 SHELIAK 2.58 -.4 3.63
01 54 38 +20 48 28 SHERATAN -6.20 .4 2.64
06 45 09 -16 42 52 SIRIUS 1.6 -.2 1.09
13 25 12 -11 09 41 SPICA -6.5 -.1 1.05
09 08 00 -43 25 57 SUHAIL -3.8 .3 2.18
19 46 16 +10 36 48 TARAZED -6.3 -.3 2.68
14 04 23 +64 22 33 THUBAN 4.7 .1 3.64
15 44 16 +06 25 02 UNUKALHA .1 .4 2.61
18 36 56 +38 47 02 VEGA 5.9 .3 .09
13 02 11 +10 57 33 VINDEMIA -7.1 0.0 2.81
07 20 07 +21 58 57 WASAT 6.6 .2 3.52
07 08 23 -26 23 34 WEZEN 7.3 .5 1.83
03 58 02 -13 30 31 ZAURAK -3.3 .1 2.94
11 50 42 +01 45 52 ZAVIJAVA -1.1 -.1 3.59
11 14 07 +20 31 25 ZOSMA -6.8 -.2 2.53
14 50 53 -16 02 31 UBENELG -4.7 -.4 2.72
