00 29 54 +60 14 00 NGC 129 6.5 OC
00 42 42 +40 52 00 NGC 221 9.0 Gx M32
00 42 42 +41 16 00 NGC 224 4.4 Gx M31
01 19 06 +58 20 00 NGC 457 6.4 OC
01 46 00 +61 15 00 NGC 663 7.1 OC
01 48 24 +71 57 00 Cr 463 5.7 OC
01 57 48 +37 41 00 NGC 752 5.7 OC
02 15 00 +59 16 00 Stock 2 4.4 OC
02 19 00 +57 09 00 NGC 869 5.3 OC
02 22 24 +57 07 00 NGC 884 6.1 OC
02 37 18 +55 59 01 Tr 2 5.9 OC
02 42 42 -00 01 00 NGC1068 8.8 Gx M77
03 11 48 +63 15 00 Tr 3 7.0 OC
03 16 00 +60 02 00 Stock23 6.2 OC
03 22 00 +49 00 00 Mel 20 1.2 OC
03 31 36 +37 20 00 NGC1342 6.7 OC
03 46 54 +24 07 00 M45 1.2 OC
04 27 00 +16 00 01 Hyades 0.5 OC
04 46 00 +19 04 00 NGC1647 6.4 OC
05 10 42 +16 32 00 NGC1807 7.0 OC
05 12 06 +16 42 00 NGC1817 7.7 OC
05 28 42 +35 50 01 NGC1912 6.4 OC M38
05 36 06 +34 05 00 NGC1960 6.0 OC M36
05 35 24 -05 27 00 NGC1976 3.7 Nb M42
05 35 12 -04 26 00 NGC1981 4.2 OC
05 52 24 +32 33 00 NGC2099 5.6 OC M37
06 05 54 +24 20 00 NGC2168 5.1 OC M35
06 06 24 +13 57 00 NGC2169 5.9 OC
06 26 36 -04 45 00 NGC2232 3.9 OC
06 32 24 +04 52 00 NGC2244 4.8 OC
06 41 06 +09 53 00 NGC2264 3.9 OC
06 49 18 +41 04 01 NGC2281 5.4 OC
06 46 06 -20 46 00 NGC2287 4.5 OC M41
06 51 48 +00 28 01 NGC2301 6.0 OC
07 03 12 -08 20 00 NGC2323 5.9 OC M50
07 29 12 +20 55 00 NGC2392 9.2 PNb
08 10 42 -12 50 00 NGC2539 6.5 OC
08 13 48 -05 48 00 NGC2548 5.8 OC M48
08 40 06 +19 59 01 NGC2632 3.1 OC M44
08 50 24 +11 49 00 NGC2682 6.9 OC M67
09 55 36 +69 04 00 NGC3031 6.8 Gx M81
09 55 48 +69 41 00 NGC3034 8.4 Gx M82
10 24 48 -18 38 00 NGC3242 7.8 PNb
12 25 00 +26 00 00 Mel 111 1.8 OC
12 25 06 +12 53 00 NGC4374 10.1 Gx M84
12 26 12 +12 57 00 NGC4406 9.8 Gx M86
12 30 48 +12 24 00 NGC4486 8.6 Gx M87
12 40 00 -11 37 00 NGC4594 8.3 Gx M104
12 50 54 +41 07 00 NGC4736 8.1 Gx M94
12 56 42 +21 41 00 NGC4826 8.5 Gx M64
13 42 12 +28 23 00 NGC5272 5.9 GC M3
15 18 36 +02 05 00 NGC5904 5.7 GC M5
16 23 36 -26 32 00 NGC6121 5.8 GC M4
16 41 42 +36 28 00 NGC6205 5.7 GC M13
16 44 30 +23 49 00 NGC6210 8.8 PNb
16 47 12 -01 57 00 NGC6218 6.8 GC M12
16 57 06 -04 06 00 NGC6254 6.6 GC M10
17 01 12 -30 07 00 NGC6266 6.7 GC M62
17 17 06 +43 05 00 NGC6341 6.4 GC M92
17 40 06 -32 13 00 NGC6405 4.2 OC M6
17 46 18 +05 43 00 IC 4665 4.2 OC
17 53 54 -34 49 00 NGC6475 3.3 OC M7
18 03 24 -27 54 01 NGC6520 7.6 OC
18 03 48 -24 23 00 NGC6523 5.0 Nb M8
18 20 48 -16 11 00 NGC6618 6.0 OC M17
18 27 42 +06 34 00 NGC6633 4.6 OC
18 36 24 -23 54 00 NGC6656 5.1 GC M22
18 39 00 +05 27 00 IC 4756 4.6 OC
18 51 06 -06 16 00 NGC6705 5.8 OC M11
18 51 30 +10 21 00 NGC6709 6.7 OC
18 53 36 +33 02 00 NGC6720 8.8 PNb M57
19 25 24 +20 10 59 CR 399 3.6 OC
19 44 00 -14 09 00 NGC6818 9.3 PNb
19 44 48 +50 31 00 NGC6826 8.8 PNb
19 59 36 +22 43 00 NGC6853 7.3 PNb M27
20 23 06 +40 47 00 NGC6910 7.4 OC
20 34 12 +07 23 59 NGC6934 8.7 GC
20 34 36 +28 18 00 NGC6940 6.3 OC
21 04 12 -11 22 00 NGC7009 8.0 PNb
21 30 00 +12 10 00 NGC7078 6.0 GC M15
21 33 30 -00 49 00 NGC7089 6.4 GC M2
21 32 12 +48 26 00 NGC7092 4.6 OC M39
21 53 42 +62 36 00 NGC7160 6.1 OC
22 05 12 +46 30 00 NGC7209 7.7 OC
22 15 18 +49 53 00 NGC7243 6.4 OC
23 25 54 +42 33 00 NGC7662 8.3 PNb
23 57 00 +56 44 00 NGC7789 6.7 OC
00 49 06 +57 49 00 Eta Cassiopeia
01 53 30 +19 18 00 Gamma Aries
02 03 54 +42 20 00 Gamma Andromeda
03 08 12 +40 57 00 Beta Perseus(Algol)
05 35 18 -05 23 00 Trapezium
06 28 48 -07 02 00 Beta Monoceros
10 20 00 +19 51 00 Gamma Leo
13 23 54 +54 56 00 Zeta Ursa Major
16 05 24 -19 48 00 Beta Scorpius
18 44 18 +39 40 00 Epsilon Lyra
19 30 42 +27 58 00 Beta Cygnus
20 46 42 +16 07 00 Gamma Delphinus
22 29 12 +58 25 00 Delta Cepheus
