00 07 18 +32 35 00 NGC 7831 GALXY12.8
00 07 48 +35 21 00 NGC 5 GALXY13.3
00 08 00 +33 04 00 NGC 7836 GALXY13.7
00 08 18 +32 30 00 NGC 6 NONEX
00 08 42 +37 26 00 NGC 11 GALXY13.7
00 08 48 +33 25 00 NGC 13 GALXY13.2
00 09 24 +32 50 00 NGC 19 NONEX
00 09 36 +33 18 00 NGC 20 GALXY13.0
00 10 30 +29 00 00 NGC 27 GALXY13.4
00 10 42 +32 58 00 NGC 21 GALXY13.2
00 10 48 +33 21 00 NGC 29 GALXY12.7
00 12 18 +31 03 00 NGC 39 GALXY13.5
00 13 00 +30 54 00 NGC 43 GALXY12.6
00 13 06 +31 17 00 NGC 44 NONEX
00 14 00 +48 13 00 NGC 48 GALXY13.6
00 14 18 +48 14 00 NGC 49 GALXY13.7
00 14 30 +48 15 00 NGC 51 GALXY13.1
00 18 12 +30 03 00 NGC 67 GALXY14.2
00 18 18 +30 02 00 NGC 69 GALXY14.8
00 18 18 +30 04 00 NGC 68 GALXY12.9
00 18 24 +30 04 00 NGC 70 GALXY13.5
00 18 24 +30 03 00 NGC 71 GALXY13.2
00 18 30 +30 02 00 NGC 72 GALXY13.5
00 18 36 +30 02 00 NGC 72A GALXY14.7
00 18 54 +30 03 00 NGC 74 GALXY16.0
00 19 36 +29 56 00 NGC 76 GALXY13.0
00 21 00 +22 34 00 NGC 79 GALXY15.0
00 21 12 +22 22 00 NGC 81 GALXY
00 21 12 +22 21 00 NGC 80 GALXY12.1
00 21 24 +22 30 00 NGC 85A GALXY15.5
00 21 24 +22 30 00 NGC 85B GALXY15.5
00 21 24 +22 27 00 NGC 82 GALXY14.0
00 21 24 +22 25 00 NGC 83 GALXY12.5
00 21 30 +22 36 00 NGC 84 GALXY17.0
00 21 30 +22 33 00 NGC 86 GALXY15.0
00 21 48 +22 24 00 NGC 91 GALXY13.7
00 21 54 +22 25 00 NGC 90 1STAR
00 22 00 +22 25 00 NGC 93 GALXY13.3
00 22 12 +22 28 00 NGC 94 GALXY15.5
00 22 18 +22 33 00 NGC 96 GALXY17.0
00 22 24 +29 44 00 NGC 97 GALXY12.3
00 25 54 +29 13 00 NGC 108 GALXY12.1
00 26 12 +21 49 00 NGC 109 GALXY13.7
00 26 42 +31 43 00 NGC 112 GALXY13.5
00 31 18 +30 47 00 NGC 140 GALXY13.2
00 33 42 +30 43 00 NGC 149 GALXY13.7
00 35 24 +36 31 00 AND III GALXY13.5
00 36 00 +23 57 00 NGC 160 GALXY12.6
00 36 06 +23 58 00 NGC 162 GALXY
00 36 48 +23 59 00 NGC 169 GALXY
00 36 54 +23 59 00 NGC 169A GALXY
00 38 12 +29 28 00 NGC 181 GALXY
00 38 18 +29 30 00 NGC 183 GALXY12.7
00 38 30 +29 26 00 NGC 184 GALXY14.6
00 40 24 +41 41 00 NGC 205 GALXY08.1
00 40 36 +40 44 00 NGC 206 G+C+N
00 41 24 +25 30 00 NGC 214 GALXY12.3
00 41 48 +36 21 00 NGC 218 GALXY14.0
00 42 48 +23 30 00 NGC 228 GALXY13.7
00 42 48 +32 34 00 NGC 226 GALXY13.3
00 42 48 +40 52 00 NGC 221 GALXY08.1
00 42 48 +41 16 00 NGC 224 GALXY03.4
00 43 00 +23 29 00 NGC 229 GALXY14.5
00 43 24 +30 35 00 NGC 233 GALXY12.4
00 45 49 +38 00 00 AND I GALXY13.2
00 45 54 +29 56 00 NGC 243 GALXY13.6
00 48 00 +27 37 00 NGC 252 GALXY12.4
00 48 12 +27 38 00 NGC 258 GALXY15.0
00 48 30 +27 41 00 NGC 260 GALXY13.5
00 48 54 +31 58 00 NGC 262 GALXY13.1
00 51 24 +35 50 00 NGC 272 OPNCL
00 52 30 +24 20 00 NGC 280 GALXY13.2
00 56 06 +24 07 00 NGC 304 GALXY13.0
00 57 36 +43 47 00 NGC 317A GALXY
00 57 42 +43 47 00 NGC 317B GALXY
01 00 54 +47 41 00 IC 65 GALXY12.8
01 08 30 +39 42 00 NGC 389 GALXY13.8
01 08 42 +39 40 00 NGC 393 GALXY12.5
01 09 30 +35 43 00 NGC 404 GALXY10.3
01 13 00 +38 48 00 NGC 425 GALXY12.6
01 14 12 +33 44 00 NGC 431 GALXY12.9
01 19 00 +34 58 00 NGC 464 GALXY
01 21 18 +40 29 00 NGC 477 GALXY13.0
01 23 48 +33 49 00 NGC 513 GALXY12.9
01 24 00 +33 55 00 NGC 512 GALXY13.2
01 25 18 +34 02 00 NGC 523 GALXY12.7
01 25 30 +33 41 00 NGC 528 GALXY12.5
01 25 42 +34 44 00 NGC 529 GALXY12.1
01 26 18 +34 05 00 NGC 537 NONEX
01 26 18 +34 45 00 NGC 531 GALXY13.8
01 26 24 +34 43 00 NGC 536 GALXY12.4
01 26 30 +34 41 00 NGC 542 GALXY14.7
01 27 36 +37 11 00 NGC 551 GALXY12.7
01 28 12 +34 19 00 NGC 561 GALXY12.9
01 28 24 +48 23 00 NGC 562 GALXY13.3
01 30 54 +41 16 00 NGC 573 GALXY13.1
01 33 30 +35 41 00 NGC 591 GALXY12.9
01 33 36 +44 56 00 NGC 590 GALXY12.9
01 35 06 +41 16 00 NGC 605 GALXY12.9
01 37 00 +42 20 00 NGC 620 GALXY14.0
01 37 18 +50 28 00 PK130-11.1PLNNB14.3
01 42 24 +35 39 00 NGC 653 GALXY13.4
01 44 36 +37 42 00 NGC 662 GALXY12.9
01 46 24 +36 27 00 NGC 668 GALXY13.1
01 49 48 +35 46 00 NGC 679 GALXY12.3
01 50 36 +36 21 00 NGC 687 GALXY12.3
01 52 12 +36 04 00 NGC 700 GALXY14.4
01 52 42 +36 06 00 NGC 704 GALXY14.0
01 52 48 +36 08 00 NGC 705 GALXY13.6
01 52 48 +36 10 00 NGC 703 GALXY13.3
01 52 49 +36 09 00 Abell 262GALCL13.0
01 52 54 +36 09 00 NGC 708 GALXY12.7
01 52 54 +36 13 00 NGC 709 GALXY14.3
01 53 00 +36 02 00 NGC 710 GALXY13.7
01 53 12 +36 48 00 NGC 712 GALXY12.8
01 53 36 +36 12 00 NGC 714 GALXY13.1
01 54 00 +36 13 00 NGC 717 GALXY13.9
01 54 48 +39 22 00 NGC 721 GALXY13.5
01 54 54 +36 55 00 UGC 1385 GALXY13.4
01 56 30 +36 48 01 NGC 732 GALXY13.5
01 57 48 +35 54 00 NGC 753 GALXY12.3
01 57 48 +37 41 00 NGC 752 OPNCL05.7
01 57 54 +44 55 00 NGC 746 GALXY13.0
01 57 54 +36 20 00 NGC 759 GALXY12.7
02 03 24 +38 07 00 NGC 797 GALXY12.6
02 03 42 +38 15 00 NGC 801 GALXY13.1
02 06 54 +44 34 00 NGC 812 GALXY11.2
02 08 42 +38 46 00 NGC 818 GALXY12.5
02 10 06 +39 11 00 NGC 828 GALXY12.3
02 11 00 +37 40 00 NGC 834 GALXY13.1
02 11 18 +37 30 00 NGC 841 GALXY12.6
02 12 12 +44 40 00 NGC 847 NONEX
02 12 12 +44 34 00 NGC 846 GALXY12.1
02 12 18 +37 29 00 NGC 845 GALXY13.5
02 22 36 +42 21 00 NGC 891 GALXY09.9
02 23 18 +41 58 00 NGC 898 GALXY12.9
02 25 06 +41 48 00 Abell 347GALCL13.0
02 25 18 +42 06 00 NGC 906 GALXY12.9
02 25 24 +42 03 00 NGC 909 GALXY13.3
02 25 30 +41 50 00 NGC 910 GALXY12.2
02 25 48 +41 48 00 NGC 913 GALXY
02 25 48 +41 47 00 NGC 912 GALXY15.0
02 25 48 +41 59 00 NGC 911 GALXY12.7
02 26 06 +42 09 01 NGC 914 GALXY13.0
02 27 36 +41 59 00 NGC 923 GALXY13.7
02 27 48 +45 58 00 NGC 920 GALXY13.9
02 29 12 +45 56 00 NGC 933 GALXY13.8
02 29 30 +42 16 00 NGC 937 GALXY14.2
02 30 42 +42 15 00 NGC 946 GALXY13.2
02 32 24 +44 39 00 NGC 956 OPNCL08.9
02 33 42 +40 32 01 UGC 2034 GALXY13.1
02 35 24 +40 57 00 NGC 982 GALXY12.5
02 35 30 +40 54 00 NGC 980 GALXY13.0
02 36 30 +38 58 00 IC 239 GALXY11.1
02 38 30 +41 32 00 NGC 995 GALXY13.4
02 38 42 +41 39 00 NGC 996 GALXY13.0
02 38 48 +41 40 00 NGC 999 GALXY13.5
02 38 54 +41 27 00 NGC 1000 GALXY15.5
22 58 30 +35 48 00 NGC 7440 GALXY13.5
22 59 30 +39 06 00 NGC 7445 GALXY15.6
22 59 36 +39 04 00 NGC 7446 GALXY15.7
22 59 42 +39 08 00 NGC 7449 GALXY14.0
23 19 48 +42 51 00 NGC 7618 GALXY13.0
23 22 06 +40 51 00 NGC 7640 GALXY11.3
23 23 00 +46 54 00 PK107-13.1PLNNB13.9
23 24 42 +41 20 00 UGC 12588 GALXY13.2
23 25 54 +42 33 00 NGC 7662 PLNNB08.6
23 30 00 +41 00 00 UGC 12632 GALXY12.1
23 30 12 +49 08 00 NGC 7686 OPNCL05.6
23 34 48 +44 18 00 NGC 7707 GALXY13.4
23 37 48 +48 25 00 Av-Hunter OPNCL
23 39 06 +48 13 00 PK110-12.1PLNNB16.0
23 59 12 +46 53 00 MCG+08-01 GALXY12.0
23 59 54 +47 16 00 MCG+08-01 GALXY12.0
