18 39 36 -04 46 00 NGC 6682 OPNCL
18 42 30 -03 19 01 Do 34 OPNCL
18 42 48 -03 13 00 PK 29+ 0.1PLNNB13.5
18 43 06 -00 16 43 PK 31+ 1.1PLNNB
18 45 24 +02 01 00 PK 34+ 2.1PLNNB
18 45 48 +00 41 00 Berk 79 OPNCL
18 48 18 +01 43 00 PK 34+ 1.1PLNNB
18 48 36 +10 35 00 PK 42+ 5.1PLNNB
18 51 30 +10 21 00 NGC 6709 OPNCL06.7
18 51 42 +09 54 59 PK 41+ 4.1PLNNB
18 52 36 -01 56 00 LDN 582 DRKNB
18 53 00 +12 16 00 PK 44+ 5.1PLNNB
18 55 18 +00 37 00 Berk 80 OPNCL
18 56 18 +07 08 00 PK 39+ 2.1PLNNB14.8
18 56 36 +10 51 59 PK 43+ 3.1PLNNB14.1
18 57 00 +10 22 00 NGC 6724 NONEX
18 57 24 -09 01 00 NGC 6728 OPNCL
18 57 30 +01 04 00 LDN 617 DRKNB
18 58 06 +01 37 00 PK 35- 0.1BRTNB16.7
18 58 24 -01 04 00 PK 32- 2.1PLNNB13.0
19 00 36 -02 12 00 PK 32- 3.1PLNNB
19 00 48 -00 28 00 NGC 6735 OPNCL
19 01 24 +11 36 00 NGC 6738 OPNCL08.3
19 01 36 -05 26 00 B127,129-3DRKNB
19 01 36 -01 19 00 PK 32- 2.2PLNNB
19 02 00 +02 09 00 PK 36- 1.1PLNNB13.2
19 02 12 -01 49 00 PK 32- 3.2PLNNB
19 02 30 +00 30 00 Berk 81 OPNCL
19 02 36 -00 27 00 NGC 6741 PLNNB12.0
19 02 42 +14 28 00 PK 47+ 4.1PLNNB
19 03 48 +02 19 00 Sh2- 72 BRTNB
19 04 06 -04 28 00 B132,328 DRKNB
19 04 30 +17 58 00 PK 50+ 5.1PLNNB16.5
19 04 54 +00 21 00 PK 34- 2.1PLNNB
19 04 54 +15 48 00 PK 48+ 4.2PLNNB
19 05 06 +01 47 00 NGC 6749 GLOCL11.1
19 05 06 +01 53 00 Berk 42 OPNCL
19 05 54 -06 00 01 NGC 6751 PLNNB12.0
19 06 06 -06 50 00 B133 DRKNB
19 06 48 +06 24 00 PK 40- 0.1PLNNB16.9
19 06 54 -06 14 00 B134 DRKNB
19 07 24 -03 55 00 B135-6 DRKNB
19 07 36 +04 18 00 Czernik 39OPNCL
19 07 48 +04 14 00 NGC 6755 OPNCL07.5
19 08 42 +04 41 00 NGC 6756 OPNCL10.6
19 10 30 -02 21 00 PK 33- 5.1PLNNB15.4
19 11 12 +01 02 00 NGC 6760 GLOCL09.1
19 11 30 +13 04 00 Berk 82 OPNCL
19 12 06 +15 09 00 PK 48+ 2.1PLNNB
19 13 00 -03 32 00 PK 32- 6.1PLNNB18.7
19 13 06 +02 52 59 PK 37- 3.2PLNNB12.4
19 13 06 +15 46 59 PK 49+ 2.1PLNNB17.0
19 13 24 +03 25 00 PK 38- 3.1PLNNB
19 13 30 +07 27 00 PK 42- 1.1PLNNB
19 13 36 +04 38 00 PK 39- 2.1PLNNB13.0
19 13 36 +14 59 00 PK 48+ 1.1PLNNB14.3
19 13 36 -01 05 00 NGC 6785 NONEX
19 13 54 +03 38 00 PK 38- 3.2PLNNB14.0
19 14 18 +03 35 00 PK 38- 3.3PLNNB13.6
19 14 36 -02 42 00 NGC 6772 PLNNB14.0
19 14 42 +00 13 00 PK 35- 5.1PLNNB
19 15 00 +04 53 00 NGC 6773 NONEX
19 15 30 +14 03 59 PK 48+ 1.2PLNNB
19 15 36 +00 12 59 B137-8 DRKNB
19 15 42 -08 59 00 IC 4846 PLNNB12.0
19 15 42 +11 13 00 Berk 43 OPNCL
19 16 30 +05 13 00 PK 40- 3.1PLNNB
19 16 48 -00 55 00 NGC 6775 OPNCL
19 18 06 -01 28 01 B139 DRKNB
19 18 18 +01 47 00 PK 37- 5.1PLNNB14.7
19 18 30 +06 32 00 NGC 6781 PLNNB11.8
19 18 30 -01 36 00 NGC 6778 PLNNB13.3
19 18 42 -11 06 00 PK 26-11.1PLNNB13.3
19 19 24 +15 43 00 Berk 45 OPNCL
19 20 54 +11 16 00 LDN 673 DRKNB
19 21 00 +07 37 00 PK 43- 3.1PLNNB15.0
19 21 48 +12 26 00 LDN 684 DRKNB
19 21 54 -04 13 00 PK 32- 8.1PLNNB
19 22 30 +10 42 00 PK 45- 1.1PLNNB
19 22 54 +01 30 59 NGC 6790 PLNNB11.4
19 24 24 +09 54 00 PK 45- 2.1PLNNB12.7
19 24 48 +13 42 00 King 25 OPNCL
19 26 00 +03 31 00 NGC 6795 NONEX
19 26 42 +11 36 00 Do 35 OPNCL
19 27 06 -06 35 00 PK 31-10.1PLNNB12.4
19 27 48 +10 23 59 PK 46- 3.1PLNNB
19 28 12 +12 19 00 PK 48- 2.1PLNNB14.5
19 29 24 +14 52 00 King 26 OPNCL
19 30 18 +14 46 59 PK 50- 1.1PLNNB
19 31 18 +10 03 00 NGC 6803 PLNNB11.0
19 31 36 +09 13 00 NGC 6804 PLNNB12.4
19 32 36 +07 27 00 PK 44- 5.1PLNNB
19 33 18 +10 37 00 PK 47- 4.1PLNNB13.0
19 34 36 +05 41 00 NGC 6807 PLNNB13.8
19 36 48 +12 27 00 B334,336-7DRKNB
19 36 54 +07 34 00 B335 DRKNB
19 37 06 +13 41 00 PK 50- 3.1PLNNB
19 38 24 +00 20 00 Cr 401 OPNCL 7
19 39 12 +15 56 00 PK 52- 2.2PLNNB11.8
19 39 18 +16 21 00 PK 52- 2.1PLNNB
19 40 42 +10 57 00 B142-3 DRKNB
19 41 12 +14 57 00 PK 51- 3.1PLNNB13.7
19 42 00 +13 51 00 PK 51- 4.1PLNNB
19 42 18 +15 09 00 PK 52- 4.1PLNNB12.9
19 42 42 -10 17 01 NGC 6814 GALXY11.2
19 44 18 -06 49 00 NGC 6821 GALXY13.1
19 45 18 -08 02 01 Pal 11 GLOCL11.9
19 45 36 -05 35 00 PK 44- 9.1PLNNB15.3
19 49 36 +05 19 00 PK 44-10.1PLNNB
19 50 24 +07 54 59 NGC 6828 NONEX
19 53 30 +11 42 00 NGC 6837 OPNCL
19 55 18 +12 06 00 NGC 6840 OPNCL
19 56 06 +12 09 00 NGC 6843 OPNCL
19 58 24 +03 02 59 PK 43-13.1PLNNB15.3
20 00 36 +01 44 00 NGC 6852 PLNNB
20 03 06 +11 16 00 NGC 6858 NONEX
20 03 54 +00 26 00 NGC 6859 3STAR
20 05 06 -03 34 00 NGC 6863 8STAR
20 06 00 -09 02 00 NGC 6865 GALXY
20 21 36 -02 34 00 NGC 6900 GALXY14.0
20 22 18 +06 27 00 NGC 6901 GALXY13.7
20 23 18 +00 40 00 IC 1317 GALXY13.8
20 23 30 +06 27 00 NGC 6906 GALXY12.3
20 23 42 +06 27 00 IC 5006 GALXY12.0
20 27 42 -03 03 00 NGC 6915 GALXY
20 29 54 -02 11 00 NGC 6922 GALXY13.5
20 31 36 -07 05 00 PK 38-25.1PLNNB14.3
20 33 06 -02 01 00 NGC 6926 GALXY12.4
20 33 24 -02 02 00 NGC 6929 GALXY13.4
20 36 18 -04 38 00 NGC 6941 GLOCL13.5
