20 38 54 -05 01 00 NGC 6945 GALXY13.5
20 46 00 -11 06 00 NGC 6985 GALXY
20 46 48 -12 51 00 MCG -02-53GALXY13.9
20 47 06 +00 27 00 NGC 6959 GALXY13.7
20 47 12 +00 23 00 NGC 6961 GALXY13.7
20 47 24 +00 20 00 NGC 6962 GALXY12.1
20 47 24 +00 19 00 NGC 6964 GALXY13.0
20 47 24 +00 30 00 NGC 6965 GALXY14.0
20 47 24 +00 30 00 NGC 6963 2STAR15.0
20 47 24 +00 22 00 NGC 6966 2STAR
20 47 36 +00 25 00 NGC 6967 GALXY13.1
20 48 24 -08 20 00 NGC 6968 GALXY14.0
20 52 06 -05 53 00 NGC 6973 1STAR
20 52 18 -05 48 01 NGC 6975 GALXY15.0
20 52 24 -05 46 01 NGC 6976 GALXY14.0
20 52 30 -05 44 00 NGC 6977 GALXY13.2
20 52 36 -05 42 00 NGC 6978 GALXY13.3
20 52 48 -05 49 00 NGC 6980 1STAR
20 53 30 -12 32 00 NGC 6981 GLOCL09.4
20 59 00 -12 38 00 NGC 6994 OPNCL08.9
21 01 12 -00 11 00 NGC 7001 GALXY12.9
21 02 00 -12 53 01 NGC 7005 OPNCL
21 04 12 -11 22 00 NGC 7009 PLNNB08.3
21 04 42 -12 20 00 NGC 7010 GALXY14.0
21 16 30 -00 50 00 NGC 7047 GALXY13.4
21 19 48 -08 47 00 NGC 7051 GALXY14.0
21 26 42 -07 00 00 NGC 7065 GALXY15.0
21 26 54 -07 03 00 NGC 7065A GALXY13.1
21 28 06 -01 38 00 NGC 7069 GALXY13.4
21 29 54 +02 24 59 NGC 7077 GALXY13.1
21 30 06 -02 48 00 PK 50-36.1GALXY15.6
21 31 24 +02 30 00 NGC 7081 GALXY12.7
21 33 24 -00 23 00 NGC 7088 NONEX
21 33 30 -00 49 00 NGC 7089 GLOCL06.5
21 41 48 -06 43 00 NGC 7111 GALXY15.0
21 42 24 -06 47 00 NGC 7108 GALXY
21 44 24 -06 33 00 NGC 7120 GALXY15.0
21 44 54 -03 37 00 NGC 7121 GALXY14.0
21 56 36 +01 22 00 NGC 7164 GALXY14.2
21 59 30 -16 31 00 NGC 7165 GALXY14.0
22 00 30 -24 38 00 NGC 7167 GALXY12.5
22 01 00 -13 16 00 NGC 7171 GALXY12.2
22 01 24 -05 28 00 NGC 7170 GALXY
22 01 48 -01 58 00 NGC 7181 GALXY14.0
22 01 55 -02 12 00 NGC 7182 GALXY14.4
22 02 18 -20 33 00 NGC 7180 GALXY12.6
22 02 24 -18 56 00 NGC 7183 GALXY11.9
22 02 42 -20 49 00 NGC 7184 GALXY10.9
22 03 06 -20 28 01 NGC 7185 GALXY12.6
22 03 18 +00 33 59 NGC 7189 GALXY13.5
22 03 30 -20 20 00 NGC 7188 GALXY13.2
22 05 18 -00 39 00 NGC 7198 GALXY13.3
22 06 12 -08 07 00 NGC 7211 GALXY
22 08 36 +00 30 00 NGC 7215 GALXY13.9
22 10 12 -16 40 00 NGC 7218 GALXY12.0
22 11 00 +02 05 00 NGC 7222 GALXY13.8
22 11 30 -22 58 00 NGC 7220 GALXY13.5
22 14 18 -17 04 00 NGC 7230 GALXY14.0
22 14 54 -05 05 00 NGC 7239 GALXY
22 17 30 -15 32 00 NGC 7246 GALXY15.0
22 17 48 -23 43 00 NGC 7247 GALXY12.6
22 20 24 -15 46 00 NGC 7251 GALXY13.0
22 20 42 -24 41 00 NGC 7252 GALXY12.1
22 22 00 -21 44 00 NGC 7254 NONEX
22 22 12 -04 01 00 NGC 7257 NONEX
22 22 42 -21 44 00 NGC 7256 GALXY13.1
22 22 42 -04 07 00 NGC 7260 GALXY14.0
22 23 06 -15 32 00 NGC 7255 GALXY
22 24 06 -04 04 00 NGC 7266 GALXY15.0
22 25 48 -13 09 00 NGC 7269 GALXY14.0
22 28 18 -02 51 00 NGC 7288 GALXY14.5
22 28 36 -24 51 00 NGC 7284 GALXY11.9
22 28 42 -24 51 00 NGC 7285 GALXY11.9
22 28 48 -22 12 00 NGC 7287 GALXY15.0
22 29 36 -20 48 00 NGC 7293 PLNNB06.3
22 30 24 -17 34 00 NGC 7301 GALXY13.2
22 30 48 -14 11 00 NGC 7298 GALXY13.7
22 31 00 -14 00 00 NGC 7300 GALXY12.9
22 32 24 -14 07 00 NGC 7302 GALXY12.3
22 34 18 -10 21 00 NGC 7309 GALXY12.5
22 34 30 -12 56 00 NGC 7308 GALXY14.0
22 34 42 -22 29 00 NGC 7310 GALXY13.9
22 39 12 -22 41 00 NGC 7341 GALXY12.4
22 39 42 -04 10 00 NGC 7344 GALXY14.0
22 41 18 -04 27 00 NGC 7351 GALXY13.0
22 44 30 -00 07 00 NGC 7364 GALXY12.6
22 44 48 -23 41 00 NGC 7359 GALXY12.5
22 45 00 -19 59 00 NGC 7365 GALXY12.9
22 45 24 -22 45 00 NGC 7349 GALXY14.2
22 46 06 -11 00 00 NGC 7371 GALXY11.5
22 47 48 -22 19 00 NGC 7377 GALXY11.1
22 47 54 -11 49 00 NGC 7378 GALXY13.0
22 50 00 -19 43 00 NGC 7381 GALXY14.2
22 50 42 -01 31 00 NGC 7391 GALXY12.0
22 51 42 -05 33 00 NGC 7393 GALXY14.0
22 51 48 -20 36 00 NGC 7392 GALXY11.9
22 52 42 -09 16 00 NGC 7399 GALXY14.0
22 54 00 -06 36 00 NGC 7406 GALXY15.0
22 55 42 -05 30 00 NGC 7416 GALXY12.4
22 57 18 -10 57 01 NGC 7425 GALXY15.0
22 59 30 -07 04 00 NGC 7441 GALXY15.5
23 00 06 -12 48 00 NGC 7443 GALXY12.6
23 00 06 -12 50 00 NGC 7444 GALXY12.8
23 00 24 -10 32 00 NGC 7447 NONEX
23 00 54 -12 56 00 NGC 7450 GALXY13.0
23 01 24 -06 21 00 NGC 7453 3STAR
23 03 54 -22 55 00 NGC 7471 NONEX
23 05 48 -19 57 00 NGC 7481 NONEX
23 08 06 -05 58 00 NGC 7491 GALXY14.5
23 08 24 -15 37 00 NGC 7492 GLOCL11.5
23 08 54 -24 22 00 NGC 7494 GALXY15.0
23 09 48 -24 25 00 NGC 7498 GALXY15.0
23 10 48 -21 46 00 NGC 7502 2STAR
23 13 42 -23 48 00 NGC 7520 NONEX
23 13 48 -22 54 00 NGC 7522 NONEX
23 13 54 -09 12 00 NGC 7526 ASTER
23 16 18 -22 10 00 NGC 7573 GALXY14.0
23 17 12 -06 55 00 NGC 7596 GALXY
23 17 24 -04 44 01 NGC 7576 GALXY12.9
23 18 00 -04 39 00 NGC 7585 GALXY11.4
23 18 24 -04 25 00 NGC 7592 GALXY14.0
23 18 54 -07 35 00 NGC 7600 GALXY11.9
23 19 06 -08 29 00 NGC 7606 GALXY10.8
23 24 00 -11 52 00 NGC 7646 GALXY
23 24 30 -19 05 00 NGC 7656 GALXY13.3
23 26 42 -04 56 00 NGC 7663 GALXY
23 27 12 -09 24 00 NGC 7665 GALXY13.0
23 27 24 -04 11 00 NGC 7666 NONEX
23 32 48 -05 36 00 NGC 7692 GALXY15.0
23 35 24 -16 42 00 NGC 7709 GALXY13.0
23 37 42 -15 07 00 NGC 7717 GALXY13.0
23 38 00 -22 58 00 NGC 7719 GALXY
23 38 48 -06 31 00 NGC 7721 GALXY11.6
23 38 54 -12 58 00 NGC 7723 GALXY11.2
23 39 06 -12 14 00 NGC 7724 GALXY13.0
23 39 18 -04 33 00 NGC 7725 GALXY14.5
23 39 54 -12 18 00 NGC 7727 GALXY10.6
23 41 24 -20 14 00 NGC 7730 NONEX
23 42 24 -19 27 00 NGC 7736 GALXY12.9
23 43 04 -15 17 00 Ced 211 BRTNB
23 48 54 -16 32 00 NGC 7759 GALXY14.0
23 48 54 -22 03 00 NGC 7758 GALXY14.4
23 49 12 -16 35 00 NGC 7754 GALXY15.0
23 50 18 -16 37 00 NGC 7763 GALXY
23 51 24 -13 23 00 NGC 7761 GALXY14.0
23 52 42 -13 23 00 NGC 7776 NONEX
