09 24 37 +49 21 00 A 1 12.2m NGC 2857
16 16 18 +47 02 00 A 2 13.2m UGC 10310
22 36 34 -02 54 00 A 3 13.4m MCG-01-57-016
01 48 25 -12 22 00 A 4 13.7m MCG-02-05-50 +A
11 24 24 +03 19 00 A 5 12.8m NGC 3664
08 13 14 +45 59 00 A 6 12.3m NGC 2537
08 50 17 -16 34 00 A 7 14.5m MCG-03-23-009
01 22 23 -00 52 00 A 8 13.0m NGC 0497
08 14 59 +73 34 00 A 9 11.9m NGC 2523
02 18 26 +05 39 00 A 10 13.8m UGC 01775
01 09 23 +14 20 00 A 11 14.4m UGC 00717
08 35 17 +28 28 00 A 12 12.2m NGC 2608
23 00 02 +15 59 00 A 13 11.6m NGC 7448
22 35 45 -26 03 00 A 14 10.9m NGC 7314
22 51 39 -05 33 00 A 15 12.6m NGC 7393
11 20 14 +12 59 00 A 16 8.9 m MESSIER 66
07 44 32 +73 49 00 A 17 14.7m UGC 03972
12 05 35 +50 32 00 A 18 10.5m NGC 4088
00 31 45 -05 09 00 A 19 13.2m NGC 0145
04 19 53 +02 05 00 A 20 14.4m UGC 03014
11 04 58 +30 01 00 A 21 14.7m CGCG 155-056
11 59 30 -19 15 00 A 22 11.2m NGC 4027
12 41 32 +41 09 00 A 23 10.8m NGC 4618
10 54 36 +56 59 00 A 24 12.6m NGC 3445
07 27 14 +85 45 01 A 25 11.4m NGC 2276
14 03 12 +54 21 00 A 26 7.9 m MESSIER 101
11 21 03 +53 10 00 A 27 10.4m NGC 3631
23 28 27 +22 25 00 A 28 11.8m NGC 7678
20 34 52 +60 09 00 A 29 8.8 m NGC 6946
17 22 42 +62 10 00 A 30 12.2m NGC 6365
01 51 08 +21 54 00 A 31 13.6m IC 0167
17 13 07 +59 19 00 A 32 14.4m UGC 10770A
13 37 24 +06 25 00 A 33 15.0m UGC 08613
12 41 37 +26 04 00 A 34 13.1m NGC 4615
00 22 23 -01 18 00 A 35 15.0m UGC 00212
13 34 14 +31 25 00 A 36 15.0m UGC 08548
02 42 40 -00 01 00 A 37 8.9 m MESSIER 77
17 29 36 +75 42 00 A 38 11.7m NGC 6412
03 29 42 -22 16 00 A 39 13.0m NGC 1347
13 29 20 +37 24 00 A 40 15.0m IC 4271
03 09 45 -20 34 00 A 41 10.1m NGC 1232
15 02 42 +23 19 00 A 42 13.3m NGC 5829
10 24 15 +16 44 00 A 43 13.2m IC 0607
10 25 32 -02 13 00 A 44 14.1m IC 0609
14 19 28 +51 55 00 A 45 15.4m UGC 09178
23 33 41 +30 02 00 A 46 15.0m UGC 12665
14 47 12 +18 51 00 A 47 15.0m ARP 047
01 19 56 +12 20 00 A 48 15.7m CGCG 436-026
14 32 25 +08 04 00 A 49 12.0m NGC 5665
23 57 58 -14 01 00 A 50 14.0m IC 1520
00 06 16 -13 26 00 A 51 15.0m MGC-02-01-24
05 19 44 +03 43 01 A 52 15.6m CGCG 421-027
10 35 17 -17 16 00 A 53 14.4m NGC 3290
02 24 01 -04 41 00 A 54 15.0m MCG-01-07-007
09 15 55 +44 19 00 A 55 14.9m UGC 04881
01 57 25 +17 13 00 A 56 14.6m UGC 01432
13 16 40 +14 25 00 A 57 14.8m CGCG 101-019
08 31 58 +19 12 00 A 58 14.2m UGC 04457
01 00 45 -09 11 00 A 59 14.5m NGC 0341A
13 14 47 +26 05 00 A 60 16.3m ARP 060
04 36 42 -02 17 00 A 61 15.1m UGC 03104
11 53 35 +43 27 00 A 62 14.7m UGC 06865
09 39 16 +32 18 00 A 63 14.0m NGC 2944
14 45 25 +19 27 00 A 64 15.0m UGC 09503
00 21 51 +22 24 00 A 65 13.7m NGC 0091
16 26 52 +51 33 00 A 66 14.6m UGC 10396
01 21 16 -00 32 00 A 67 14.0m UGC 00892
23 48 45 +04 10 00 A 68 12.7m NGC 7757
14 20 26 +35 11 00 A 69 13.6m NGC 5579
01 23 28 +30 47 00 A 70 15.0m UGC 00934
16 05 07 +17 45 00 A 71 13.9m NGC 6045
15 46 58 +17 53 00 A 72 12.8m NGC 5996
16 35 08 +46 12 00 A 73 13.5m IC 1222
02 08 21 +41 28 00 A 74 14.1m UGC 01626
01 51 18 -04 03 00 A 75 11.9m NGC 0702
12 36 49 +13 09 00 A 76 9.5 m MESSIER 90
02 46 19 -30 16 00 A 77 9.2 m NGC 1097
01 59 20 +19 00 00 A 78 10.3m NGC 0772
14 10 07 +17 36 00 A 79 13.9m NGC 5490C
08 48 06 +74 05 00 A 80 12.2m NGC 2633
18 12 54 +68 21 00 A 81 12.8m NGC 6621
08 11 13 +25 12 00 A 82 12.8m NGC 2535
11 40 13 +15 20 00 A 83 12.7m NGC 3800
13 58 38 +37 25 00 A 84 11.4m NGC 5395
13 29 52 +47 11 00 A 85 8.4 m MESSIER 51A
23 47 04 +29 29 00 A 86 12.0m NGC 7753
11 40 44 +22 26 00 A 87 11.5m NGC 3808A
01 19 05 +12 28 00 A 88 VV 445
08 42 40 +14 17 00 A 89 12.7m NGC 2648
15 26 07 +41 40 00 A 90 12.2m NGC 5930
15 34 32 +15 11 00 A 91 12.1m NGC 5953
23 18 56 +00 14 00 A 92 13.2m NGC 7603
22 28 36 -24 50 00 A 93 11.9m NGC 7284
10 23 30 +19 51 01 A 94 10.3m NGC 3227
14 35 01 +26 32 00 A 95 15.2m IC 4461
07 03 01 +86 36 01 A 96 14.8m UGC 03528A
12 05 45 +31 03 00 A 97 15.6m UGC 07085A
01 32 16 +32 05 00 A 98 15.0m UGC 01095
23 15 16 +18 57 00 A 99 12.2m NGC 7550
00 28 38 -11 34 00 A100 15.0m IC 0018
16 04 31 +14 49 00 A101 14.7m UGC 10169
17 19 21 +49 02 00 A102 14.9m UGC 10814B
16 49 33 +45 29 00 A103 14.6m UGC 10586
13 32 10 +62 46 00 A104 12.3m NGC 5218
11 11 13 +28 41 00 A105 15.0m NGC 3561
12 15 35 +28 10 00 A106 13.6m NGC 4211
10 52 22 +30 05 00 A107 14.6m UGC 05984
03 03 07 -22 12 00 A108 14.0m ESO 547-G003
15 47 50 +69 28 00 A109 15.0m UGC 10053
22 54 08 -15 14 00 A110 15.9m MCG-03-58-011
14 01 40 +33 49 00 A111 13.4m NGC 5421
00 01 26 +31 26 00 A112 13.3m NGC 7805
00 18 22 +30 04 00 A113 14.5m NGC 0070
07 32 20 +85 42 01 A114 12.1m NGC 2300
11 43 02 +26 16 00 A115 15.5m UGC 06678A
12 43 39 +11 33 00 A116 8.8 m MESSIER 60
14 10 04 +17 43 59 A117 14.3m IC 0983
02 55 11 -00 10 00 A118 12.9m NGC 1144
01 19 24 +12 26 00 A119 14.7m UGC 00849
12 27 45 +13 00 00 A120 10.1m NGC 4438
00 59 23 -04 48 00 A121 14.5m MCG-01-03-051
16 04 26 +17 45 00 A122 13.6m NGC 6040A
05 22 32 -11 29 00 A123 12.0m NGC 1888
17 18 40 +60 36 00 A124 13.1m NGC 6361
16 38 13 +41 55 00 A125 13.6m UGC 10491
01 58 05 +03 05 00 A126 13.9m UGC 01449
00 38 59 -09 00 00 A127 12.5m NGC 0191
01 17 24 +14 41 00 A128 15.4m UGC 00827
09 39 24 +32 21 00 A129 14.0m UGC 05146
00 02 37 +16 38 00 A130 15.3m IC 5378
02 47 19 -14 48 00 A131 14.5m MCG-03-08-25
11 19 21 -03 05 00 A132 15.5m CGCG 011-053
01 25 44 -01 22 00 A133 12.1m NGC 0541
12 29 46 +07 59 00 A134 8.4 m MESSIER 49
02 40 24 +39 03 00 A135 9.3 m NGC 1023
14 58 39 +53 53 00 A136 12.5m NGC 5820
09 34 02 +10 06 00 A137 13.2m NGC 2914
11 58 42 +25 02 00 A138 14.0m NGC 4015
13 07 24 +26 42 00 A139 15.8m MCG+05-31-135
00 51 04 -07 03 00 A140 12.5m NGC 0275
07 14 20 +73 28 00 A141 12.5m UGC 03730
09 37 44 +02 45 00 A142 13.5m NGC 2936
07 46 53 +39 01 00 A143 13.2m NGC 2444
00 06 27 -13 24 00 A144 14.4m NGC 7828
02 23 08 +41 22 00 A145 13.8m ARP 145
00 06 44 -06 38 00 A146 0 ARP 146
03 11 18 +01 18 00 A147 15.0m IC 0298
11 04 00 +40 50 00 A148 15.4m MCG+07-23-019
12 39 42 +16 35 00 A149 16.0m IC 0803A
23 19 29 +09 30 00 A150 14.1m NGC 7609
11 25 36 +54 22 00 A151 16.8m MRK 0040
12 30 49 +12 23 00 A152 8.6 m MESSIER 87
13 25 27 -43 01 00 A153 6.8 m NGC 5128
03 22 41 -37 11 59 A154 8.2 m NGC 1316
11 23 38 +53 50 00 A155 12.5m NGC 3656
10 42 38 +77 29 00 A156 15.0m UGC 05814
01 24 35 +03 47 00 A157 11.5m NGC 0520
01 25 19 +34 01 00 A158 13.5m NGC 0523
12 51 45 +25 46 00 A159 12.4m NGC 4747
12 14 10 +54 31 00 A160 12.5m NGC 4194
11 42 12 +00 20 00 A161 14.7m UGC 06665
10 51 16 +27 58 00 A162 10.8m NGC 3414
12 45 17 +27 07 00 A163 12.7m NGC 4670
01 15 57 +05 10 00 A164 12.6m NGC 0455
07 36 37 +17 53 00 A165 12.2m NGC 2418
01 57 32 +33 12 00 A166 12.9m NGC 0750
08 49 22 +19 04 01 A167 11.6m NGC 2672
00 42 41 +40 51 00 A168 9.0 m MESSIER 32
22 14 45 +13 50 00 A169 13.0m NGC 7236
23 17 11 +18 42 00 A170 13.8m NGC 7578A
14 40 43 +03 26 59 A171 12.9m NGC 5718
16 05 33 +17 36 00 A172 15.2m IC 1178
14 51 26 +09 19 00 A173 14.9m UGC 09561
09 58 40 +28 52 01 A174 14.3m NGC 3068
12 32 52 +11 24 00 A175 13.3m IC 3481
13 03 54 -11 30 00 A176 11.7m NGC 4933A
14 55 48 +24 35 00 A177 17.3m MCG+04-35-017
14 24 07 +34 51 00 A178 11.7m NGC 5614
03 01 40 -04 40 00 A179 16.6m NPM1G -04.0134
04 53 22 -04 48 00 A180 14.8m MCG-01-13-034
10 28 41 +79 48 00 A181 13.0m NGC 3215
23 27 56 +08 46 00 A182 13.2m NGC 7674
13 34 55 +31 23 00 A183 14.6m UGC 08560
05 42 04 +69 22 00 A184 11.0m NGC 1961
16 32 40 +78 11 00 A185 11.2m NGC 6217
04 33 59 -08 34 00 A186 13.6m NGC 1614
05 04 53 -10 14 00 A187 15.0m MCG-02-13-040A
16 06 03 +55 25 00 A188 14.4m UGC 10214
12 43 42 +16 23 00 A189 10.8m NGC 4651
02 50 19 +12 53 00 A190 15.2m UGC 02320
11 07 19 +18 25 00 A191 14.6m UGC 06175
10 36 59 +18 08 00 A192 14.3m NGC 3303
13 20 35 +34 08 00 A193 14.4m IC 0883
11 57 52 +36 23 00 A194 14.9m UGC 06945
08 53 50 +35 08 00 A195 14.5m UGC 04653
13 14 37 +26 07 00 A196 16.0m ARP 196
11 31 00 +20 28 00 A197 14.6m IC 0701
10 59 45 +17 38 00 A198 15.3m UGC 06073
14 17 02 +36 34 00 A199 13.4m NGC 5544
02 53 41 +13 00 00 A200 12.1m NGC 1134
00 23 37 -00 30 00 A201 16.0m UGC 00224
09 00 15 +35 43 00 A202 13.1m NGC 2719
11 31 09 +28 34 00 A203 13.9m NGC 3712
13 22 49 +84 30 00 A204 16.0m UGC 08454
10 54 39 +54 18 00 A205 12.0m NGC 3448
10 52 31 +36 37 00 A206 11.3m NGC 3432
09 31 06 +76 27 00 A207 15.4m UGC 05050
16 51 02 +47 13 00 A208 14.8m MCG+08-31-010
16 05 12 +20 32 00 A209 13.0m NGC 6052
04 30 49 +64 50 00 A210 11.0m NGC 1569
12 37 19 +38 43 00 A211 16.0m MCG+07-26-034
23 20 30 +17 13 00 A212 12.1m NGC 7625
04 07 47 +69 48 00 A213 10.5m IC 0356
11 32 35 +53 03 01 A214 10.7m NGC 3718
09 14 05 +40 06 00 A215 11.7m NGC 2782
23 28 46 +03 30 00 A216 12.9m NGC 7679
10 38 47 +53 30 00 A217 10.8m NGC 3310
15 53 32 +18 35 59 A218 15.4m CGCG 107-052
03 39 51 -02 05 59 A219 14.9m UGC 02812
15 34 57 +23 30 00 A220 13.1m IC 4553
09 36 27 -11 19 00 A221 14.0m MCG-02-25-006
23 39 54 -12 17 00 A222 10.6m NGC 7727
23 18 02 -04 38 00 A223 11.4m NGC 7585
11 51 06 +55 04 00 A224 12.4m NGC 3921
08 55 38 +78 13 01 A225 10.1m NGC 2655
22 20 44 -24 40 00 A226 11.4m NGC 7252
01 20 06 +03 25 00 A227 11.5m NGC 0474
01 48 53 +10 31 00 A228 13.7m IC 0162
01 23 40 +33 16 00 A229 13.5m NGC 0508
00 46 24 -13 26 00 A230 13.0m IC 0051
00 43 33 -04 07 00 A231 14.5m IC 1575
09 33 46 +10 09 01 A232 11.5m NGC 2911
10 32 32 +54 24 00 A233 13.4m UGC 05720
11 35 48 +54 31 00 A234 11.9m NGC 3738
00 08 46 +15 48 00 A235 12.7m NGC 0014
01 07 47 -17 30 00 A236 14.3m IC 1623A
09 27 43 +12 17 00 A237 15.3m UGC 05044
13 15 29 +62 07 00 A238 15.0m UGC 08335
13 41 39 +55 39 59 A239 12.7m NGC 5278
13 39 53 +00 50 00 A240 12.9m NGC 5257
14 37 50 +30 28 00 A241 15.0m UGC 09425
12 46 10 +30 43 00 A242 13.0m NGC 4676A
08 38 23 +25 45 00 A243 13.4m NGC 2623
12 01 53 -18 53 00 A244 10.3m NGC 4039
09 45 42 -14 18 59 A245 12.2m NGC 2992
00 06 53 +08 20 00 A246 14.3m NGC 7838
08 23 33 +21 20 00 A247 14.7m UGC 04383
11 46 44 -03 50 00 A248 14.1m MCG-01-30-33
00 00 19 +22 59 00 A249 16.2m UGC 12891
07 35 59 +35 22 00 A250 15.0m IRASF07327+3529
00 53 46 -13 51 00 A251 15.5m VV 674
09 44 58 -19 43 00 A252 15.3m ESO 566-IG007
09 43 30 -05 16 00 A253 14.3m UGCA 174
15 21 32 -07 22 00 A254 14.5m NGC 5917
09 53 08 +07 52 00 A255 14.3m UGC 05304
00 18 50 -10 21 00 A256 13.6m MCG-02-01-52
08 51 38 -02 21 00 A257 15.0m UGC 04638
02 39 04 +18 23 00 A258 14.6m Hickson 18D
05 01 37 -04 15 00 A259 13.3m NGC 1741
12 13 38 +16 07 00 A260 14.8m UGC 07230
14 49 30 -10 10 00 A261 13.4m MCG-02-38-016
23 56 44 +16 48 00 A262 13.2m UGC 12856
10 25 05 +17 09 00 A263 11.4m NGC 3239
10 03 57 +40 45 00 A264 13.1m NGC 3104
12 53 53 +36 05 00 A265 16.0m IC 3862
12 59 01 +34 51 00 A266 12.3m NGC 4861
10 36 42 +31 32 00 A267 14.7m UGC 05764
08 19 06 +70 42 00 A268 10.7m Holmberg II
12 30 36 +41 38 00 A269 9.8 m NGC 4490
11 21 02 +53 10 00 A270 10.4m NGC 3631
14 03 25 -06 01 00 A271 11.4m NGC 5427
16 05 30 +17 46 00 A272 15.2m NGC 6054
02 21 28 +39 22 00 A273 13.7m UGC 01810
14 35 05 +05 20 00 A274 13.0m NGC 5679
09 25 54 -11 59 00 A275 13.3m NGC 2881
02 28 10 +19 35 00 A276 12.9m NGC 0935
12 54 51 +02 38 00 A277 13.0m NGC 4810
22 19 26 +29 23 00 A278 13.6m NGC 7253A
03 14 09 -02 49 00 A279 11.7m NGC 1253
11 37 44 +47 53 00 A280 11.8m NGC 3769
12 42 05 +32 32 00 A281 9.3 m NGC 4631
00 36 52 +23 59 00 A282 12.4m NGC 0169
09 17 22 +41 59 00 A283 12.3m NGC 2798
23 36 14 +02 09 00 A284 12.5m NGC 7714
09 24 02 +49 12 00 A285 13.0m NGC 2854
14 20 20 +03 55 00 A286 10.5m NGC 5566
09 02 38 +25 56 00 A287 13.3m NGC 2735
13 34 56 +13 49 00 A288 13.0m NGC 5221
11 56 07 -19 53 00 A289 11.0m NGC 3981
02 03 50 +14 44 00 A290 14.2m IC 0196
10 42 48 +13 27 00 A291 13.7m UGC 05832
09 54 33 -06 51 00 A292 13.2m IC 0575
16 58 31 +58 56 00 A293 13.3m NGC 6286
11 39 42 +31 54 00 A294 12.3m NGC 3786
23 41 47 -03 40 00 A295 14.5m MCG-01-60-021
11 28 49 +58 35 00 A296 15.7m MCG+10-17-5
14 45 19 +38 43 00 A297 13.1m NGC 5754
23 03 15 +08 52 00 A298 12.3m NGC 7469
11 28 37 +58 33 00 A299 11.3m IC 0694
11 28 33 +58 33 00 A299 11.5m NGC 3690
09 28 02 +68 25 00 A300 13.4m UGC 05029
11 09 51 +24 15 00 A301 14.5m UGC 06204
14 57 01 +24 37 00 A302 14.6m UGC 09618
09 46 21 +03 04 00 A303 14.1m IC 0564
03 11 14 -08 55 00 A304 12.0m NGC 1241
11 58 45 +27 27 00 A305 12.2m NGC 4017
01 32 41 +04 38 00 A306 14.5m UGC 01105
09 25 42 +11 25 00 A307 11.9m NGC 2872
01 25 59 -01 20 00 A308 12.2m NGC 0545
02 29 10 -10 50 00 A309 11.2m NGC 0942
17 27 26 +58 30 00 A310 15.0m IC 1259
17 27 17 +58 29 00 A311 14.4m IC 1258
16 49 48 +46 43 00 A312 14.1m MCG+08-31-004
11 57 44 +32 17 00 A313 12.4m NGC 3995
22 58 01 -03 46 00 A314 13.7m MCG-01-58-009
09 19 46 +33 44 00 A315 11.9m NGC 2832
10 18 25 +21 53 00 A316 10.9m NGC 3193
11 18 55 +13 05 00 A317 9.3 m MESSIER 65
02 09 24 -10 08 00 A318 12.1m NGC 0835
22 36 04 +33 56 00 A319 12.6m NGC 7320
11 37 53 +21 58 00 A320 13.6m NGC 3753
09 38 53 -04 51 00 A321 13.8m MCG-01-25-009
11 32 40 +52 57 00 A322 15.0m UGC 06527
23 54 10 +00 22 00 A323 13.0m NGC 7783
16 02 17 +15 58 00 A324 14.2m UGC 10143A
22 06 24 -21 04 00 A325 16.1m ESO 601- G 018
13 37 18 +06 28 00 A326 15.4m UGC 08610
05 21 45 +06 41 00 A327 13.6m NGC 1875
14 47 56 +19 01 00 A328 15.8m UGC 09532
11 32 06 +70 48 00 A329 15.9m UGC 06514
16 49 07 +53 24 59 A330 I Zw 167
01 07 24 +32 24 00 A331 11.9m NGC 0383
03 08 11 -22 55 00 A332 13.2m NGC 1228
02 39 12 +10 50 00 A333 12.1m NGC 1024
13 30 25 +31 36 59 A334 13.6m UGC 08498
11 04 23 +04 49 00 A335 12.7m NGC 3509
08 55 35 +58 44 01 A336 11.2m NGC 2685
09 55 51 +69 40 00 A337 8.4 m MESSIER 82
10 10 59 -07 54 00 A338 0 Arp 338
