13 36 30 +07 22 00 NGC 5239 GALXY12.8
13 37 24 +08 53 00 NGC 5248 GALXY10.3
13 37 24 +07 39 00 UGC 8614 GALXY12.7
13 37 30 +27 25 00 NGC 5251 GALXY13.8
13 37 36 +15 58 00 NGC 5249 GALXY12.9
13 46 54 +16 16 59 NGC 5293 GALXY13.1
13 52 06 +16 59 00 NGC 5332 GALXY12.9
13 55 24 +17 47 00 UGC 8839 GALXY13.1
14 01 06 +07 42 59 NGC 5405 GALXY13.4
14 01 42 +09 30 00 NGC 5409 GALXY13.3
14 01 54 +08 57 00 NGC 5411 GALXY13.3
14 02 00 +09 57 00 NGC 5414 GALXY13.8
14 02 06 +08 03 00 NGC 5417 GALXY13.0
14 02 06 +09 27 00 NGC 5416 GALXY13.3
14 02 12 +07 42 00 NGC 5418 GALXY13.4
14 02 42 +09 21 00 NGC 5423 GALXY12.8
14 02 48 +09 20 00 NGC 5469 GALXY15.5
14 02 54 +09 26 00 NGC 5424 GALXY13.1
14 03 00 +09 23 00 NGC 5431 GALXY13.8
14 03 18 +09 27 00 NGC 5434A GALXY14.3
14 03 24 +09 29 00 NGC 5434B GALXY14.7
14 03 36 +09 35 00 NGC 5436 GALXY13.9
14 03 42 +09 37 00 NGC 5438 GALXY14.7
14 03 42 +09 31 00 NGC 5437 GALXY15.1
14 04 42 +14 23 00 NGC 5454 GALXY12.7
14 04 54 +11 53 00 NGC 5456 GALXY12.9
14 04 54 +13 08 00 NGC 5459 GALXY13.1
14 04 54 +08 49 00 UGC 8995 GALXY13.4
14 05 06 +09 37 00 NGC 5446 GALXY
14 05 30 +28 32 00 NGC 5466 GLOCL09.1
14 06 06 +09 22 00 NGC 5463A GALXY14.0
14 06 06 +09 22 00 NGC 5463B GALXY14.1
14 08 24 +08 56 00 NGC 5482 GALXY12.9
14 09 42 +08 05 00 NGC 5487 GALXY14.6
14 09 54 +17 34 59 NGC 5490A GALXY
14 10 00 +17 32 59 NGC 5490 GALXY12.1
14 10 00 +17 32 59 NGC 5490B GALXY
14 10 06 +17 37 00 NGC 5490C GALXY13.9
14 10 12 +48 33 00 NGC 5500 GALXY13.3
14 10 24 +38 53 00 NGC 5497 GALXY14.1
14 10 36 +19 37 00 NGC 5492 GALXY12.8
14 10 54 +35 54 00 NGC 5499 GALXY13.5
14 11 00 +25 42 00 NGC 5498 GALXY13.6
14 12 12 +15 51 00 NGC 5504B GALXY15.5
14 12 18 +50 22 00 NGC 5520 GALXY12.4
14 12 18 +15 50 00 NGC 5504A GALXY13.9
14 12 18 +15 52 00 NGC 5504C GALXY15.5
14 12 24 +24 39 00 NGC 5508 GALXY13.1
14 12 30 +39 18 00 NGC 5515 GALXY12.9
14 12 30 +13 18 00 NGC 5505 GALXY13.2
14 12 36 +30 51 00 NGC 5512 GALXY14.2
14 12 00 +24 39 00 NGC 5509 GALXY
14 13 00 +35 42 00 NGC 5517 GALXY13.8
14 13 00 +08 38 00 NGC 5511B GALXY15.5
14 13 06 +08 37 00 NGC 5511A GALXY15.0
14 13 12 +20 26 00 NGC 5513 GALXY12.6
14 13 36 +07 40 00 NGC 5514 GALXY12.7
14 13 54 +20 51 00 NGC 5518 GALXY15.0
14 14 18 +07 31 00 NGC 5519 GALXY13.1
14 14 30 +36 24 00 NGC 5524 GALXY15.3
14 14 48 +25 19 00 NGC 5523 GALXY12.1
14 14 48 +15 09 00 NGC 5522 GALXY13.5
14 15 24 +36 11 00 NGC 5527 GALXY16.0
14 15 36 +14 17 00 NGC 5525 GALXY12.8
14 15 42 +36 13 00 NGC 5529 GALXY11.9
14 16 02 +35 20 00 NGC 5533 GALXY11.8
14 16 12 +08 17 00 NGC 5528 GALXY14.8
14 16 18 +39 30 00 NGC 5536 GALXY13.5
14 16 24 +39 35 00 NGC 5541 GALXY12.8
14 16 42 +10 53 00 NGC 5531 GALXY14.7
14 16 48 +10 48 00 NGC 5532A GALXY13.3
14 16 48 +10 48 00 NGC 5532B GALXY16.0
14 16 54 +36 34 00 NGC 5544 GALXY13.2
14 17 00 +36 34 00 NGC 5545 GALXY14.0
14 17 36 +08 11 00 NGC 5535 GALXY15.4
14 17 36 +07 29 00 NGC 5538 GALXY15.4
14 17 36 +08 11 00 NGC 5539 GALXY15.5
14 17 48 +07 33 00 NGC 5542 GALXY15.0
14 17 54 +25 08 00 NGC 5548 GALXY12.6
14 18 00 +07 39 00 NGC 5543 GALXY15.3
14 18 06 +07 34 00 NGC 5546 GALXY12.3
14 18 18 +36 28 59 NGC 5557 GALXY11.0
14 18 24 +12 52 00 NGC 5550 GALXY13.1
14 18 24 +26 17 00 NGC 5553 GALXY14.1
14 19 06 +24 48 00 NGC 5559 GALXY14.0
14 19 18 +35 08 00 NGC 5567 GALXY15.0
14 19 24 +35 05 00 NGC 5568 GALXY15.7
14 19 24 +07 26 00 NGC 5570 GALXY
14 19 30 +36 08 00 NGC 5572 GALXY14.2
14 19 36 +35 09 00 NGC 5571 NONEX
14 19 48 +09 22 00 UGC 9169 GALXY13.0
14 20 06 +10 15 00 NGC 5562 GALXY13.5
14 20 30 +35 11 00 NGC 5579 GALXY13.6
14 20 30 +35 11 00 NGC 5580 GALXY14.5
14 20 42 +39 42 00 NGC 5582 GALXY11.6
14 21 06 +23 29 00 NGC 5581 GALXY15.1
14 21 30 +35 15 00 NGC 5589 GALXY13.3
14 21 30 +35 07 00 NGC 5588 2STAR
14 21 42 +35 11 00 NGC 5590 GALXY12.3
14 21 42 +13 13 00 NGC 5583 GALXY13.4
14 22 06 +13 10 00 NGC 5586 NONEX
14 22 12 +13 54 59 NGC 5587 GALXY12.5
14 22 18 +50 30 59 NGC 5602 GALXY12.7
14 22 24 +37 06 00 NGC 5596 GALXY13.4
14 22 30 +40 19 00 NGC 5598 GALXY13.0
14 22 36 +13 43 00 NGC 5591 GALXY14.5
14 22 54 +40 18 00 NGC 5601 GALXY15.6
14 23 00 +40 21 00 NGC 5603B GALXY15.0
14 23 06 +40 22 00 NGC 5603A GALXY14.0
14 23 12 +26 15 00 NGC 5594 GALXY15.0
14 23 18 +41 46 00 NGC 5608 GALXY13.4
14 23 48 +14 38 00 NGC 5600 GALXY12.1
14 23 54 +34 50 00 NGC 5609 GALXY
14 24 12 +34 51 00 NGC 5614 GALXY11.7
14 24 12 +33 01 00 NGC 5611 GALXY12.6
14 24 12 +36 26 00 NGC 5616 GALXY13.8
14 24 12 +34 52 00 NGC 5615 GALXY15.0
14 24 12 +34 53 00 NGC 5613 GALXY16.0
14 24 18 +24 36 00 NGC 5610 GALXY13.2
14 24 42 +44 30 00 UGC 9240 GALXY12.9
14 25 18 +39 32 00 UGC 9242 GALXY13.5
14 26 12 +48 32 59 NGC 5622 GALXY13.2
14 26 36 +51 36 00 NGC 5624 GALXY13.1
14 27 00 +08 41 00 UGC 9249 GALXY14.1
14 27 00 +39 57 00 NGC 5625 GALXY14.8
14 27 12 +33 14 00 NGC 5623 GALXY12.5
14 27 24 +46 08 00 NGC 5633 GALXY12.4
14 27 36 +41 15 00 NGC 5630 GALXY13.1
14 27 48 +08 15 00 NGC 5621 NONEX
14 28 18 +25 50 00 NGC 5629 GALXY12.1
14 28 18 +13 47 00 IC 1014 GALXY12.5
14 28 24 +17 55 00 NGC 5628 GALXY13.3
14 28 30 +27 24 00 NGC 5635 GALXY12.5
14 28 30 +11 22 00 NGC 5627 GALXY12.9
14 28 36 +39 00 00 UGC 9291 GALXY13.0
14 28 36 +30 24 00 NGC 5639B GALXY17.0
14 28 48 +30 24 00 NGC 5639A GALXY14.6
14 28 54 +23 11 00 NGC 5637 GALXY13.8
14 29 12 +30 01 00 NGC 5642 GALXY12.6
14 29 18 +28 49 00 NGC 5641 GALXY12.2
14 29 30 +35 26 00 NGC 5646 GALXY14.2
14 29 54 +49 36 59 NGC 5660 GALXY11.9
14 29 54 +36 20 59 NGC 5654 GALXY12.9
14 30 12 +31 12 00 NGC 5653 GALXY12.2
14 30 18 +35 18 00 NGC 5656 GALXY11.8
14 30 24 +11 55 00 NGC 5644 GALXY12.5
14 30 36 +14 01 00 NGC 5648 GALXY13.1
14 30 36 +11 52 00 NGC 5647 GALXY15.3
14 30 42 +29 10 00 NGC 5657 GALXY13.3
14 30 48 +13 57 00 NGC 5649 GALXY13.2
14 31 00 +13 59 00 NGC 5655 GALXY
14 31 06 +25 21 00 NGC 5659 GALXY13.9
14 31 36 +49 57 00 NGC 5673 GALXY12.1
14 32 24 +08 04 00 NGC 5665 GALXY12.0
14 32 36 +36 17 00 NGC 5675 GALXY12.7
14 32 42 +09 53 00 NGC 5669 GALXY11.3
14 32 42 +31 39 00 NGC 5672 GALXY13.5
14 32 48 +49 27 00 NGC 5676 GALXY11.2
14 33 06 +10 29 00 NGC 5666 GALXY12.8
14 34 12 +25 27 00 NGC 5677 GALXY13.7
14 34 48 +48 39 00 NGC 5682 GALXY14.1
14 34 54 +54 28 00 NGC 5687 GALXY11.8
14 34 54 +48 39 00 NGC 5683 GALXY14.8
14 35 30 +48 44 00 NGC 5689 GALXY11.9
14 35 42 +08 17 00 NGC 5681 GALXY14.3
14 35 48 +36 31 00 NGC 5684 GALXY12.7
14 36 00 +36 30 00 NGC 5686 GALXY15.2
14 36 12 +29 54 00 NGC 5685 GALXY13.3
14 36 12 +48 35 00 NGC 5693 GALXY13.5
14 36 36 +41 41 00 NGC 5697 GALXY13.7
14 37 00 +41 49 00 NGC 5696 GALXY13.0
14 37 06 +48 33 00 NGC 5700 GALXY15.2
14 37 12 +38 27 59 NGC 5698 GALXY13.0
14 37 18 +36 33 59 NGC 5695 GALXY12.8
14 37 24 +51 35 00 NGC 5707 GALXY12.5
14 37 54 +40 31 00 NGC 5704 NONEX
14 38 06 +46 41 00 NGC 5717 GALXY15.4
14 38 12 +46 39 00 NGC 5714 GALXY13.4
14 38 18 +40 28 00 NGC 5708 GALXY13.4
14 38 18 +29 30 00 NGC 5699 NONEX
14 38 24 +50 52 00 NGC 5720 GALXY13.4
14 38 30 +29 30 00 NGC 5703 NONEX
14 38 36 +30 29 00 NGC 5706 GALXY15.7
14 38 48 +20 31 00 NGC 5702 GALXY13.3
14 38 48 +30 27 00 NGC 5709 GALXY13.6
14 38 54 +46 41 00 NGC 5721 GALXY15.3
14 38 54 +46 41 00 NGC 5723 GALXY15.5
14 39 00 +46 40 00 NGC 5722 GALXY15.0
14 39 06 +46 44 00 NGC 5724 GALXY17.0
14 39 18 +20 03 00 NGC 5710 GALXY13.0
14 39 24 +20 00 00 NGC 5711 GALXY13.9
14 40 00 +42 46 00 NGC 5731 GALXY13.1
14 40 06 +42 48 00 NGC 5730 GALXY14.1
14 40 24 +34 00 00 NGC 5727 GALXY13.7
14 40 36 +38 39 00 NGC 5732 GALXY13.5
14 42 24 +28 44 00 NGC 5735 GALXY12.3
14 42 36 +41 51 00 NGC 5739 GALXY12.1
14 43 12 +18 53 00 NGC 5737 GALXY13.5
14 43 30 +11 13 00 NGC 5736 GALXY14.9
14 43 54 +53 25 00 NGC 5751 GALXY13.2
14 44 24 +12 08 59 NGC 5747 GALXY14.5
14 45 00 +21 55 00 NGC 5748 GALXY15.4
14 45 18 +38 43 00 NGC 5752 GALXY14.1
14 45 24 +38 47 00 NGC 5754 GALXY14.1
14 45 24 +38 43 00 NGC 5753 GALXY15.1
14 45 30 +38 46 00 NGC 5755 GALXY15.1
14 47 06 +13 40 00 NGC 5758 GALXY13.5
14 47 18 +13 28 00 NGC 5759 GALXY14.9
14 47 42 +18 30 59 NGC 5760 GALXY13.3
14 48 42 +12 28 00 NGC 5762 GALXY12.7
14 49 00 +12 29 00 NGC 5763 GALXY15.3
14 49 42 +47 23 00 NGC 5767 GALXY14.1
14 50 54 +35 35 00 UGC 9560 GALXY14.6
14 51 12 +35 32 59 UGC 9562 GALXY13.9
14 51 42 +40 36 00 NGC 5772 GALXY12.8
14 52 12 +29 51 00 NGC 5771 GALXY13.6
14 52 30 +29 48 00 NGC 5773 GALXY13.5
14 52 36 +07 56 00 NGC 5769 GALXY14.9
14 53 12 +52 03 00 NGC 5788 GALXY15.5
14 53 30 +52 05 00 NGC 5783 GALXY12.8
14 53 54 +52 09 00 NGC 5785 NONEX
14 54 12 +42 33 00 NGC 5784 GALXY12.4
14 54 24 +28 57 00 NGC 5780 GALXY14.0
14 54 30 +18 37 59 NGC 5778 GALXY13.8
14 55 00 +11 42 00 NGC 5782 GALXY15.1
14 55 12 +42 30 00 NGC 5787 GALXY13.1
14 55 42 +49 39 00 NGC 5804 GALXY13.1
14 55 42 +49 44 00 NGC 5794 GALXY13.4
14 55 54 +49 43 00 NGC 5805 GALXY
14 56 18 +49 42 00 NGC 5797 GALXY12.8
14 56 18 +49 23 00 NGC 5795 GALXY13.8
14 56 36 +30 13 00 NGC 5789 GALXY13.7
14 57 30 +08 17 00 NGC 5790 GALXY13.6
14 57 42 +29 58 00 NGC 5798 GALXY13.1
14 58 36 +53 53 00 NGC 5820 GALXY12.4
14 58 48 +49 49 00 NGC 5818 GALXY13.7
14 58 54 +53 55 00 NGC 5821A GALXY14.9
14 59 24 +53 54 00 NGC 5821B GALXY14.5
15 00 36 +49 59 00 NGC 5828A GALXY14.3
15 00 42 +49 59 00 NGC 5828B GALXY14.6
15 01 42 +47 52 00 NGC 5830 GALXY14.2
15 01 48 +25 58 00 NGC 5827 GALXY13.0
15 02 00 +18 42 00 NGC 5825 NONEX
15 02 18 +48 52 00 NGC 5835 GALXY14.4
15 03 42 +23 20 00 NGC 5829 GALXY13.4
15 04 18 +29 29 59 NGC 5840 NONEX
15 04 42 +12 38 00 NGC 5837 GALXY14.5
15 04 48 +21 04 00 NGC 5842 GALXY15.2
15 05 48 +39 31 00 NGC 5853 GALXY14.8
15 06 30 +42 38 00 NGC 5860 GALXY14.2
15 06 54 +12 52 00 NGC 5851 GALXY14.0
15 07 00 +12 51 00 NGC 5852 GALXY13.5
15 07 18 +18 25 59 NGC 5856 NONEX
15 07 24 +19 34 59 NGC 5857 GALXY13.1
15 07 30 +19 33 59 NGC 5859 GALXY12.4
15 07 54 +54 45 00 NGC 5874 GALXY12.4
15 08 36 +52 17 00 NGC 5875A GALXY14.0
15 09 06 +52 31 00 NGC 5875 GALXY12.4
15 09 30 +54 30 00 NGC 5876 GALXY12.7
15 12 42 +41 13 00 NGC 5886 GALXY15.1
15 13 00 +41 15 00 NGC 5888 GALXY13.4
15 13 06 +41 15 00 NGC 5889 GALXY15.5
15 13 06 +31 51 00 NGC 5884 NONEX
15 13 36 +41 56 59 NGC 5893 GALXY13.1
15 13 48 +41 59 00 NGC 5895 GALXY15.5
15 13 48 +41 59 00 NGC 5896 GALXY15.5
15 14 24 +50 21 00 NGC 5902 GALXY15.4
15 15 06 +42 12 00 NGC 5900 GALXY14.0
15 15 06 +42 12 00 NGC 5901 1STAR
15 15 30 +42 02 00 NGC 5899 GALXY11.7
15 18 42 +41 52 00 NGC 5914A GALXY15.0
15 18 42 +41 54 00 NGC 5914B GALXY17.0
15 19 18 +45 54 00 NGC 5918 GALXY13.2
15 21 12 +41 44 00 NGC 5923 GALXY13.1
15 21 12 +41 39 00 NGC 5922 NONEX
15 26 06 +41 41 00 NGC 5929 GALXY13.0
15 26 06 +41 41 00 NGC 5930 GALXY13.0
15 26 36 +40 34 00 UGC 9858 GALXY12.8
15 26 48 +48 37 00 NGC 5932 GALXY15.2
15 27 00 +48 37 00 NGC 5933 GALXY15.7
15 28 12 +42 55 00 NGC 5934 GALXY13.8
15 28 18 +42 56 00 NGC 5935 GALXY15.1
15 29 48 +42 55 00 NGC 5945 GALXY12.8
15 29 48 +42 47 00 NGC 5943 GALXY13.2
15 30 42 +42 43 00 NGC 5947 GALXY13.7
15 31 24 +40 25 59 NGC 5950 GALXY13.7
15 32 42 +46 27 00 UGC 9893 GALXY14.3
15 35 48 +39 47 00 NGC 5966 GALXY12.2
15 36 00 +43 29 00 IC 4562 GALXY12.6
15 44 24 +41 05 00 NGC 5992 GALXY13.7
15 44 30 +41 07 00 NGC 5993 GALXY13.1
