06 08 24 -52 30 00 NGC 2191 UVSOB
07 16 36 -62 21 00 NGC 2369 GALXY12.3
07 18 48 -62 55 00 NGC 2369A GALXY12.9
07 20 00 -63 05 00 NGC 2381 UVSOB
07 20 24 -62 03 00 NGC 2369B GALXY13.4
07 30 06 -62 15 00 NGC 2417 GALXY12.0
07 47 24 -51 16 00 PK264-12.1PLNNB
07 55 54 -52 17 00 NGC 2502 UVSOB
07 58 18 -60 52 00 NGC 2516 OPNCL03.8
08 29 30 -61 06 00 NGC 2609 OPNCL
08 37 24 -55 07 00 NGC 2640 UVSOB
08 53 30 -59 13 00 NGC 2714 UVSOB
09 03 42 -68 15 00 NGC 2788B GALXY13.7
09 07 06 -69 56 00 IC 2448 PLNNB11.5
09 09 00 -67 56 00 NGC 2788 GALXY12.3
09 12 00 -64 51 59 NGC 2808 GLOCL06.3
09 13 42 -69 20 00 NGC 2836 GALXY11.8
09 14 00 -69 38 00 NGC 2822 GALXY10.7
09 15 42 -63 04 00 NGC 2842 UVSOB
09 19 36 -59 12 00 PK278- 6.1PLNNB
09 20 36 -60 02 00 Ru 159 OPNCL
09 21 24 -58 19 00 NGC 2867 PLNNB09.7
09 23 24 -63 48 00 NGC 2887 UVSOB
09 30 54 -57 36 00 PK278- 4.1PLNNB12.4
09 38 48 -60 05 00 IC 2501 PLNNB11.3
09 43 30 -57 17 00 PK279- 3.1PLNNB10.4
09 49 12 -65 16 00 Ru 84 OPNCL
09 49 18 -62 41 00 NGC 3036 OPNCL
09 50 12 -73 55 00 NGC 3059 GALXY11.0
10 01 36 -59 28 00 Ru 86 OPNCL
10 02 42 -60 07 00 NGC 3114 OPNCL04.2
10 03 18 -67 26 59 NGC 3136A GALXY15.0
10 03 54 -60 45 00 PK283- 4.1PLNNB12.8
10 05 00 -61 37 00 Tr 11 OPNCL08.1
10 05 12 -58 57 00 RCW 47 BRTNB
10 05 48 -67 23 00 NGC 3136 GALXY10.7
10 06 18 -60 07 00 Hogg 5 OPNCL
10 06 24 -60 19 00 Tr 12 OPNCL08.8
10 06 30 -59 59 00 Hogg 6 OPNCL
10 07 24 -63 55 00 PK286- 6.1PLNNB
10 08 00 -61 11 59 Ru 161 OPNCL
10 09 18 -62 35 00 IC 2553 PLNNB13.0
10 11 18 -66 58 00 NGC 3136B GALXY11.7
10 11 54 -58 05 00 vdB-Ha 96OPNCL10.3
10 15 36 -58 51 00 PK283- 1.1PLNNB11.8
10 17 06 -57 55 00 NGC 3199 BRTNB
10 17 30 -57 47 00 vdB-Ha 91OPNCL
10 17 48 -62 40 00 NGC 3211 PLNNB11.8
10 19 42 -61 25 00 Ru 88 OPNCL
10 23 12 -60 33 00 PK285- 2.1PLNNB
10 23 48 -60 05 00 Tr 13 OPNCL11.3
10 23 54 -57 45 00 Westr 2 OPNCL10.5
10 25 54 -57 56 00 NGC 3247 OPNCL07.6
10 26 24 -57 09 00 RCW 50 BRTNB
10 26 30 -60 40 00 NGC 3255 OPNCL11.0
10 27 24 -57 38 00 IC 2581 OPNCL04.3
10 28 30 -59 03 00 PK285- 1.1PLNNB
10 29 30 -59 47 00 Hogg 7 OPNCL
10 30 30 -59 49 00 Cr 223 OPNCL09.4
10 31 00 -58 14 00 Ru 90 OPNCL
10 35 47 -58 14 00 NGC 3293 OPNCL04.7
10 35 48 -60 08 00 Bochum 9 OPNCL06.3
10 35 48 -64 19 00 PK288- 5.1PLNNB14.2
10 37 18 -58 38 00 NGC 3324 OPNCL06.7
10 37 54 -59 12 00 vdB-Ha 99OPNCL
10 42 06 -65 05 59 Mel 101 OPNCL 8
10 42 12 -59 08 59 Bochum 10 OPNCL06.2
10 43 00 -60 01 00 Cr 228 OPNCL04.4
10 43 12 -64 24 00 IC 2602 OPNCL01.9
10 43 48 -59 52 00 NGC 3372 BRTNB
10 43 54 -59 34 00 Tr 14 OPNCL05.5
10 44 18 -64 20 00 vdB-Ha 103OPNCL
10 44 30 -61 40 00 PK288- 2.1PLNNB14.6
10 44 48 -59 22 00 Tr 15 OPNCL 7
10 44 48 -59 34 00 Cr 232 OPNCL06.8
10 45 06 -59 43 00 Tr 16 OPNCL 5
10 45 18 -59 45 00 Cr 234 OPNCL07.5
10 46 18 -58 39 00 Gum 32 BRTNB
10 47 18 -60 06 00 Bochum 11 OPNCL07.9
10 47 42 -57 29 00 Ru 91 OPNCL
10 53 54 -61 44 00 Ru 92 OPNCL08.6
10 53 54 -62 15 00 Ru 162 OPNCL
10 54 00 -60 27 00 PK288- 0.1PLNNB
10 54 36 -59 10 00 PK288+ 0.1PLNNB12.4
10 56 00 -61 27 00 PK289- 1.1PLNNB
10 56 12 -59 13 00 Tr 17 OPNCL08.4
10 56 12 -60 27 00 PK289- 0.1BRTNB11.0
10 57 00 -61 02 00 Cr 236 OPNCL07.7
10 57 06 -61 31 00 Graham 1 OPNCL
10 57 24 -61 43 59 Bochum 12 OPNCL09.7
10 58 24 -59 03 00 Hogg 9 OPNCL10.6
10 59 48 -60 20 00 NGC 3496 OPNCL08.2
11 00 00 -60 22 00 Sher 1 OPNCL08.8
11 00 18 -65 15 00 IC 2621 PLNNB10.5
11 01 06 -59 49 00 Pismis 17 OPNCL09.4
11 01 18 -59 51 00 NGC 3503 BRTNB
11 03 54 -60 36 00 PK290- 0.1PLNNB12.6
11 04 00 -61 22 00 NGC 3519 NONEX
11 04 24 -61 22 00 Ru 93 OPNCL07.7
11 04 48 -66 36 00 Ru 163 OPNCL
11 06 00 -59 49 00 Fein 1 OPNCL04.7
11 06 18 -65 34 00 RCW 58 BRTNB
11 06 24 -58 39 59 NGC 3532 OPNCL 3
11 07 18 -61 04 00 vdB-Ha 110OPNCL
11 09 36 -62 41 00 vdB-Ha 111OPNCL
11 10 24 -60 14 00 NGC 3572 OPNCL06.6
11 10 42 -60 22 00 Hogg 10 OPNCL06.9
11 11 12 -60 17 00 Cr 240 OPNCL03.9
11 11 24 -60 40 00 Tr 18 OPNCL06.9
11 11 30 -60 22 00 Hogg 11 OPNCL08.1
11 11 48 -61 23 00 NGC 3576 BRTNB
11 11 54 -61 14 00 NGC 3579 BRTNB
11 12 06 -61 18 00 NGC 3581 BRTNB
11 12 18 -60 45 00 Hogg 12 OPNCL08.8
11 12 18 -61 16 00 NGC 3582 BRTNB
11 12 24 -61 12 00 NGC 3584 BRTNB
11 12 36 -61 21 00 NGC 3586 BRTNB
11 12 54 -60 47 00 NGC 3590 OPNCL08.2
11 13 06 -58 55 00 Stock 13 OPNCL 7
11 14 18 -57 35 00 Tr 19 OPNCL09.6
11 15 06 -61 15 00 NGC 3603 OPNCL09.1
11 16 30 -60 16 00 Hogg 13 OPNCL
11 17 48 -70 48 00 PK295- 9.1PLNNB
11 17 54 -62 42 00 IC 2714 OPNCL08.2
11 19 30 -63 30 00 Mel 105 OPNCL08.5
