00 00 12 +60 58 00 Berk 58 OPNCL09.7
00 00 24 +50 42 00 NGC 7801 NONEX
00 02 30 +64 39 00 Stock 18 OPNCL
00 03 24 +63 36 00 Berk 104 OPNCL
00 04 24 +56 02 00 Stock 19 OPNCL
00 07 48 +61 25 00 Czernik 1OPNCL
00 09 42 +60 26 00 Berk 1 OPNCL
00 10 12 +61 13 00 King 13 OPNCL
00 11 00 +58 46 00 vdB 1 BRTNB
00 17 54 +60 58 00 Berk 60 OPNCL
00 18 42 +53 53 00 PK118- 8.1PLNNB12.5
00 19 54 +62 59 00 PK119+ 0.1PLNNB14.7
00 20 24 +59 18 00 IC 10 GALXY13.3
00 22 12 +64 24 00 King 1 OPNCL
00 22 12 +61 45 00 Mayer 1 OPNCL
00 25 12 +62 39 00 Stock 20 OPNCL
00 25 18 +61 21 00 NGC 103 OPNCL09.8
00 25 36 +60 24 00 Berk 2 OPNCL
00 27 24 +71 23 00 NGC 110 OPNCL
00 28 12 +55 57 00 PK119- 6.1PLNNB13.3
00 29 54 +60 14 00 NGC 129 OPNCL06.5
00 30 30 +57 58 00 Stock 21 OPNCL
00 31 12 +63 22 00 NGC 133 OPNCL09.4
00 31 30 +61 32 00 NGC 136 OPNCL
00 31 54 +63 10 00 King 14 OPNCL08.5
00 33 06 +63 18 00 NGC 146 OPNCL09.1
00 33 18 +48 30 00 NGC 147 GALXY09.5
00 33 24 +61 52 00 King 15 OPNCL
00 38 42 +61 04 00 NGC 189 OPNCL08.8
00 38 42 +60 17 00 PK121- 2.1BRTNB
00 39 00 +48 20 00 NGC 185 GALXY09.2
00 39 42 +61 57 00 Stock 24 OPNCL08.8
00 40 18 +62 52 00 PK121+ 0.1PLNNB15.4
00 40 47 +60 51 00 Do 12 OPNCL
00 43 24 +61 47 00 NGC 225 OPNCL 7
00 43 42 +64 11 00 King 16 OPNCL10.3
00 44 24 +60 09 00 Czernik 2OPNCL
00 45 30 +64 24 00 Berk 4 OPNCL10.6
00 45 36 +57 57 00 PK122- 4.1PLNNB14.1
00 49 12 +67 14 00 Berk 61 OPNCL
00 50 00 +64 08 00 Do 13 OPNCL
00 51 48 +58 11 00 King 2 OPNCL
00 52 00 +47 33 00 NGC 278 GALXY10.8
00 52 48 +56 37 00 NGC 281 CL+NB07.4
00 56 42 +61 04 00 IC 59 BRTNB
00 59 30 +60 49 00 IC 63 BRTNB
01 01 00 +63 57 00 Berk 62 OPNCL09.3
01 04 06 +62 48 00 Czernik 3OPNCL09.9
01 05 12 +62 02 00 NGC 358 OPNCL
01 06 24 +62 14 00 NGC 366 OPNCL12.0
01 08 18 +61 35 00 NGC 381 OPNCL09.3
01 12 18 +62 20 00 Stock 3 OPNCL
01 15 18 +60 08 00 NGC 433 OPNCL
01 15 36 +58 49 00 NGC 436 OPNCL08.8
01 19 06 +58 20 00 NGC 457 OPNCL06.4
01 29 30 +63 18 00 NGC 559 OPNCL09.5
01 30 36 +58 22 00 Sh2-188 BRTNB
01 33 12 +60 42 00 NGC 581 OPNCL07.4
01 35 42 +61 17 00 Tr 1 OPNCL08.1
01 35 54 +61 26 00 Czernik 4OPNCL
01 37 12 +64 33 00 NGC 609 OPNCL11.0
01 40 18 +72 53 00 NGC 629 NONEX
01 42 54 +64 00 00 NGC 637 OPNCL08.2
01 43 42 +55 53 00 NGC 657 OPNCL
01 44 06 +61 53 00 NGC 654 OPNCL06.5
01 44 12 +60 42 00 NGC 659 OPNCL07.9
01 46 00 +61 15 00 NGC 663 OPNCL07.1
01 48 24 +71 57 00 Cr 463 OPNCL05.7
01 48 30 +62 56 00 Berk 5 OPNCL
01 51 54 +61 05 01 Berk 6 OPNCL
01 52 12 +61 50 00 IC 166 OPNCL11.7
01 53 42 +56 25 00 PK131- 5.1PLNNB14.2
01 55 00 +62 22 00 Berk 7 OPNCL
01 55 54 +61 20 00 Czernik 5OPNCL
01 57 36 +63 20 00 IC 1747 PLNNB12.0
01 58 42 +60 11 00 NGC 743 OPNCL
02 02 00 +75 34 00 Berk 8 OPNCL
02 03 00 +62 53 00 Czernik 6OPNCL
02 03 24 +62 15 00 Czernik 7OPNCL
02 03 30 +72 25 00 NGC 771 NONEX
02 04 30 +64 26 00 Stock 5 OPNCL 7
02 12 12 +64 09 00 PK131+ 2.1PLNNB18.2
02 15 00 +59 16 00 Stock 2 OPNCL04.4
02 19 48 +63 45 00 Berk 63 OPNCL
02 21 18 +65 54 00 Berk 64 OPNCL
02 23 30 +63 47 00 NGC 886 NONEX
02 23 42 +63 52 00 Stock 6 OPNCL10.0
02 25 48 +61 59 00 NGC 896 BRTNB
02 26 30 +62 04 00 IC 1795 BRTNB
02 29 18 +61 47 00 Tombaugh 4OPNCL
02 29 36 +60 39 00 Mrk 6 OPNCL07.1
02 32 36 +61 27 00 Mel 15 OPNCL06.6
02 32 42 +61 27 00 IC 1805 CL+NB06.5
02 34 06 +59 53 00 Czernik 9OPNCL
02 34 18 +60 11 00 Czernik 10OPNCL
02 35 42 +59 00 00 King 4 OPNCL10.5
02 36 18 +59 39 00 Maffei 1 GALXY11.4
02 36 18 +59 38 00 Czernik 11OPNCL
02 39 00 +60 25 00 Berk 65 OPNCL10.2
02 42 42 +61 33 00 NGC 1027 OPNCL06.7
02 44 42 +62 21 00 Czernik 13OPNCL10.4
02 51 12 +60 26 01 IC 1848 CL+NB06.5
02 51 18 +67 48 00 MCG +11-04GALXY12.0
02 51 36 +67 52 00 vdB 8 BRTNB
02 58 54 +64 30 00 PK136+ 4.1PLNNB14.3
02 59 18 +60 24 00 Cr 33 OPNCL05.9
03 00 54 +60 25 01 Cr 34 OPNCL06.8
03 04 12 +58 46 01 Berk 66 OPNCL
03 06 12 +60 29 00 IC 1871 BRTNB
03 10 18 +61 20 01 IC 289 PLNNB12.0
03 11 48 +63 15 00 Tr 3 OPNCL 7
03 37 48 +72 34 00 NGC 1343 GALXY12.7
22 57 36 +54 21 00 NGC 7438 NONEX
23 09 18 +54 45 00 PK108- 5.1PLNNB
23 16 06 +60 02 00 Sh2-157 BRTNB
23 20 42 +61 11 00 NGC 7635 BRTNB
23 21 54 +55 46 00 Do 46 OPNCL
23 24 12 +61 35 00 NGC 7654 OPNCL06.9
23 25 48 +61 19 00 Czernik 43OPNCL
23 26 54 +58 11 00 PK111- 2.1PLNNB14.0
23 32 54 +55 29 00 Stock 11 OPNCL
23 33 48 +58 31 00 King 20 OPNCL
23 34 00 +61 55 00 Czernik 44OPNCL
23 37 12 +52 26 00 Stock 12 OPNCL
23 39 18 +56 39 00 Berk 102 OPNCL
23 45 48 +57 04 00 PK114- 4.1PLNNB12.7
23 45 54 +59 19 00 Berk 103 OPNCL
23 46 42 +62 11 00 Stock 17 OPNCL
23 46 48 +54 45 00 PK113- 6.1PLNNB17.6
23 47 42 +51 24 00 PK112-10.1PLNNB14.4
23 49 54 +62 43 00 King 21 OPNCL09.8
23 53 00 +61 58 00 King 12 OPNCL10.0
23 54 06 +61 46 00 Harvard 21OPNCL 9
23 56 42 +61 24 00 NGC 7788 OPNCL09.4
23 57 00 +56 44 00 NGC 7789 OPNCL06.7
23 57 12 +64 33 00 Czernik 45OPNCL
23 57 24 +61 38 00 Frolov 1 OPNCL09.2
23 58 24 +61 13 00 NGC 7790 OPNCL08.5
23 58 42 +60 00 00 NGC 7795 NONEX
