00 02 00 -15 27 00 MCG -03-01GALXY10.6
00 03 30 -10 45 00 NGC 7808 GALXY13.5
00 04 12 -11 59 00 NGC 7813 GALXY15.0
00 05 12 -20 44 00 NGC 7826 NONEX
00 05 18 -16 29 00 NGC 7821 GALXY
00 06 24 -13 25 00 NGC 7828 GALXY13.9
00 06 24 -13 25 00 NGC 7829 GALXY13.9
00 09 06 -12 08 00 NGC 17 NONEX
00 11 06 -12 06 00 NGC 34 GALXY
00 11 12 -12 00 00 NGC 35 GALXY14.0
00 14 00 -23 11 00 NGC 45 GALXY10.6
00 14 30 -07 11 00 NGC 47 GALXY
00 14 42 -07 21 00 NGC 50 GALXY
00 15 06 -07 08 00 NGC 54 GALXY
00 15 30 -21 27 00 NGC 59 GALXY12.4
00 15 42 -07 11 00 NGC 58 NONEX
00 17 06 -13 28 00 NGC 62 GALXY
00 17 30 -06 51 00 NGC 64 GALXY
00 18 48 -15 21 00 NGC 73 GALXY
00 19 06 -22 54 00 NGC 65 GALXY15.0
00 19 12 -22 57 00 NGC 66 GALXY13.4
00 19 12 -22 42 00 NGC 77 GALXY15.0
00 24 24 -13 57 00 NGC 102 GALXY14.0
00 25 42 -08 17 00 NGC 107 GALXY
00 26 42 -02 38 00 NGC 111 NONEX
00 27 00 -02 30 00 NGC 113 GALXY
00 27 06 -01 47 00 NGC 114 GALXY13.7
00 27 12 +01 19 01 NGC 117 GALXY14.3
00 27 12 -07 41 59 NGC 116 GALXY14.5
00 27 18 -01 46 59 NGC 118 GALXY14.0
00 27 30 -01 31 00 NGC 120 GALXY13.4
00 27 42 -01 38 00 NGC 122 NONEX
00 27 48 -01 36 00 NGC 123 NONEX
00 28 00 -01 49 00 NGC 124 GALXY13.0
00 30 12 +02 05 00 NGC 132 GALXY12.6
00 31 12 -22 37 00 NGC 142 GALXY13.8
00 31 18 -22 34 00 NGC 143 GALXY14.4
00 31 24 -22 39 00 NGC 144 GALXY13.7
00 31 48 -05 10 00 NGC 145 GALXY12.7
00 33 18 -13 22 00 NGC 135 GALXY
00 34 06 -12 39 00 NGC 154 GALXY14.0
00 34 12 -09 42 00 NGC 151 GALXY11.6
00 34 18 -09 43 00 NGC 153 NONEX
00 34 36 -08 21 00 NGC 156 2STAR
00 34 42 -10 46 00 NGC 155 GALXY
00 34 48 -08 24 00 NGC 157 GALXY10.4
00 34 48 -08 19 00 NGC 158 2STAR
00 35 30 -23 22 00 NGC 167 GALXY13.6
00 35 30 -02 50 00 NGC 161 GALXY
00 35 48 -13 37 00 NGC 166 GALXY15.0
00 36 06 -10 08 00 NGC 163 GALXY12.7
00 36 30 -10 08 00 NGC 165 GALXY13.1
00 36 42 -22 36 00 NGC 168 GALXY13.8
00 36 42 +01 51 00 NGC 170 GALXY14.4
00 36 48 -18 30 00 NGC 171 NONEX
00 37 12 +01 56 00 NGC 173 GALXY13.0
00 37 12 -22 36 00 NGC 172 GALXY13.4
00 37 24 -19 56 00 NGC 175 GALXY12.2
00 37 30 -22 34 00 NGC 177 GALXY13.2
00 37 48 -17 53 00 NGC 179 GALXY13.3
00 39 00 -09 01 00 NGC 191 GALXY
00 39 06 -14 11 00 NGC 178 GALXY12.6
00 39 06 -18 38 00 NGC 209 GALXY12.9
00 39 18 +00 51 00 NGC 192 GALXY12.6
00 39 18 +00 54 00 NGC 196 GALXY14.0
00 39 24 +00 53 00 NGC 197 GALXY14.1
00 39 36 -14 41 00 NGC 187 GALXY
00 39 42 +00 51 00 NGC 201 GALXY12.9
00 39 42 -09 12 00 NGC 195 GALXY
00 40 00 -15 10 00 NGC 207 NONEX
00 40 30 -13 53 00 NGC 210 GALXY10.9
00 41 24 -21 03 00 NGC 216 GALXY13.2
00 41 24 -01 43 00 UGC 439 GALXY13.2
00 41 36 -10 02 00 NGC 217 GALXY
00 42 18 +00 54 01 NGC 219 GALXY14.3
00 42 24 -23 37 59 NGC 230 GALXY14.7
00 42 42 -01 32 00 NGC 227 GALXY12.1
00 42 42 +00 51 00 NGC 223 GALXY13.2
00 42 42 -23 34 00 NGC 232 GALXY13.5
00 42 48 -23 33 00 NGC 235 GALXY13.2
00 43 30 -00 08 00 NGC 237 GALXY13.0
00 44 36 -03 46 00 NGC 239 GALXY
00 45 48 -15 35 00 NGC 244 GALXY
00 46 06 -01 44 00 NGC 245 GALXY12.2
00 47 00 -20 45 00 NGC 247 GALXY09.1
00 47 06 -11 53 00 NGC 246 PLNNB08.5
00 47 48 -11 29 00 NGC 255 GALXY11.9
00 48 06 -02 47 00 NGC 259 GALXY
00 48 54 -13 06 00 NGC 263 GALXY14.0
00 50 12 -05 12 00 NGC 268 GALXY13.1
00 50 42 -08 39 00 NGC 270 GALXY
00 50 48 -01 53 00 NGC 271 GALXY12.0
00 50 54 -06 54 00 NGC 273 GALXY12.9
00 51 06 -07 04 00 NGC 274 GALXY11.8
00 51 06 -07 04 00 NGC 275 GALXY12.5
00 51 30 -08 35 00 NGC 277 GALXY
00 52 06 -22 41 00 NGC 276 GALXY14.9
00 52 18 -02 12 00 NGC 279 GALXY12.7
00 53 18 -13 10 59 NGC 283 GALXY
00 53 36 -13 09 00 NGC 284 GALXY15.0
00 53 36 -13 06 00 NGC 286 GALXY
00 53 36 -08 45 00 NGC 291 GALXY
00 53 42 -13 10 00 NGC 285 GALXY
00 54 18 -07 14 00 NGC 293 GALXY
00 54 48 -16 40 00 NGC 303 GALXY
00 55 00 -07 21 00 NGC 298 GALXY
00 55 06 -07 21 00 NGC 297 2STAR
00 56 00 -10 39 00 NGC 302 1STAR
00 56 24 -01 47 00 NGC 308 GALXY14.0
00 56 24 -10 40 00 NGC 301 NONEX
00 56 30 -09 57 00 NGC 309 GALXY11.9
00 56 36 -01 46 00 NGC 307 GALXY12.8
00 56 54 -01 46 00 NGC 310 1STAR
00 57 00 -09 57 00 NGC 309A GALXY
00 57 06 -02 46 00 NGC 331 GALXY15.5
00 57 36 -05 00 00 NGC 321 GALXY
00 57 54 -05 08 00 NGC 325 GALXY16.0
00 58 00 -05 08 00 NGC 327 GALXY13.4
00 58 06 -05 04 00 NGC 329 GALXY13.3
00 58 48 -18 46 00 NGC 336 GALXY12.0
00 58 48 -18 47 00 MCG -03-03GALXY12.5
00 58 48 -20 50 00 NGC 320 GALXY13.5
00 58 48 -16 29 00 NGC 333B GALXY14.0
00 58 48 -16 29 00 NGC 333A GALXY16.0
00 59 06 -18 16 00 NGC 335 GALXY14.3
00 59 48 -07 35 00 NGC 337 GALXY11.6
01 00 36 -06 53 00 NGC 340 GALXY14.0
01 00 48 -09 11 00 NGC 341A GALXY13.0
01 00 48 -06 47 00 NGC 342 GALXY14.5
01 00 48 -23 14 00 NGC 343 1STAR
01 00 54 -09 11 00 NGC 341B GALXY15.0
01 01 24 -06 54 00 NGC 345 GALXY13.5
01 01 24 -06 49 00 NGC 347 GALXY14.5
01 01 36 -23 14 00 NGC 344 GALXY
01 01 48 -07 36 00 NGC 337A GALXY12.2
01 01 54 -06 49 00 NGC 349 GALXY13.5
01 02 00 -06 49 00 NGC 350 GALXY15.0
01 02 06 -01 55 00 NGC 351 GALXY13.2
01 02 12 -04 15 00 NGC 352 GALXY12.6
01 02 36 -01 56 00 NGC 353 GALXY13.6
01 03 12 -06 20 00 NGC 355 GALXY15.0
01 03 18 -07 00 00 NGC 356 GALXY13.5
01 03 24 -06 21 00 NGC 357 GALXY12.0
01 04 24 -01 01 00 NGC 359 GALXY13.3
01 04 36 -01 07 00 NGC 364 GALXY13.1
01 04 48 +02 07 00 IC 1613 GALXY09.2
01 05 00 -17 47 00 NGC 369 GALXY13.8
01 05 06 -06 13 00 New 1 GALXY11.8
01 05 48 -12 07 00 NGC 367 GALXY
01 06 06 -16 34 00 NGC 363 GALXY15.0
01 06 18 -20 03 00 NGC 377 3STAR
01 07 30 +00 56 00 NGC 391 GALXY13.4
01 08 42 +01 39 00 UGC 711 GALXY14.0
01 10 18 -20 01 00 NGC 412 NONEX
01 11 06 -18 10 00 NGC 417 GALXY14.1
01 11 48 -00 39 00 IC 1639 GALXY13.6
01 12 36 -02 47 00 NGC 413 GALXY16.0
01 12 54 -00 17 00 NGC 426 GALXY12.9
01 13 00 +00 59 00 NGC 428 GALXY11.5
01 13 00 -00 20 00 NGC 429 GALXY13.4
01 13 06 -00 15 00 NGC 430 GALXY12.5
01 14 00 +02 04 00 NGC 435 GALXY14.2
01 14 42 -01 01 00 NGC 442 GALXY13.4
01 14 54 +01 56 00 NGC 445 GALXY14.1
01 15 18 -01 37 00 NGC 448 GALXY12.1
01 15 30 -00 52 00 NGC 450 GALXY11.5
01 20 12 -22 22 00 NGC 478 GALXY15.0
01 20 54 -09 52 00 NGC 480 NONEX
01 21 00 -09 12 00 NGC 481 GALXY14.0
01 21 48 -16 21 00 NGC 487 GALXY14.0
01 22 12 +00 57 00 NGC 493 GALXY12.5
01 22 24 -00 53 00 NGC 497 GALXY13.0
01 24 30 -01 38 00 NGC 519 GALXY14.3
01 24 36 +01 44 00 NGC 521 GALXY11.7
01 24 36 -19 54 00 NGC 540 GALXY
01 24 42 -01 34 00 NGC 530 GALXY13.0
01 25 18 -18 09 00 NGC 539 GALXY13.5
01 25 30 -01 32 00 NGC 538 GALXY13.7
01 25 36 +01 46 00 NGC 533 GALXY11.4
01 25 36 -01 23 00 NGC 535 GALXY13.8
01 25 48 -01 21 00 NGC 541 GALXY12.1
01 25 54 -01 16 00 NGC 543 GALXY13.1
01 26 00 -01 20 00 NGC 545 GALXY12.2
01 26 00 -01 20 00 NGC 547A GALXY
01 26 06 -01 20 00 NGC 547 GALXY12.2
01 26 06 -01 13 00 NGC 548 GALXY13.7
01 26 18 -06 04 00 MCG -01-04GALXY12.5
01 26 30 -01 38 00 NGC 557 GALXY13.5
01 26 42 +02 02 00 NGC 550 GALXY12.7
01 26 54 -10 15 00 NGC 567 GALXY14.0
01 27 00 -22 47 00 NGC 556 GALXY14.4
01 27 06 -18 38 00 NGC 563 GALXY13.3
01 27 12 -22 45 00 NGC 555 GALXY14.1
01 27 12 -22 43 00 NGC 554 GALXY15.0
01 27 18 -01 58 00 NGC 558 GALXY14.3
01 27 30 -01 55 00 NGC 560 GALXY13.0
01 27 48 -01 53 00 NGC 564 GALXY12.5
01 28 12 -01 17 00 NGC 565 GALXY13.5
01 29 00 -00 57 00 NGC 570 GALXY12.8
01 29 42 -18 19 00 NGC 583 GALXY14.1
01 29 48 -01 15 00 UGC 1072 GALXY14.0
01 30 24 -22 39 59 NGC 578 GALXY10.9
01 30 42 -01 59 00 NGC 577 GALXY12.9
01 31 06 -01 59 00 NGC 580 NONEX
01 31 18 -06 51 00 NGC 584 GALXY10.5
01 31 36 -06 54 00 NGC 586 GALXY13.2
01 31 42 -00 55 00 NGC 585 GALXY13.1
01 32 18 -12 21 00 NGC 593 GALXY14.0
01 32 36 -12 02 00 NGC 589 GALXY14.0
01 32 48 -07 01 00 NGC 596 GALXY10.9
01 32 48 -12 11 00 NGC 599 GALXY13.0
01 33 00 -16 32 00 NGC 594 GALXY14.0
01 33 18 -07 19 00 NGC 600 GALXY12.4
01 33 18 -12 12 00 NGC 601 GALXY
01 33 54 -09 47 00 NGC 617 GALXY15.0
01 34 18 -20 09 00 NGC 610 NONEX
01 34 18 -20 08 00 NGC 611 NONEX
01 34 24 -07 25 00 NGC 607 NONEX
01 35 06 -07 19 00 NGC 615 GALXY11.6
01 35 42 -10 00 00 NGC 624 GALXY14.0
01 36 00 +00 41 00 NGC 622 GALXY12.9
01 38 18 -19 56 00 NGC 635 NONEX
01 38 42 -17 50 00 NGC 648 GALXY14.0
01 39 06 -07 29 00 NGC 636 GALXY11.5
01 39 18 -09 23 00 NGC 640 GALXY15.0
01 39 48 -09 13 00 NGC 647 GALXY14.0
01 40 00 -09 14 00 NGC 649 GALXY15.0
01 42 00 -13 04 00 NGC 655 GALXY14.0
01 45 06 -22 56 00 NGC 667 GALXY14.2
01 47 48 -16 43 00 NGC 690 GALXY14.2
01 49 00 -14 59 00 NGC 682 GALXY13.0
01 49 06 -10 26 00 NGC 681 GALXY12.0
01 50 36 -12 03 00 NGC 699 GALXY14.0
01 51 00 -09 42 00 NGC 701 GALXY12.2
01 51 12 -08 30 00 NGC 707 GALXY14.0
01 51 18 -04 03 00 NGC 702 GALXY13.1
01 52 36 -16 31 00 NGC 725 GALXY14.0
01 53 00 -13 44 00 NGC 720 GALXY10.2
01 53 06 -12 53 00 NGC 715 GALXY15.0
01 53 54 -23 46 00 NGC 723 GALXY12.4
01 54 30 -16 43 00 NGC 756 GALXY15.0
01 54 48 -17 03 00 NGC 734 GALXY
01 55 00 -09 01 00 NGC 731 GALXY12.1
01 55 06 -09 05 00 NGC 713 GALXY15.0
01 55 36 -10 49 00 NGC 726 GALXY14.0
01 56 00 -03 06 00 NGC 758 GALXY
01 56 12 -09 04 00 NGC 755 GALXY12.6
01 56 12 -09 04 00 NGC 757 NONEX
01 56 12 -09 04 00 NGC 763 NONEX
01 56 24 -04 29 00 NGC 748 GALXY12.6
01 57 06 -05 26 00 NGC 762 GALXY13.5
01 57 12 -16 02 00 NGC 764 2STAR
01 57 24 -09 28 00 NGC 747 GALXY
01 58 42 +00 31 00 NGC 768 GALXY13.2
01 58 54 -09 35 00 NGC 767 GALXY14.0
01 59 00 -11 31 00 NGC 773 GALXY14.0
01 59 42 -05 58 00 NGC 779 GALXY11.2
02 01 00 -06 49 00 NGC 788 GALXY12.1
02 01 00 -09 00 00 NGC 787 GALXY13.0
02 01 30 -05 23 00 NGC 790 GALXY13.5
02 02 18 +00 06 00 NGC 799 GALXY13.0
02 02 18 +00 08 00 NGC 800 GALXY13.7
02 02 54 -14 38 00 NGC 814 GALXY16.0
02 02 54 -14 42 00 NGC 815 GALXY16.0
02 03 36 -09 56 00 NGC 806 GALXY14.0
02 03 54 -23 18 00 NGC 808 GALXY13.5
02 04 24 -08 43 00 NGC 809 GALXY14.0
02 04 42 -10 06 00 NGC 811 GALXY14.0
02 08 30 +06 19 00 NGC 825 GALXY13.2
02 08 36 -07 48 00 NGC 829 GALXY14.0
02 08 48 +07 58 00 NGC 827 GALXY12.7
02 09 00 -07 46 00 NGC 830 GALXY14.0
02 09 24 -10 08 00 NGC 833 GALXY12.7
02 09 30 -10 08 00 NGC 835 GALXY12.1
02 09 30 +06 06 00 NGC 831 GALXY15.0
02 09 36 -10 09 00 NGC 838 GALXY12.9
02 09 42 -10 12 00 NGC 839 GALXY13.1
02 09 48 -07 46 00 NGC 842 GALXY12.7
02 10 12 +07 50 00 NGC 840 GALXY13.4
02 10 12 -22 19 00 NGC 849 GALXY14.3
02 10 12 +06 03 00 NGC 844 GALXY15.0
02 10 18 -10 20 00 NGC 848 GALXY13.0
02 10 24 -22 26 00 NGC 837 GALXY14.0
02 10 30 -22 04 00 NGC 836 GALXY13.3
02 11 12 -01 30 00 NGC 850 GALXY12.9
02 11 12 +03 47 00 NGC 851 GALXY13.5
02 11 48 -09 18 00 NGC 853 GALXY13.0
02 12 36 -22 27 00 NGC 858 GALXY13.7
02 13 36 -00 44 00 NGC 856 GALXY13.2
02 13 54 -00 44 00 NGC 859 NONEX
02 14 36 -00 46 00 NGC 863 GALXY12.9
02 15 24 +06 00 00 NGC 864 GALXY10.9
02 15 24 -17 48 00 NGC 872 GALXY13.8
02 15 48 -01 00 00 NGC 866 NONEX
02 15 54 +01 03 00 NGC 867 NONEX
02 16 00 -00 44 00 NGC 868 GALXY13.9
02 16 06 -23 18 00 NGC 874 GALXY14.2
02 16 36 -11 20 00 NGC 873 GALXY13.0
02 16 48 -08 58 00 NGC 879 GALXY
02 17 06 +01 14 00 NGC 875 GALXY12.9
02 17 48 -23 22 00 NGC 878 GALXY13.7
02 18 06 -04 13 00 NGC 880 GALXY
02 18 36 -06 35 00 NGC 881 GALXY12.4
02 19 00 -06 45 00 NGC 883 GALXY13.0
02 19 36 -16 04 00 NGC 887 GALXY13.0
02 19 48 -01 00 00 NGC 885 NONEX
02 20 42 -23 07 00 NGC 892 GALXY
02 21 30 -05 31 00 NGC 895 GALXY11.7
02 21 30 -05 30 00 NGC 894 NONEX
02 22 00 -20 48 00 NGC 899 GALXY12.6
02 22 24 -16 40 00 NGC 902 GALXY14.0
02 22 36 -08 43 00 NGC 905 GALXY
02 23 00 -20 42 00 NGC 907 GALXY12.6
02 23 06 -21 13 00 NGC 908 GALXY10.2
02 26 12 -00 18 59 NGC 926 GALXY13.3
02 26 36 -15 50 00 NGC 921 GALXY14.0
02 26 42 -14 30 00 NGC 944 GALXY14.0
02 27 18 -12 05 00 NGC 929 GALXY15.0
02 27 36 -00 14 00 NGC 934 GALXY13.1
02 27 42 -01 09 00 NGC 936 GALXY10.1
02 28 30 -01 08 00 NGC 941 GALXY12.4
02 28 36 -10 31 00 NGC 945 GALXY12.1
02 28 36 -19 03 00 NGC 947 GALXY12.6
02 28 42 -10 30 00 NGC 948 GALXY14.0
02 28 48 -22 20 00 NGC 951 GALXY14.6
02 29 00 -10 49 00 NGC 943 GALXY14.0
02 29 12 -10 49 00 NGC 942 GALXY14.0
02 29 12 -11 01 00 NGC 950 GALXY14.0
02 30 36 -01 06 00 NGC 955 GALXY12.0
02 30 36 -02 55 00 NGC 958 GALXY12.1
02 30 36 -04 13 00 NGC 963 GALXY
02 31 12 -06 54 00 NGC 961 NONEX
02 31 36 -09 17 00 NGC 960 GALXY14.0
02 31 48 -19 53 00 NGC 966 GALXY13.3
02 32 12 -17 13 00 NGC 967 GALXY12.5
02 32 30 -18 39 00 NGC 965 GALXY14.2
02 32 54 -10 57 00 NGC 981 GALXY14.0
02 33 00 -10 44 00 NGC 977 GALXY13.0
02 33 12 +09 37 00 NGC 975 GALXY13.1
02 33 48 -16 30 00 NGC 989 GALXY15.0
02 34 30 -08 46 00 NGC 985 GALXY13.4
02 35 12 -09 20 00 NGC 988 GALXY11.0
02 35 36 -07 08 00 NGC 991 GALXY11.7
02 36 42 +02 03 00 NGC 993 GALXY13.6
02 36 42 +02 03 00 NGC 994 NONEX
02 37 12 +07 18 01 NGC 997 GALXY14.5
02 37 12 +07 26 01 NGC 998 GALXY15.5
02 37 30 -11 02 00 NGC 1010 GALXY14.0
02 37 30 -11 02 00 NGC 1006 GALXY
02 37 36 +01 57 00 NGC 1004 GALXY12.7
02 37 36 -11 01 00 NGC 1011 GALXY15.0
02 37 48 -11 31 00 NGC 1013 GALXY14.0
02 37 48 -11 01 00 NGC 1017 GALXY14.0
02 37 48 +02 08 00 NGC 1007 GALXY15.5
02 37 48 -09 32 00 NGC 1014 2STAR
02 37 54 -01 51 00 UGC 2119 GALXY13.5
02 37 54 +02 04 00 NGC 1008 GALXY13.6
02 38 00 -01 51 00 NGC 1037 GALXY14.5
02 38 00 -09 34 00 NGC 1018 GALXY15.0
02 38 12 -01 20 00 NGC 1015 GALXY12.1
02 38 12 -15 49 00 NGC 1034 GALXY14.0
02 38 18 +02 07 00 NGC 1016 GALXY11.6
02 38 18 +02 18 00 NGC 1009 GALXY14.4
02 38 24 +01 54 00 NGC 1019 GALXY13.5
02 38 30 -06 40 00 NGC 1022 GALXY11.3
02 38 42 +02 13 00 NGC 1020 GALXY14.1
02 38 48 +02 12 00 NGC 1021 GALXY14.2
02 39 18 +06 32 00 NGC 1026 GALXY12.6
02 39 24 +01 05 00 NGC 1032 GALXY11.6
02 39 24 -08 07 00 NGC 1035 GALXY12.2
02 40 06 +01 30 00 NGC 1038 GALXY13.4
02 40 06 -08 48 00 NGC 1033 GALXY14.0
02 40 18 -05 28 00 NGC 1041 GALXY14.0
02 40 24 -08 27 00 NGC 1042 GALXY11.0
02 40 24 -11 18 00 NGC 1045 GALXY13.0
02 40 36 -08 33 00 NGC 1048B GALXY14.0
02 40 36 -08 33 00 NGC 1048A GALXY14.5
02 40 36 -08 10 00 NGC 1047 GALXY15.0
02 40 42 +01 20 00 NGC 1043 GALXY15.5
02 40 54 -06 57 59 NGC 1051 GALXY13.0
02 41 00 -08 15 00 NGC 1052 GALXY10.5
02 41 00 +08 43 00 NGC 1044 GALXY13.2
02 41 06 +08 42 00 NGC 1046 GALXY13.8
02 41 48 +00 26 00 NGC 1055 GALXY10.6
02 42 06 -05 34 00 NGC 1063 GALXY14.0
02 42 06 -15 06 00 NGC 1065 GALXY14.0
02 42 12 -09 22 00 NGC 1064 GALXY14.0
02 42 42 -00 02 00 NGC 1068 GALXY08.9
02 42 48 -08 18 00 NGC 1069 GALXY14.5
02 43 00 -08 46 00 NGC 1071 GALXY15.0
02 43 18 +04 58 00 NGC 1070 GALXY11.9
02 43 30 +00 18 00 NGC 1072 GALXY13.4
02 43 42 +01 22 00 NGC 1073 GALXY11.0
02 43 42 -14 45 00 NGC 1076 GALXY13.0
02 43 42 -16 18 00 NGC 1074 GALXY14.0
02 43 42 -16 11 00 NGC 1075 GALXY15.0
02 44 12 -09 26 00 NGC 1078 GALXY15.0
02 45 12 -04 44 00 NGC 1080 GALXY13.5
02 46 24 +03 36 00 NGC 1085 GALXY12.3
02 46 30 -00 30 00 NGC 1087 GALXY10.9
02 46 36 -00 15 00 NGC 1090 GALXY11.8
02 47 30 -00 18 00 NGC 1094 GALXY12.5
02 47 36 +04 38 00 NGC 1095 GALXY13.3
02 48 00 +03 53 00 UGC 2275 GALXY13.4
02 48 18 +04 34 00 NGC 1101 GALXY13.0
02 48 42 -00 17 00 NGC 1104 GALXY13.6
02 49 12 +02 08 00 UGC 2302 GALXY13.2
02 49 18 +08 06 00 NGC 1107 GALXY12.2
02 52 36 +06 03 00 NGC 1128 NONEX
02 54 00 +02 57 00 NGC 1137 GALXY12.4
02 55 12 -00 11 00 NGC 1144 GALXY12.9
02 55 12 -00 11 00 NGC 1143 GALXY14.0
02 55 12 +00 28 00 NGC 1141 NONEX
02 55 12 +00 28 00 NGC 1142 NONEX
02 57 24 -00 18 00 NGC 1149 GALXY14.0
02 57 36 +06 02 00 Abell 400GALCL13.9
02 58 06 +03 22 00 NGC 1153 GALXY12.4
02 59 48 +02 46 00 IC 277 GALXY13.1
03 03 48 -01 05 00 NGC 1194 GALXY12.9
03 06 54 -00 47 00 NGC 1211 GALXY12.3
03 08 24 +04 07 00 NGC 1218 GALXY12.7
03 08 30 +02 09 00 NGC 1219 GALXY13.0
03 14 06 +01 28 00 NGC 1251 2STAR
03 14 24 +02 42 00 NGC 1254 GALXY14.1
03 18 00 -00 10 00 NGC 1280 GALXY13.4
23 59 36 -18 51 00 NGC 7807 GALXY
