07 57 00 +14 23 00 UGC 4115 GALXY14.3
08 00 36 +22 24 00 NGC 2503 GALXY13.7
08 01 36 +15 43 00 NGC 2507 GALXY12.2
08 02 30 +09 25 00 NGC 2513 GALXY11.6
08 02 48 +15 49 00 NGC 2514 GALXY13.4
08 03 06 +23 24 00 NGC 2512 GALXY13.1
08 03 24 +20 12 00 NGC 2515 NONEX
08 05 42 +26 10 00 IC 492 GALXY
08 06 06 +17 43 01 NGC 2522 GALXY13.8
08 06 54 +08 01 00 NGC 2526 GALXY13.7
08 07 48 +17 50 00 NGC 2529 GALXY14.5
08 07 54 +17 49 00 NGC 2530 GALXY13.6
08 07 54 +17 50 00 NGC 2531 NONEX
08 11 12 +25 13 00 NGC 2535 GALXY12.8
08 11 18 +25 11 00 NGC 2536 GALXY14.1
08 12 48 +26 21 00 NGC 2540 GALXY13.5
08 14 12 +21 21 00 NGC 2545 GALXY12.4
08 17 42 +20 54 00 NGC 2553 GALXY13.8
08 17 54 +23 27 00 NGC 2554 GALXY12.0
08 19 12 +20 55 00 NGC 2556 GALXY14.4
08 19 18 +21 26 00 NGC 2557 GALXY13.2
08 19 24 +20 30 00 NGC 2558 GALXY12.9
08 19 48 +22 01 01 NGC 2565 GALXY12.6
08 19 54 +20 59 01 NGC 2560 GALXY13.3
08 20 24 +21 07 00 NGC 2562 GALXY12.9
08 20 36 +21 04 00 NGC 2563 GALXY12.2
08 21 24 +19 08 00 NGC 2572 GALXY13.8
08 21 30 +20 52 00 NGC 2569 GALXY14.3
08 21 30 +20 55 00 NGC 2570 GALXY14.5
08 22 42 +22 33 01 NGC 2577 GALXY12.4
08 22 48 +24 17 01 NGC 2575 GALXY12.7
08 22 54 +25 44 00 NGC 2576 GALXY14.3
08 24 30 +18 35 00 NGC 2581 GALXY13.3
08 25 18 +20 20 00 NGC 2582 GALXY13.0
08 26 48 +17 22 00 NGC 2593 GALXY13.9
08 27 06 +25 58 00 NGC 2592 GALXY12.3
08 27 18 +25 52 00 NGC 2594 GALXY15.0
08 27 24 +17 17 00 NGC 2596 GALXY13.5
08 27 42 +21 29 00 NGC 2595 GALXY12.3
08 30 00 +21 30 00 NGC 2597 NONEX
08 30 06 +21 29 00 NGC 2598 GALXY13.6
08 32 12 +22 34 00 NGC 2599 GALXY12.2
08 33 18 +29 33 00 NGC 2604A GALXY13.5
08 33 30 +29 30 00 NGC 2604B GALXY15.5
08 33 54 +26 59 00 NGC 2607 GALXY13.6
08 35 18 +28 29 00 NGC 2608 GALXY12.3
08 35 30 +25 02 00 NGC 2611 GALXY15.5
08 37 30 +24 57 00 NGC 2620 GALXY13.4
08 37 36 +28 43 00 NGC 2619 GALXY12.4
08 37 42 +25 00 00 NGC 2621 GALXY15.5
08 38 06 +19 44 00 NGC 2624 GALXY14.5
08 38 18 +24 55 00 NGC 2622 GALXY14.0
08 38 18 +19 43 00 NGC 2625 GALXY14.9
08 38 24 +25 46 00 NGC 2623 GALXY13.4
08 40 06 +19 59 01 NGC 2632 OPNCL03.1
08 40 30 +23 33 00 NGC 2628 GALXY13.3
08 41 06 +19 42 00 NGC 2637 GALXY
08 41 42 +19 43 00 NGC 2643 GALXY
08 42 36 +19 40 00 NGC 2647 GALXY15.0
08 42 42 +14 18 00 NGC 2648 GALXY11.8
08 44 00 +11 47 00 NGC 2651 GALXY15.5
08 44 12 +30 07 00 UGC 4559 GALXY13.2
08 45 24 +09 40 00 NGC 2657 GALXY13.0
08 46 00 +12 38 00 NGC 2661 GALXY12.8
08 46 48 +17 53 00 PK208+33.1PLNNB15.6
08 47 12 +12 36 00 NGC 2664 NONEX
08 48 18 +19 01 00 NGC 2667A GALXY15.0
08 48 24 +18 20 00 IC 2409 GALXY13.5
08 48 24 +19 02 00 NGC 2667B GALXY15.5
08 49 18 +19 04 01 NGC 2672 GALXY11.7
08 49 24 +19 04 00 NGC 2673 GALXY14.5
08 50 00 +19 00 00 NGC 2677 GALXY15.0
08 50 12 +11 20 00 NGC 2678 NONEX
08 50 24 +11 49 00 NGC 2682 OPNCL06.9
08 51 30 +30 52 00 NGC 2679 GALXY14.5
08 51 30 +30 52 00 NGC 2680 GALXY14.5
08 54 12 +08 55 00 PK219+31.1PLNNB12.2
08 57 18 +17 17 00 NGC 2711 GALXY13.6
08 59 12 +11 10 00 NGC 2720 GALXY12.8
09 01 06 +11 05 00 NGC 2725 GALXY13.4
09 01 48 +11 04 01 NGC 2728 GALXY13.6
09 02 06 +08 18 00 NGC 2731 GALXY13.5
09 02 18 +16 50 00 NGC 2730 GALXY13.0
09 02 36 +25 56 00 NGC 2735 GALXY13.3
09 03 00 +16 50 00 NGC 2734 GALXY
09 03 54 +21 58 00 NGC 2738 GALXY13.0
09 03 54 +21 54 00 NGC 2737 GALXY14.1
09 04 18 +18 16 00 NGC 2741 NONEX
09 04 36 +18 15 00 NGC 2745 GALXY15.5
09 04 42 +18 28 00 NGC 2744 GALXY13.5
09 05 00 +25 00 00 NGC 2743 GALXY13.7
09 05 18 +18 26 01 NGC 2747 GALXY15.5
09 05 24 +18 19 00 NGC 2749 GALXY11.8
09 05 30 +18 15 00 NGC 2751 GALXY15.0
09 05 42 +25 26 00 NGC 2750 GALXY11.9
09 05 42 +18 20 00 NGC 2752 GALXY13.7
09 07 12 +25 20 00 NGC 2753 GALXY14.4
09 07 30 +18 26 00 NGC 2761 GALXY15.0
09 08 18 +21 27 00 NGC 2764 GALXY12.9
09 08 48 +29 52 00 NGC 2766 GALXY13.6
09 09 36 +07 11 00 NGC 2773 GALXY14.0
09 10 18 +07 03 00 NGC 2775 GALXY10.1
09 10 36 +07 13 00 NGC 2777 GALXY13.3
09 10 36 +18 42 00 NGC 2774 GALXY15.0
09 13 30 +30 00 00 NGC 2783B GALXY15.0
09 13 36 +29 59 00 NGC 2783A GALXY14.0
09 14 00 +12 09 00 NGC 2786 NONEX
09 15 00 +29 44 00 NGC 2789 GALXY12.2
09 15 00 +19 43 00 NGC 2790 GALXY14.4
09 15 00 +17 36 00 NGC 2791 GALXY15.5
09 16 00 +17 36 00 NGC 2794 GALXY13.1
09 16 06 +17 38 00 NGC 2795 GALXY12.8
09 16 24 +17 44 00 NGC 2797 GALXY14.5
09 16 42 +19 56 00 NGC 2801 GALXY14.0
09 16 42 +30 55 00 NGC 2796 GALXY14.5
09 16 42 +18 58 00 NGC 2802 GALXY14.5
09 16 42 +18 58 00 NGC 2803 GALXY14.5
09 16 48 +20 12 00 NGC 2804 GALXY12.9
09 17 00 +20 03 00 NGC 2806 GALXY15.0
09 17 00 +20 02 00 NGC 2807 GALXY15.0
09 17 06 +20 04 00 NGC 2809 GALXY13.0
09 17 36 +19 55 00 NGC 2812 GALXY15.5
09 17 42 +19 54 00 NGC 2813 GALXY13.5
09 18 12 +16 13 00 NGC 2819 GALXY12.8
09 19 00 +26 17 01 NGC 2824 GALXY13.3
09 20 24 +18 57 00 NGC 2843 GALXY
