11 58 30 +27 33 00 NGC 4016 GALXY13.3
11 58 36 +16 11 00 NGC 4014 GALXY12.3
11 58 42 +25 20 00 NGC 4018 GALXY13.8
11 58 42 +25 03 00 NGC 4015 GALXY14.2
11 58 54 +27 29 00 NGC 4017 GALXY12.2
11 58 54 +14 13 00 NGC 4019 NONEX
11 59 00 +25 14 00 NGC 4022 GALXY13.0
11 59 00 +25 06 00 NGC 4021 GALXY15.3
11 59 06 +25 00 00 NGC 4023 GALXY13.6
11 59 54 +16 14 00 NGC 4028 NONEX
12 00 36 +20 05 00 NGC 4032 GALXY12.3
12 01 24 +13 25 00 NGC 4037 GALXY11.9
12 02 12 +17 50 00 NGC 4040 GALXY13.3
12 02 24 +20 09 00 NGC 4042 NONEX
12 02 54 +18 01 00 NGC 4048 GALXY13.6
12 03 00 +18 46 00 NGC 4049 GALXY13.3
12 03 12 +19 44 00 NGC 4053 GALXY14.6
12 03 42 +21 04 00 NGC 4055 NONEX
12 03 54 +21 19 00 NGC 4059 NONEX
12 04 00 +20 19 00 NGC 4056 GALXY
12 04 06 +20 14 00 NGC 4061 GALXY13.1
12 04 06 +20 21 00 NGC 4060 GALXY15.6
12 04 12 +18 27 00 NGC 4064 GALXY11.4
12 04 12 +20 14 00 NGC 4065 GALXY12.6
12 04 12 +20 22 00 NGC 4066 GALXY12.9
12 04 12 +20 26 00 NGC 4070 GALXY13.1
12 04 12 +20 20 00 NGC 4069 GALXY
12 04 18 +20 13 00 NGC 4072 GALXY15.6
12 04 36 +20 12 00 NGC 4076 GALXY13.4
12 04 36 +20 20 00 NGC 4074 GALXY15.4
12 05 00 +27 00 00 NGC 4080 GALXY13.8
12 05 18 +21 14 00 NGC 4084 GALXY14.4
12 05 18 +20 19 00 NGC 4057 GALXY
12 05 30 +20 15 00 NGC 4086 GALXY13.6
12 05 30 +20 19 00 NGC 4090 GALXY13.9
12 05 36 +20 34 00 NGC 4089 GALXY13.6
12 05 42 +20 34 00 NGC 4091 GALXY15.2
12 05 54 +20 30 00 NGC 4092 GALXY13.2
12 05 54 +20 33 00 NGC 4093 GALXY15.3
12 06 00 +20 35 00 NGC 4095 GALXY13.5
12 06 06 +20 37 00 NGC 4098 GALXY14.5
12 06 06 +20 39 00 NGC 4099 NONEX
12 06 12 +25 34 00 NGC 4101 GALXY13.5
12 06 42 +28 11 00 NGC 4104 GALXY12.1
12 07 06 +18 32 00 NGC 4110 GALXY13.7
12 07 12 +33 00 00 NGC 4122 GALXY15.0
12 07 12 +14 25 00 NGC 4115 NONEX
12 08 42 +16 09 00 NGC 4126 GALXY13.4
12 08 48 +29 19 00 NGC 4131 GALXY13.1
12 09 06 +29 15 00 NGC 4132 GALXY13.9
12 09 12 +29 11 00 NGC 4134 GALXY12.8
12 09 24 +29 56 00 NGC 4136 GALXY11.0
12 10 06 +18 33 00 NGC 4147 GLOCL10.3
12 10 24 +26 26 00 NGC 4146 GALXY12.7
12 10 36 +30 25 00 NGC 4150 GALXY11.6
12 10 36 +18 49 00 UGC 7170 GALXY14.3
12 10 42 +16 03 00 NGC 4152 GALXY12.2
12 10 48 +19 03 00 NGC 4155 GALXY13.3
12 10 48 +18 22 00 NGC 4153 NONEX
12 11 12 +20 11 00 NGC 4158 GALXY12.1
12 11 54 +24 08 00 NGC 4162 GALXY12.2
12 12 12 +17 46 00 NGC 4166 GALXY13.1
12 12 18 +29 11 00 NGC 4169 GALXY12.2
12 12 24 +29 12 00 NGC 4173 GALXY13.0
12 12 24 +29 13 00 NGC 4170 GALXY13.7
12 12 24 +29 12 00 NGC 4171 NONEX
12 12 30 +29 09 00 NGC 4174 GALXY13.3
12 12 36 +29 10 00 NGC 4175 GALXY13.2
12 13 24 +28 31 00 NGC 4185 GALXY12.1
12 13 24 +14 46 00 NGC 4192A GALXY17.0
12 13 48 +13 26 00 NGC 4189 GALXY11.7
12 13 54 +14 55 00 NGC 4192 GALXY10.1
12 14 06 +14 44 00 NGC 4192A GALXY17.0
12 14 12 +14 44 00 NGC 4186 GALXY13.8
12 14 30 +28 26 00 NGC 4196 GALXY12.8
12 15 06 +14 02 00 IC 3061 GALXY13.6
12 15 12 +33 13 00 NGC 4203 GALXY10.9
12 15 18 +20 40 00 NGC 4204 GALXY12.4
12 15 30 +13 55 00 NGC 4208 NONEX
12 15 30 +28 31 00 NGC 4209 NONEX
12 15 42 +13 55 00 NGC 4212 GALXY11.2
12 15 42 +23 59 00 NGC 4213 GALXY12.5
12 15 42 +28 11 00 NGC 4211 GALXY14.4
12 16 24 +13 19 00 NGC 4222 GALXY13.3
12 17 12 +15 20 00 NGC 4237 GALXY11.6
12 17 18 +16 32 00 NGC 4239 GALXY12.8
12 17 30 +22 32 00 UGC 7321 GALXY13.4
12 17 42 +29 37 00 NGC 4245 GALXY11.4
12 18 12 +28 11 00 NGC 4251 GALXY10.7
12 18 30 +29 49 00 NGC 4253 GALXY13.1
12 18 54 +14 26 00 NGC 4254 GALXY09.9
12 19 36 +14 53 00 NGC 4262 GALXY11.6
12 19 54 +29 37 00 NGC 4274 GALXY10.4
12 19 54 +30 21 00 NGC 4272 GALXY13.1
12 20 00 +27 38 00 NGC 4275 GALXY13.1
12 20 12 +29 18 00 NGC 4278 GALXY10.2
12 20 24 +29 19 00 NGC 4283 GALXY12.1
12 20 48 +29 21 00 NGC 4286 GALXY13.1
12 21 18 +18 24 00 NGC 4293 GALXY10.4
12 21 18 +28 10 00 NGC 4295 GALXY13.6
12 21 36 +14 37 00 NGC 4298 GALXY11.3
12 21 36 +15 45 00 IC 783 GALXY13.6
12 21 48 +14 37 00 NGC 4302 GALXY11.6
12 22 00 +30 04 00 NGC 4308 GALXY13.4
12 22 30 +29 13 00 NGC 4310 GALXY12.2
12 22 30 +29 13 00 NGC 4311 NONEX
12 22 36 +29 54 00 NGC 4314 GALXY10.6
12 22 36 +15 33 00 NGC 4312 GALXY11.7
12 22 36 +31 03 00 NGC 4317 1STAR
12 22 54 +15 54 00 NGC 4323 NONEX
12 23 00 +15 50 00 NGC 4321 GALXY09.4
12 23 06 +15 55 00 NGC 4322 GALXY13.9
12 23 06 +28 55 00 NGC 4338 GALXY14.6
12 23 12 +15 47 00 NGC 4327 NONEX
12 23 24 +15 49 00 NGC 4328 GALXY13.0
12 23 36 +19 27 00 NGC 4336 GALXY12.5
12 23 42 +16 44 00 NGC 4340 GALXY11.2
12 23 42 +17 33 00 NGC 4344 GALXY12.3
12 24 00 +16 42 00 NGC 4350 GALXY11.0
12 24 06 +31 32 00 NGC 4359 GALXY12.7
12 24 54 +28 34 00 NGC 4375 GALXY12.8
12 25 00 +26 00 00 Mel 111 OPNCL01.8
12 25 18 +15 37 00 NGC 4379 GALXY11.7
12 25 18 +14 46 00 NGC 4377 GALXY11.9
12 25 30 +18 12 00 NGC 4382 GALXY09.1
12 25 30 +16 29 00 NGC 4383 GALXY12.1
12 25 42 +27 34 00 NGC 4393 GALXY12.1
12 26 00 +18 13 00 NGC 4394 GALXY10.9
12 26 00 +18 19 00 NGC 4397 3STAR
12 26 06 +15 41 00 NGC 4396 GALXY12.6
12 26 12 +16 11 00 NGC 4405 GALXY12.0
12 26 12 +27 53 00 NGC 4408 GALXY13.8
12 26 24 +31 14 00 NGC 4414 GALXY10.1
12 27 00 +15 03 00 NGC 4419 GALXY11.2
12 27 06 +15 28 00 NGC 4421 GALXY11.6
12 27 06 +15 54 00 IC 3365 GALXY13.9
12 27 12 +27 50 59 NGC 4426 2STAR
12 27 12 +27 50 59 NGC 4427 2STAR
12 28 12 +28 38 00 NGC 4448 GALXY11.1
12 28 12 +13 55 00 NGC 4446 GALXY13.9
12 28 18 +13 54 00 NGC 4447 GALXY13.9
12 28 36 +17 06 00 NGC 4450 GALXY10.1
12 28 48 +22 50 00 NGC 4455 GALXY12.3
12 29 06 +13 59 00 NGC 4459 GALXY10.4
12 29 36 +14 04 00 NGC 4468 GALXY12.8
12 29 42 +27 16 00 NGC 4475 GALXY13.6
12 29 54 +13 26 00 NGC 4473 GALXY10.2
12 30 00 +14 05 00 NGC 4474 GALXY11.5
12 30 06 +13 39 00 NGC 4477 GALXY10.4
12 30 24 +13 35 00 NGC 4479 GALXY12.4
12 30 54 +16 46 00 NGC 4489 GALXY12.0
12 31 18 +25 47 00 NGC 4494 GALXY09.8
12 31 18 +29 09 00 NGC 4495 GALXY13.1
12 31 30 +14 51 00 IC 3453 GALXY15.0
12 31 42 +16 52 00 NGC 4498 GALXY12.2
12 31 48 +20 30 00 NGC 4529 GALXY15.0
12 32 06 +14 26 00 NGC 4501 GALXY09.6
12 32 06 +16 42 00 NGC 4502 GALXY13.9
12 32 12 +13 26 00 NGC 4506 GALXY12.7
12 32 30 +29 44 00 NGC 4514 GALXY13.2
12 32 42 +14 03 00 IC 3476 GALXY12.7
12 33 06 +16 16 00 NGC 4515 GALXY12.3
12 33 12 +14 35 00 NGC 4516 GALXY12.8
12 33 42 +30 18 00 NGC 4525 GALXY12.2
12 33 54 +15 11 00 NGC 4523 GALXY14.1
12 34 42 +18 13 00 NGC 4539 GALXY12.0
12 34 54 +15 34 00 NGC 4540 GALXY11.7
12 35 30 +14 30 00 NGC 4548 GALXY10.1
12 35 30 +25 52 00 NGC 4562 GALXY13.5
12 35 30 +25 52 00 NGC 4565A GALXY14.6
12 35 36 +26 32 00 NGC 4555 GALXY12.1
12 35 36 +26 13 00 NGC 4565B GALXY15.5
12 35 42 +26 56 00 NGC 4556 GALXY13.1
12 35 48 +27 01 00 NGC 4558 GALXY14.4
12 35 54 +27 58 00 NGC 4559 GALXY10.0
12 35 54 +26 59 00 NGC 4563 GALXY15.6
12 36 06 +26 57 00 NGC 4557 GALXY15.5
12 36 12 +19 20 00 NGC 4561 GALXY12.5
12 36 18 +26 00 00 NGC 4565 GALXY09.6
12 36 54 +27 52 00 NGC 4559A GALXY15.5
12 36 54 +27 46 00 NGC 4559B GALXY15.5
12 37 00 +14 14 00 NGC 4571 GALXY11.3
12 38 06 +28 57 00 NGC 4585 GALXY14.0
12 39 54 +15 18 00 NGC 4595 GALXY12.1
12 41 24 +26 02 00 NGC 4614 GALXY13.3
12 41 24 +26 05 00 NGC 4613 GALXY15.5
12 41 30 +26 04 00 NGC 4615 GALXY13.1
12 41 30 +13 44 00 NGC 4611 GALXY14.1
12 42 36 +19 57 00 NGC 4635 GALXY12.6
12 42 42 +14 22 00 NGC 4633 GALXY13.1
12 42 48 +14 18 00 NGC 4634 GALXY12.4
12 43 48 +16 24 00 NGC 4651 GALXY10.8
12 44 36 +13 31 00 NGC 4659 GALXY12.1
12 45 12 +27 08 00 NGC 4670 GALXY12.7
12 45 30 +27 04 00 NGC 4673 GALXY12.9
12 46 06 +30 44 00 NGC 4676A GALXY14.1
12 46 12 +30 44 00 NGC 4676B GALXY14.1
12 47 06 +19 28 00 NGC 4685 GALXY12.6
12 47 54 +13 46 00 NGC 4689 GALXY10.9
12 47 54 +27 14 00 NGC 4692 GALXY12.6
12 49 00 +27 11 00 NGC 4702 GALXY15.0
12 49 30 +15 10 00 NGC 4710 GALXY11.0
12 49 30 +25 29 00 NGC 4712 GALXY12.8
12 49 48 +27 49 00 NGC 4715 GALXY13.1
12 50 12 +27 20 00 NGC 4721 GALXY14.4
12 50 24 +25 33 00 NGC 4725 GALXY09.4
12 50 24 +27 26 00 NGC 4728 GALXY13.5
12 50 36 +27 25 00 NGC 4728A GALXY14.5
12 50 36 +27 29 00 NGC 4728B GALXY16.0
12 51 00 +28 56 00 NGC 4735 GALXY14.5
12 51 06 +28 48 00 NGC 4738 GALXY13.4
12 51 12 +27 26 00 NGC 4745B GALXY16.0
12 51 18 +27 26 00 NGC 4745A GALXY15.4
12 51 42 +25 47 00 NGC 4747 GALXY12.4
12 52 18 +13 29 00 NGC 4752 1STAR
12 52 36 +15 51 00 NGC 4758 GALXY13.1
12 54 06 +27 09 00 NGC 4789A GALXY13.6
12 54 06 +27 04 00 NGC 4787 GALXY14.4
12 54 12 +27 19 00 NGC 4788 GALXY14.3
12 54 18 +27 04 00 NGC 4789 GALXY12.1
12 54 37 +28 57 00 NGC 4793 GALXY11.6
12 54 48 +19 11 00 IC 3881 GALXY13.0
12 54 54 +27 25 00 NGC 4798 GALXY13.2
12 54 54 +27 21 00 NGC 4797 NONEX
12 55 24 +27 57 00 NGC 4805 GALXY
12 55 24 +27 33 00 NGC 4807B GALXY
12 55 30 +27 31 00 NGC 4807A GALXY14.4
12 56 12 +27 45 00 NGC 4816 GALXY12.8
12 56 12 +28 00 00 NGC 4817 NONEX
12 56 24 +26 59 00 NGC 4819 GALXY13.2
12 56 30 +26 58 00 NGC 4821 GALXY14.5
12 56 36 +27 31 00 NGC 4824 GALXY
12 56 42 +21 41 00 NGC 4826 GALXY08.5
12 56 42 +27 11 00 NGC 4827 GALXY12.9
12 56 42 +28 01 00 NGC 4828 GALXY14.2
12 57 24 +27 30 00 NGC 4839 GALXY12.1
12 57 24 +27 33 00 NGC 4842 GALXY14.9
12 57 30 +28 29 00 NGC 4841A GALXY12.8
12 57 30 +27 37 00 NGC 4840 GALXY13.7
12 57 36 +28 29 00 NGC 4841B GALXY12.6
12 58 00 +27 58 00 NGC 4850 GALXY14.2
12 58 06 +28 15 00 NGC 4848 GALXY13.7
12 58 12 +26 24 00 NGC 4849 GALXY12.9
12 58 18 +28 09 00 NGC 4851 GALXY15.5
12 58 18 +26 25 00 NGC 4849A GALXY16.0
12 58 36 +27 36 00 NGC 4853 GALXY13.6
12 58 48 +27 41 00 NGC 4854 GALXY13.9
12 59 00 +26 49 00 NGC 4859 GALXY13.6
12 59 00 +28 07 00 NGC 4858 GALXY15.2
12 59 06 +28 08 00 NGC 4860 GALXY13.5
12 59 12 +27 59 00 NGC 4864 GALXY13.6
12 59 18 +28 05 00 NGC 4865 GALXY13.7
12 59 18 +28 00 00 NGC 4867 GALXY14.5
12 59 24 +27 55 00 NGC 4869 GALXY13.8
12 59 24 +27 38 00 PK 49+88.1PLNNB16.0
12 59 30 +27 58 00 NGC 4871 GALXY14.1
12 59 30 +27 59 00 NGC 4873 GALXY14.1
12 59 36 +27 58 00 NGC 4874 GALXY11.7
12 59 36 +27 57 00 NGC 4872 GALXY14.4
12 59 36 +27 55 00 NGC 4876 GALXY14.4
12 59 36 +27 55 00 NGC 4875 GALXY14.6
12 59 48 +27 59 00 Abell 1656GALCL11.0
12 59 54 +28 15 00 NGC 4881 GALXY13.6
12 59 54 +28 02 00 NGC 4883 GALXY14.4
12 59 54 +27 59 00 NGC 4882 GALXY15.5
13 00 00 +26 54 00 NGC 4892 GALXY13.9
13 00 00 +27 59 00 NGC 4884 NONEX
13 00 06 +27 59 00 NGC 4889 GALXY11.5
13 00 06 +27 59 00 NGC 4886 GALXY13.9
13 00 12 +28 12 00 NGC 4895 GALXY13.2
13 00 18 +27 57 00 NGC 4898 GALXY13.5
13 00 18 +27 58 00 NGC 4894 GALXY15.2
13 00 30 +28 21 00 NGC 4896 GALXY13.9
13 00 42 +27 56 00 NGC 4906 GALXY14.1
13 00 48 +28 00 00 IC 4051 GALXY13.2
13 00 48 +28 10 00 NGC 4907 GALXY13.6
13 00 48 +28 03 00 NGC 4908 GALXY13.6
13 00 54 +27 47 00 NGC 4911 GALXY12.8
13 01 00 +27 48 00 NGC 4911A GALXY15.5
13 01 18 +27 48 00 NGC 4919 GALXY14.1
13 01 24 +27 53 00 NGC 4921 GALXY12.2
13 01 24 +29 19 00 NGC 4922 GALXY14.2
13 01 30 +27 50 00 NGC 4923 GALXY13.7
13 01 54 +27 38 00 NGC 4926 GALXY13.0
13 02 00 +28 00 00 NGC 4927 GALXY13.7
13 02 06 +27 39 00 NGC 4926A GALXY14.2
13 02 42 +28 02 00 NGC 4929 GALXY13.4
13 03 00 +28 02 00 NGC 4931 GALXY13.5
13 03 18 +14 23 00 NGC 4935 GALXY13.0
13 03 18 +28 01 00 NGC 4934 GALXY14.4
13 03 48 +28 11 00 NGC 4944 GALXY12.9
13 03 48 +28 05 00 NGC 4943 GALXY15.6
13 04 12 +29 02 00 NGC 4949 GALXY
13 05 00 +29 08 00 NGC 4952 GALXY12.4
13 05 12 +27 34 00 NGC 4957 GALXY13.0
13 05 48 +27 44 00 NGC 4961 GALXY13.6
13 05 48 +27 33 00 NGC 4960 GALXY
13 05 54 +29 04 00 NGC 4962 NONEX
13 06 18 +29 04 00 NGC 4966 GALXY13.3
13 06 54 +28 32 00 NGC 4971 GALXY13.4
13 07 36 +24 49 00 NGC 4979 GALXY13.8
13 07 48 +18 25 00 NGC 4978 GALXY13.1
13 08 24 +28 19 00 NGC 4983 GALXY13.9
13 09 48 +28 54 00 NGC 5000 GALXY13.2
13 10 48 +29 44 00 NGC 5004B GALXY15.5
13 11 00 +29 35 00 NGC 5004C GALXY15.5
13 11 06 +29 38 00 NGC 5004A GALXY13.7
13 11 18 +25 23 00 NGC 5008 NONEX
13 11 36 +22 55 00 NGC 5012 GALXY12.2
13 12 06 +24 06 00 NGC 5016 GALXY12.8
13 12 36 +22 50 00 UGC 8290 GALXY13.7
13 12 54 +18 10 00 NGC 5024 GLOCL07.7
13 13 24 +27 48 00 NGC 5032A GALXY13.6
13 13 24 +27 46 00 NGC 5032B GALXY15.5
13 14 36 +30 42 00 NGC 5041 GALXY13.4
13 15 36 +29 39 00 NGC 5052 GALXY13.2
13 16 12 +30 56 00 NGC 5056 GALXY13.1
13 16 24 +17 42 00 NGC 5053 GLOCL09.8
13 16 30 +31 01 00 NGC 5057 GALXY13.0
13 17 36 +31 03 59 NGC 5065 GALXY13.6
13 19 12 +28 30 00 NGC 5081 GALXY13.0
13 19 42 +30 15 00 NGC 5089 GALXY13.0
13 19 54 +23 00 00 NGC 5092 GALXY13.3
13 23 00 +26 59 00 NGC 5116 GALXY12.7
13 26 36 +16 52 00 NGC 5151 GALXY14.9
13 27 42 +17 46 00 NGC 5158 GALXY12.8
13 29 18 +17 03 00 NGC 5172 GALXY11.9
13 29 24 +16 49 00 NGC 5180 GALXY13.0
13 30 36 +18 08 00 NGC 5190 GALXY13.2
13 31 00 +19 27 00 UGC 8507 GALXY13.9
13 34 06 +17 51 00 NGC 5217 GALXY12.6
