11 57 18 -62 39 00 Ru 97 OPNCL09.1
11 58 00 -64 29 00 Ru 98 OPNCL 7
12 01 54 -63 12 00 NGC 4052 OPNCL08.8
12 03 00 -62 45 00 Ru 99 OPNCL
12 05 42 -62 01 00 Ru 100 OPNCL
12 06 42 -61 15 00 NGC 4103 OPNCL07.4
12 06 54 -59 30 00 Stock 15 OPNCL
12 08 24 -64 12 00 PK298- 1.2PLNNB12.4
12 09 00 -63 16 00 PK298- 0.1BRTNB11.0
12 09 00 -61 41 00 Ru 101 OPNCL
12 09 12 -58 43 00 PK297+ 3.1PLNNB
12 13 12 -61 56 00 Ru 102 OPNCL
12 13 36 -62 42 00 NGC 4184 NONEX
12 16 00 -58 09 00 Ru 103 OPNCL
12 23 00 -64 02 00 PK299- 1.1PLNNB13.6
12 23 48 -60 14 00 PK299+ 2.1PLNNB12.7
12 23 53 -58 08 00 NGC 4337 OPNCL08.9
12 24 30 -61 54 00 NGC 4349 OPNCL07.4
12 25 06 -60 07 00 Ru 104 OPNCL
12 27 00 -63 07 00 vdB-Ha 131OPNCL
12 27 24 -62 28 00 vdB-Ha 132OPNCL
12 27 30 -59 47 00 vdB-Ha 133OPNCL
12 28 24 -60 06 00 NGC 4439 OPNCL08.4
12 28 36 -59 49 00 Hogg 14 OPNCL09.5
12 28 42 -62 06 00 PK300+ 0.1PLNNB12.9
12 28 42 -56 28 00 Ru 165 OPNCL
12 28 48 -63 44 00 PK300- 0.1PLNNB11.7
12 29 00 -60 46 00 Harvard 5OPNCL07.1
12 29 30 -59 37 00 Hogg 23 OPNCL
12 30 12 -63 53 00 PK300- 1.1PLNNB13.8
12 30 24 -64 52 00 PK300- 2.1PLNNB
12 34 06 -61 34 00 Ru 105 OPNCL
12 39 42 -60 36 00 Tr 20 OPNCL10.1
12 42 18 -62 58 01 NGC 4609 OPNCL06.9
12 43 36 -63 06 00 Hogg 15 OPNCL10.3
12 53 00 -63 00 00 Coalsack DRKNB
12 53 36 -60 20 00 NGC 4755 OPNCL04.2
