12 06 54 +43 00 00 NGC 4109 GALXY13.9
12 07 06 +43 05 00 NGC 4111 GALXY10.7
12 07 12 +34 00 00 NGC 4113 NONEX
12 07 48 +43 08 00 NGC 4117 GALXY13.0
12 07 54 +43 07 00 NGC 4118 GALXY14.6
12 08 42 +36 48 00 UGC 7125 GALXY13.7
12 09 12 +44 01 00 NGC 4135 GALXY13.9
12 09 24 +44 06 00 NGC 4137 GALXY14.1
12 09 36 +43 42 00 NGC 4138 GALXY11.3
12 09 42 +42 33 00 NGC 4143 GALXY10.6
12 10 06 +39 54 00 NGC 4145 GALXY11.3
12 10 12 +35 53 00 NGC 4148 GALXY13.3
12 10 36 +39 25 00 NGC 4151 GALXY10.8
12 10 54 +39 29 00 NGC 4156 GALXY13.2
12 10 54 +39 45 00 UGC 7175 GALXY14.5
12 10 54 +39 45 00 NGC 4145A GALXY15.5
12 11 36 +43 45 00 NGC 4160 NONEX
12 12 12 +36 11 00 NGC 4163 GALXY14.0
12 12 12 +36 31 00 NGC 4167 NONEX
12 12 54 +52 16 00 UGC 7218 GALXY14.3
12 13 24 +43 43 00 NGC 4183 GALXY12.3
12 13 24 +50 45 00 NGC 4187B GALXY13.5
12 13 24 +50 46 00 NGC 4181 GALXY14.5
12 13 24 +50 44 00 NGC 4187A GALXY14.5
12 13 48 +36 39 00 NGC 4190 GALXY13.3
12 15 00 +35 57 00 UGC 7257 GALXY13.6
12 15 24 +51 22 00 UGC 7267 GALXY14.4
12 15 30 +43 25 00 UGC 7271 GALXY14.4
12 15 42 +36 20 00 NGC 4214 GALXY09.8
12 15 42 +48 09 00 NGC 4218 GALXY12.5
12 15 48 +47 06 00 NGC 4217 GALXY11.2
12 16 06 +47 54 00 NGC 4220 GALXY11.4
12 16 18 +47 02 00 NGC 4226 GALXY13.5
12 16 36 +33 32 00 NGC 4227 GALXY12.7
12 16 36 +36 20 00 NGC 4228 NONEX
12 16 42 +33 34 00 NGC 4229 GALXY13.2
12 16 42 +47 28 00 NGC 4231 GALXY13.3
12 16 42 +47 27 00 NGC 4232 GALXY13.6
12 17 24 +45 38 00 NGC 4242 GALXY10.8
12 17 30 +37 49 00 NGC 4244 GALXY10.4
12 17 48 +47 25 00 NGC 4248 GALXY12.5
12 18 54 +47 19 00 NGC 4258 GALXY08.4
12 20 36 +46 18 00 NGC 4288 GALXY12.9
12 20 36 +46 15 00 NGC 4288A GALXY15.0
12 21 18 +45 49 00 UGC 7408 GALXY13.1
12 23 24 +47 00 00 NGC 4346 GALXY11.1
12 24 00 +48 47 00 NGC 4357 GALXY12.4
12 24 30 +39 24 00 NGC 4369 GALXY11.7
12 25 06 +48 50 00 NGC 4381 NONEX
12 25 12 +45 52 00 NGC 4392 GALXY14.6
12 25 30 +45 42 00 NGC 4389 GALXY11.7
12 25 42 +33 33 00 NGC 4395 GALXY10.2
12 25 54 +33 34 00 NGC 4399 NONEX
12 25 54 +33 34 00 NGC 4400 NONEX
12 25 54 +33 31 00 NGC 4401 NONEX
12 27 36 +43 29 00 UGC 7577 GALXY12.3
12 28 12 +44 06 00 NGC 4449 GALXY09.6
12 28 30 +37 13 00 UGC 7599 GALXY12.3
12 28 42 +44 52 00 NGC 4460 GALXY11.3
12 28 42 +43 13 00 UGC 7608 GALXY13.3
12 28 42 +35 43 00 UGC 7605 GALXY14.5
12 29 54 +47 31 00 UGC 7639 GALXY13.8
12 30 30 +41 43 00 NGC 4485 GALXY11.9
12 30 36 +41 39 00 NGC 4490 GALXY09.8
12 32 24 +42 42 00 UGC 7690 GALXY12.6
12 32 48 +37 37 00 UGC 7699 GALXY12.5
12 32 54 +31 32 00 UGC 7698 GALXY12.6
12 32 54 +32 09 00 NGC 4509 GALXY13.5
12 33 48 +41 21 00 NGC 4530 NONEX
12 34 00 +35 32 00 NGC 4534 GALXY12.3
12 34 48 +50 50 00 NGC 4542 GALXY15.5
12 35 00 +36 18 00 Upgren 1 OPNCL
12 35 12 +50 50 00 NGC 4537 GALXY16.0
12 36 18 +40 00 00 UGC 7774 GALXY14.2
12 38 00 +33 28 00 NGC 4583 GALXY14.7
12 41 12 +50 26 00 NGC 4617 GALXY13.2
12 41 30 +41 10 00 NGC 4618 GALXY10.8
12 41 42 +35 04 00 NGC 4619 GALXY12.7
12 41 54 +41 17 00 NGC 4625 GALXY12.4
12 42 00 +32 35 00 NGC 4627 GALXY12.4
12 42 06 +32 33 00 NGC 4631 GALXY09.2
12 42 06 +38 30 00 IC 3687 GALXY13.4
12 43 36 +41 02 00 NGC 4655 GALXY15.3
12 43 54 +32 11 00 NGC 4656 GALXY10.5
12 44 06 +32 13 00 NGC 4657 GALXY10.6
12 44 30 +37 07 00 NGC 4662 GALXY12.7
12 47 24 +35 22 00 NGC 4687 GALXY13.2
12 48 18 +51 11 00 NGC 4707 GALXY12.9
12 48 48 +41 56 00 NGC 4704 GALXY13.7
12 48 54 +35 21 00 NGC 4711 GALXY13.4
12 50 06 +33 09 00 NGC 4719 GALXY13.2
12 50 54 +41 08 00 NGC 4736 GALXY08.2
12 50 54 +47 40 00 NGC 4741 GALXY13.7
12 50 54 +34 09 00 NGC 4737 GALXY15.3
12 53 12 +36 49 00 NGC 4774 GALXY14.3
12 54 30 +46 32 00 NGC 4800 GALXY11.5
12 56 24 +52 18 00 NGC 4834 GALXY15.5
12 56 48 +48 18 00 NGC 4837 GALXY14.4
12 57 54 +36 22 00 NGC 4846 GALXY13.5
12 59 06 +34 52 00 NGC 4861 GALXY12.3
12 59 12 +37 19 00 NGC 4868 GALXY12.2
12 59 18 +37 00 00 NGC 4870 GALXY
12 59 54 +47 12 00 NGC 4901 GALXY15.5
13 00 06 +37 11 00 NGC 4893 GALXY15.6
13 00 06 +37 11 00 NGC 4893A GALXY
13 00 42 +37 22 00 NGC 4916 GALXY
13 00 48 +37 19 00 NGC 4914 GALXY11.6
13 00 48 +37 23 00 NGC 4912 NONEX
13 00 48 +37 21 00 NGC 4913 NONEX
13 00 54 +47 14 00 NGC 4917 GALXY13.8
13 02 36 +50 27 00 NGC 4932 GALXY13.6
13 03 00 +51 20 00 NGC 4938 GALXY14.1
13 05 06 +35 11 00 NGC 4956 GALXY12.4
13 05 42 +33 11 00 NGC 4959 GALXY15.4
13 05 48 +37 36 00 IC 4182 GALXY12.5
13 05 48 +41 43 00 NGC 4963 GALXY13.2
13 08 00 +51 56 00 NGC 4987 GALXY13.4
13 08 06 +41 41 00 NGC 4985 GALXY13.7
13 08 12 +50 40 00 NGC 4998 GALXY15.2
13 08 24 +35 12 00 NGC 4986 GALXY13.2
13 08 36 +43 44 00 NGC 5003 GALXY15.5
13 10 00 +34 11 00 UGC 8246 GALXY13.9
13 10 42 +36 37 00 NGC 5002 GALXY13.9
13 10 48 +50 05 00 NGC 5009 GALXY14.5
13 11 00 +37 03 00 NGC 5005 GALXY09.8
13 11 36 +36 17 00 NGC 5014 GALXY12.9
13 12 06 +35 40 00 IC 4213 GALXY13.3
13 12 06 +46 12 00 NGC 5021 GALXY13.4
13 12 12 +44 02 00 NGC 5023 GALXY12.3
13 12 36 +47 04 00 NGC 5029 GALXY13.1
13 12 48 +31 48 00 NGC 5025 GALXY13.4
13 13 18 +36 13 00 UGC 8303 GALXY13.1
13 13 30 +36 36 00 NGC 5033 GALXY10.2
13 13 36 +51 16 00 NGC 5040 GALXY15.1
13 13 48 +42 12 00 UGC 8313 GALXY14.0
13 14 24 +45 55 00 UGC 8320 GALXY12.4
13 14 48 +24 53 00 UGC 8323 GALXY13.8
13 15 30 +47 30 00 UGC 8331 GALXY14.2
13 15 48 +42 02 00 NGC 5055 GALXY08.6
13 18 30 +31 28 00 NGC 5074 GALXY14.0
13 19 00 +39 36 00 NGC 5083 GALXY14.2
13 19 36 +40 23 00 NGC 5093 GALXY13.7
13 20 12 +33 05 00 NGC 5096 GALXY15.1
13 20 24 +33 08 00 NGC 5098 GALXY15.0
13 20 30 +43 04 00 NGC 5103 GALXY12.6
13 21 24 +38 32 00 NGC 5107 GALXY13.2
13 21 55 +38 44 00 NGC 5112 GALXY12.1
13 23 00 +28 19 00 NGC 5117 GALXY13.2
13 23 12 +43 04 00 NGC 5123 GALXY12.8
13 23 48 +31 34 00 NGC 5127 GALXY11.9
13 24 00 +30 59 00 NGC 5131 GALXY13.5
13 24 48 +36 22 00 NGC 5141 GALXY12.8
13 25 00 +36 24 00 NGC 5142 GALXY13.3
13 25 00 +36 26 00 NGC 5143 GALXY15.5
13 25 12 +43 15 00 NGC 5145 GALXY12.3
13 26 06 +35 56 00 NGC 5149 GALXY12.9
13 26 24 +36 00 00 NGC 5154 GALXY13.8
13 27 24 +32 01 00 NGC 5157 GALXY13.3
13 28 18 +46 40 00 NGC 5169 GALXY13.5
13 28 18 +32 01 00 NGC 5166A GALXY14.3
13 28 30 +46 35 00 NGC 5173 GALXY12.1
13 28 36 +32 03 00 NGC 5166B GALXY15.5
13 29 42 +45 24 00 UGC 8489 GALXY14.9
13 29 54 +31 07 00 NGC 5187 GALXY13.4
13 30 00 +47 11 00 NGC 5194 GALXY08.4
13 30 06 +47 16 00 NGC 5195 GALXY09.6
13 30 18 +46 40 00 NGC 5198 GALXY11.8
13 30 36 +34 49 00 NGC 5199 GALXY15.1
13 32 48 +41 52 00 NGC 5214 GALXY13.6
13 33 18 +51 30 00 NGC 5225 GALXY13.5
13 34 00 +47 54 00 NGC 5229 GALXY13.7
13 34 18 +34 41 00 NGC 5223 GALXY13.0
13 34 30 +34 46 00 NGC 5228 GALXY13.3
13 34 42 +51 37 00 NGC 5238 GALXY13.4
13 35 06 +34 40 00 NGC 5233 GALXY13.9
13 35 54 +35 34 00 NGC 5240 GALXY13.1
13 36 12 +38 19 59 NGC 5243 GALXY13.1
13 36 18 +46 13 00 UGC 8597 GALXY13.8
13 39 18 +30 59 00 NGC 5259 GALXY15.2
13 40 00 +28 24 00 NGC 5263 GALXY13.3
13 40 06 +36 51 00 NGC 5265 GALXY14.9
13 40 36 +38 46 00 NGC 5267 GALXY13.5
13 41 36 +30 06 59 NGC 5271 GALXY14.0
13 42 06 +35 38 00 NGC 5273 GALXY11.6
13 42 12 +28 23 00 NGC 5272 GLOCL06.4
13 42 18 +29 49 00 NGC 5275 GALXY14.2
13 42 18 +29 50 00 NGC 5274 GALXY15.7
13 42 24 +35 37 00 NGC 5276 GALXY13.8
13 42 36 +29 57 00 NGC 5277 GALXY14.4
13 42 48 +29 51 00 NGC 5280 GALXY13.6
13 43 18 +30 04 00 NGC 5282 GALXY13.2
13 44 54 +29 48 00 NGC 5287 GALXY16.0
13 45 12 +41 30 00 NGC 5289 GALXY13.0
13 45 24 +41 43 00 NGC 5290 GALXY12.5
13 46 12 +43 52 00 NGC 5296 GALXY14.4
13 46 19 +43 53 00 NGC 5297 GALXY11.8
13 46 24 +46 07 00 NGC 5301 GALXY12.7
13 47 42 +38 15 00 NGC 5303B GALXY15.5
13 47 48 +38 19 00 NGC 5303A GALXY12.9
13 47 54 +37 50 00 NGC 5305 GALXY13.6
13 48 36 +43 24 00 UGC 8733 GALXY13.4
13 49 00 +40 00 00 NGC 5311 GALXY12.3
13 49 48 +40 00 00 NGC 5313 GALXY12.0
13 49 48 +33 38 00 NGC 5312 GALXY14.8
13 50 24 +41 23 00 NGC 5320 GALXY12.1
13 50 30 +33 43 00 NGC 5318A GALXY13.5
13 50 30 +33 43 00 NGC 5319 GALXY15.0
13 50 30 +33 43 00 NGC 5318B GALXY
13 50 42 +33 39 00 NGC 5321 GALXY15.3
13 50 48 +38 16 00 NGC 5325B GALXY16.0
13 50 54 +39 35 00 NGC 5326 GALXY11.9
13 51 00 +38 17 00 NGC 5325A GALXY15.1
13 52 06 +43 15 00 NGC 5336 GALXY12.8
13 52 30 +39 42 00 NGC 5337 GALXY12.5
13 52 36 +37 50 00 NGC 5341 GALXY13.2
13 53 12 +39 35 00 NGC 5346 GALXY13.8
13 53 12 +37 54 00 NGC 5349 GALXY14.1
13 53 18 +33 30 00 NGC 5347 GALXY12.6
13 53 30 +40 18 00 NGC 5353 GALXY11.0
13 53 30 +40 22 00 NGC 5350 GALXY11.3
13 53 30 +40 19 00 NGC 5354 GALXY11.4
13 53 30 +37 56 00 NGC 5351 GALXY12.1
13 53 36 +36 09 00 NGC 5352 GALXY13.0
13 53 48 +40 21 00 NGC 5355 GALXY13.1
13 54 06 +40 17 00 NGC 5358 GALXY13.6
13 54 42 +38 27 00 NGC 5361 GALXY13.8
13 54 48 +41 20 00 NGC 5362 GALXY12.3
13 55 42 +40 28 00 NGC 5371 GALXY10.6
13 56 18 +47 15 00 NGC 5377 GALXY11.3
13 56 42 +29 11 00 NGC 5375 GALXY11.5
13 56 54 +37 49 00 NGC 5378 GALXY12.5
13 57 00 +41 52 00 NGC 5383 GALXY11.4
13 57 00 +37 37 00 NGC 5380 GALXY12.3
13 57 00 +46 17 00 NGC 5391 GALXY16.0
13 57 18 +40 26 00 NGC 5390 NONEX
13 58 36 +37 28 00 NGC 5394 GALXY13.0
13 58 42 +37 26 00 NGC 5395 GALXY11.4
13 59 00 +29 07 00 NGC 5396 NONEX
13 59 30 +34 47 00 NGC 5399 GALXY13.8
13 59 42 +36 15 00 NGC 5401 GALXY13.7
13 59 54 +38 11 00 NGC 5403 GALXY13.6
14 00 00 +38 13 00 NGC 5403A GALXY15.0
14 00 24 +38 55 00 NGC 5406 GALXY12.3
14 00 42 +41 00 00 NGC 5410 GALXY13.0
14 00 54 +39 09 00 NGC 5407 GALXY13.1
14 01 42 +33 50 00 NGC 5421 GALXY14.3
14 01 42 +33 50 00 NGC 5421B GALXY17.0
14 02 00 +46 19 00 NGC 5439 GALXY14.6
14 02 30 +32 31 00 NGC 5433 GALXY13.6
14 03 00 +34 46 00 NGC 5440 GALXY12.3
14 03 12 +34 41 00 NGC 5441 GALXY15.5
14 03 24 +35 08 00 NGC 5444 GALXY11.9
14 03 30 +35 02 00 NGC 5445 GALXY13.0
