19 08 12 +50 55 00 NGC 6764 GALXY11.9
19 16 36 +46 01 00 NGC 6783 GALXY15.5
19 19 12 +46 15 00 PK 77+14.1PLNNB13.0
19 24 00 +53 38 00 NGC 6798 GALXY13.2
19 27 42 +54 22 00 NGC 6801 GALXY13.9
19 34 48 +30 31 00 PK 64+ 5.1PLNNB09.6
19 35 36 +29 37 00 Sh2- 91 SNREM
19 36 18 +29 33 00 M1-92 BRTNB11.7
19 38 12 +46 34 00 NGC 6811 OPNCL06.8
19 41 18 +40 11 00 NGC 6819 OPNCL07.3
19 41 42 +50 38 00 UGC 11465 GALXY12.7
19 43 36 +56 07 00 NGC 6824 GALXY12.2
19 44 48 +50 31 00 NGC 6826 PLNNB08.8
19 45 42 +28 38 00 PK 64+ 2.1PLNNB
19 49 48 +48 58 00 NGC 6833 PLNNB13.8
19 50 00 +33 46 00 PK 69+ 3.1PLNNB14.3
19 51 00 +31 03 00 PK 66+ 2.1PLNNB
19 51 54 +33 00 00 PK 68+ 3.1PLNNB
19 52 12 +29 25 00 NGC 6834 OPNCL07.8
19 54 00 +33 22 00 PK 69+ 2.1PLNNB
19 56 30 +30 21 00 NGC 6846 OPNCL14.2
19 56 30 +32 22 00 PK 68+ 1.1PLNNB
19 57 00 +29 20 00 NGC 6847 NONEX
19 57 06 +39 50 00 PK 75+ 5.1PLNNB
19 59 00 +35 00 00 B144 DRKNB
19 59 18 +31 55 00 PK 68+ 1.2PLNNB13.3
19 59 18 +56 08 00 NGC 6856 NONEX
20 00 00 +35 17 00 Sh2-101 BRTNB
20 00 42 +34 36 00 Berk 49 OPNCL
20 01 42 +33 32 00 PK 70+ 1.1BRTNB
20 01 48 +33 31 00 NGC 6857 PLNNB11.4
20 02 30 +42 06 00 Do 36 OPNCL
20 02 48 +37 40 00 B145 DRKNB
20 02 48 +36 58 00 Ced 174 BRTNB
20 03 30 +36 02 00 B146 DRKNB
20 03 42 +44 00 00 NGC 6866 OPNCL07.6
20 03 54 +49 19 00 PK 84+ 9.1PLNNB15.7
20 04 24 +39 35 00 PK 75+ 4.1PLNNB17.6
20 04 36 +32 15 00 vdB 128 BRTNB
20 04 48 +31 28 00 PK 68- 0.1PLNNB16.0
20 04 48 +33 52 00 Berk 84 OPNCL
20 05 42 +40 32 00 DoDz 10 OPNCL
20 05 54 +35 47 00 NGC 6871 OPNCL05.2
20 06 48 +38 21 00 Basel 6 OPNCL07.7
20 06 54 +44 15 00 PK 79+ 6.1PLNNB
20 07 00 +32 17 00 PK 69+ 0.1PLNNB
20 07 30 +35 41 00 Biur 1 OPNCL
20 07 48 +38 14 00 NGC 6874 NONEX
20 08 12 +36 33 00 Do 1 OPNCL
20 09 00 +43 43 59 PK 79+ 5.1PLNNB12.3
20 09 12 +35 29 00 Biur 2 OPNCL06.3
20 10 00 +41 22 00 Do 2 OPNCL
20 10 00 +33 46 00 Roslund 5 OPNCL
20 10 18 +41 13 00 IC 1311 CL+NB13.1
20 10 24 +46 28 00 NGC 6884 PLNNB12.6
20 10 24 +34 46 00 IC 1310 CL+NB
20 10 30 +34 56 00 Berk 50 OPNCL
20 10 48 +37 25 00 NGC 6881 PLNNB14.3
20 11 18 +35 51 00 NGC 6883 OPNCL 8
20 11 48 +35 38 00 Ru 172 OPNCL
20 12 06 +34 21 00 Berk 51 OPNCL
20 12 48 +38 20 00 NGC 6888 BRTNB
20 12 48 +34 20 00 PK 72+ 0.1PLNNB
20 13 12 +30 32 00 PK 67- 0.1PLNNB
20 13 30 +40 16 00 B343 DRKNB
20 15 42 +36 47 00 Do 3 OPNCL
20 16 24 +30 34 00 NGC 6894 PLNNB14.4
20 16 24 +37 52 00 Do 39 OPNCL
20 16 24 +50 14 00 NGC 6895 NONEX
20 16 30 +37 38 00 IC 4996 OPNCL07.3
20 17 42 +39 19 00 vdB 130 OPNCL09.3
20 17 48 +36 44 00 Sh2-104 BRTNB
20 18 00 +36 40 00 Do 4 OPNCL
20 18 00 +30 39 00 NGC 6896 NONEX
20 18 06 +40 43 00 Cr 419 OPNCL05.4
20 18 12 +37 50 00 Do 40 OPNCL
20 19 06 +37 43 00 Berk 85 OPNCL
20 19 18 +37 44 00 Do 41 OPNCL
20 19 42 +38 08 00 Do 42 OPNCL
20 19 54 +38 23 59 PK 76+ 1.1PLNNB16.5
20 20 24 +38 42 00 Berk 86 OPNCL07.9
20 20 48 +39 17 00 Do 5 OPNCL
20 21 00 +41 23 00 Do 6 OPNCL
20 21 00 +39 57 00 Do 43 OPNCL
20 21 06 +32 29 00 PK 71- 2.1PLNNB14.5
20 21 42 +37 22 00 Berk 87 OPNCL
20 21 48 +48 05 00 Berk 88 OPNCL
20 21 54 +30 00 00 PK 69- 3.1PLNNB14.6
20 22 12 +40 15 00 IC 1318 BRTNB
20 23 06 +40 47 00 NGC 6910 OPNCL07.4
20 23 18 +41 42 00 Cr 421 OPNCL10.1
20 23 24 +58 22 00 NGC 6916 GALXY13.5
20 23 54 +38 32 00 NGC 6913 OPNCL06.6
20 24 48 +40 10 00 LDN 889 DRKNB
20 24 48 +42 16 00 Do 8 OPNCL
20 24 48 +42 19 00 NGC 6914 BRTNB
20 25 00 +45 59 00 Berk 89 OPNCL
20 26 00 +41 56 00 Do 9 OPNCL
20 26 18 +40 07 00 Do 10 OPNCL
20 26 42 +43 45 00 B346 DRKNB
20 26 48 +41 27 00 Do 11 OPNCL
20 28 24 +39 54 59 B347 DRKNB
20 29 12 +39 23 00 Roslund 6 OPNCL
20 29 42 +41 43 00 Do 44 OPNCL
20 30 42 +36 56 00 vdB 133 BRTNB
20 32 24 +47 21 00 PK 85+ 4.1PLNNB15.2
20 33 54 +45 39 00 Sh2-112 BRTNB
20 34 30 +46 52 00 Sh2-115 BRTNB
20 35 54 +46 48 00 Berk 90 OPNCL
20 40 00 +42 00 00 LDN 896 DRKNB
20 41 48 +35 33 00 Ru 173 OPNCL
20 42 12 +36 39 00 Do 47 OPNCL
20 44 12 +37 03 00 Ru 174 OPNCL
20 45 12 +35 30 00 Ru 175 OPNCL
20 45 36 +30 43 00 NGC 6960 SNREM
20 49 06 +45 53 00 B350 DRKNB
20 50 48 +42 31 00 IC 5068 BRTNB
20 50 48 +44 21 00 IC 5070 BRTNB
20 50 48 +31 52 00 NGC 6974 BRTNB
20 51 00 +35 57 00 DoDz 11 OPNCL
20 51 00 +32 09 00 NGC 6979 BRTNB
20 51 00 +35 35 00 PK 77- 5.1PLNNB
20 53 12 +37 55 00 Roslund 7 OPNCL
20 53 42 +46 02 00 Bark 1 OPNCL
20 54 06 +45 17 00 NGC 6989 NONEX
20 55 54 +47 25 00 IC 5076 BRTNB
20 56 12 +31 04 00 IC 1340 SNREM
20 56 18 +31 42 00 NGC 6992 SNREM
20 56 24 +45 28 00 NGC 6996 OPNCL10.0
20 56 30 +44 39 00 NGC 6997 OPNCL
20 56 36 +51 02 00 Berk 53 OPNCL
20 56 36 +47 25 00 NGC 6991 OPNCL
20 56 48 +43 52 00 LDN 935 DRKNB
20 57 00 +31 13 00 NGC 6995 SNREM
20 57 06 +45 22 00 B352 DRKNB
20 58 48 +44 19 59 NGC 7000 BRTNB
21 00 30 +54 33 00 PK 93+ 5.1PLNNB
21 00 36 +54 33 00 NGC 7008 PLNNB12.0
21 01 54 +47 18 59 NGC 7011 NONEX
21 02 18 +36 42 00 PK 80- 6.1PLNNB13.5
21 03 12 +44 35 00 Cr 428 OPNCL08.7
21 03 12 +40 28 00 Berk 54 OPNCL
21 03 36 +29 54 00 NGC 7013 GALXY11.3
21 06 00 +41 30 00 NGC 7024 NONEX
21 06 18 +47 51 00 NGC 7026 PLNNB12.0
21 07 06 +42 14 00 NGC 7027 PLNNB09.6
21 07 18 +50 50 00 NGC 7031 OPNCL09.1
21 09 00 +37 36 00 Do 45 OPNCL
21 10 36 +46 14 00 Basel 12 OPNCL
21 10 42 +33 43 00 NGC 7037 NONEX
21 11 12 +45 39 00 NGC 7039 OPNCL07.6
21 11 48 +48 28 00 Berk 91 OPNCL
21 12 06 +47 44 00 IC 1369 OPNCL08.8
21 12 24 +46 34 00 Basel 13 OPNCL
21 12 54 +42 29 00 NGC 7044 OPNCL12.0
21 12 54 +47 22 00 B361 DRKNB
21 14 00 +47 45 00 PK 89- 0.1PLNNB14.8
21 14 54 +46 18 00 NGC 7048 PLNNB11.0
21 15 06 +36 12 00 NGC 7050 NONEX
21 16 06 +48 51 00 Basel 15 OPNCL
21 16 54 +51 47 00 Berk 55 OPNCL
21 17 54 +41 54 00 Berk 56 OPNCL
21 19 06 +46 19 00 PK 89- 2.1PLNNB18.0
21 20 42 +39 10 00 NGC 7054 NONEX
21 21 00 +50 48 00 NGC 7058 NONEX
21 21 30 +44 49 00 Basel 14 OPNCL
21 22 18 +38 07 00 PK 83- 8.1PLNNB15.7
21 23 12 +46 23 00 NGC 7062 OPNCL08.3
21 24 00 +50 10 00 B362 DRKNB
21 24 12 +48 01 00 NGC 7067 OPNCL09.7
21 24 24 +36 30 00 NGC 7063 OPNCL 7
21 26 30 +47 57 00 NGC 7071 NONEX
21 29 24 +47 05 00 NGC 7082 OPNCL07.2
21 30 00 +54 27 00 PK 96+ 2.1PLNNB
21 30 30 +51 35 00 NGC 7086 OPNCL08.4
21 31 06 +50 00 00 PK 93- 0.1PLNNB14.9
21 32 00 +52 34 00 PK 95+ 0.1PLNNB15.8
21 32 12 +48 26 00 NGC 7092 OPNCL04.6
21 32 30 +44 36 00 IC 5117 PLNNB13.3
21 33 06 +39 38 00 PK 86- 8.1PLNNB12.7
21 33 36 +54 33 00 B364 DRKNB
21 33 42 +54 39 59 B157 DRKNB
21 34 48 +46 01 00 NGC 7093 NONEX
21 35 24 +53 47 00 PK 96+ 1.1PLNNB
21 35 30 +31 42 00 PK 81-14.1PLNNB14.3
21 37 00 +48 56 00 PK 93+ 2.1PLNNB13.2
21 38 48 +46 00 00 PK 91- 4.1PLNNB15.2
21 41 42 +42 50 00 NGC 7114 NONEX
21 42 36 +28 57 00 NGC 7116 GALXY13.3
21 43 18 +50 25 00 PK 95- 2.1PLNNB
21 43 42 +48 55 00 vdB 145 BRTNB
21 43 54 +54 37 00 NGC 7127 OPNCL
21 44 00 +53 43 00 NGC 7128 OPNCL09.7
21 45 00 +51 13 00 Bark 2 OPNCL
21 46 30 +51 04 00 B164 DRKNB
21 48 54 +29 57 00 NGC 7143 2STAR
21 50 24 +49 45 00 NGC 7150 5STAR
21 53 12 +47 12 00 B168 DRKNB
21 53 24 +47 16 00 IC 5146 CL+NB10.0
21 57 42 +51 42 00 PK 97- 2.1PLNNB14.7
21 58 48 +54 49 00 NGC 7175 NONEX
