03 58 12 -52 19 00 NGC 1500 GALXY13.8
04 00 24 -52 34 00 NGC 1506 GALXY13.5
04 03 42 -54 06 00 NGC 1515A GALXY14.6
04 03 54 -54 06 00 NGC 1515 GALXY11.2
04 06 06 -52 40 00 NGC 1522 GALXY13.6
04 06 12 -54 06 00 NGC 1523 4STAR
04 09 48 -56 07 00 NGC 1533 GALXY10.7
04 14 36 -56 03 00 NGC 1546 GALXY10.9
04 15 48 -55 34 00 NGC 1549 GALXY09.8
04 16 12 -55 46 00 NGC 1553 GALXY09.4
04 17 48 -50 09 00 NGC 1556 GALXY13.1
04 20 00 -54 57 00 NGC 1566 GALXY09.7
04 23 48 -51 35 00 NGC 1578 GALXY13.1
04 24 42 -54 56 00 NGC 1581 GALXY12.9
04 27 36 -55 01 00 NGC 1596 GALXY11.2
04 27 48 -55 04 00 NGC 1602 GALXY13.0
04 31 42 -54 36 00 NGC 1617 GALXY10.4
04 36 06 -65 46 00 NGC 1641 LMCOC
04 38 00 -66 12 00 NGC 1644 LMCGC13.0
04 38 06 -68 49 00 NGC 1649 NONEX
04 38 06 -68 40 00 NGC 1652 LMCGC
04 43 00 -65 48 00 NGC 1669 GALXY13.9
04 43 42 -68 50 00 NGC 1676 LMCOC
04 45 42 -59 14 00 NGC 1672 GALXY09.7
04 47 30 -69 21 00 NGC 1693 LMCOC
04 47 36 -69 24 00 NGC 1695 LMCOC
04 48 06 -68 16 00 NGC 1696 LMCOC
04 48 24 -59 47 00 NGC 1688 GALXY12.0
04 48 36 -68 32 00 NGC 1697 LMCOC
04 49 24 -69 10 00 NGC 1698 LMCDN
04 49 42 -69 45 00 NGC 1704 LMCOC
04 51 18 -69 28 00 NGC 1712 LMCCN
04 52 06 -66 56 00 NGC 1714 LMCDN
04 52 06 -66 55 00 NGC 1715 LMCDN
04 52 12 -67 04 00 NGC 1718 LMCOC
04 52 12 -69 24 00 NGC 1722 LMCCN
04 52 12 -69 21 00 NGC 1727 LMCCN
04 52 30 -63 00 00 NGC 1706 UVSOB
04 52 54 -59 44 00 NGC 1703 GALXY11.3
04 52 54 -68 40 00 NGC 1732 LMCOC
04 53 06 -68 04 00 NGC 1736 LMCDN
04 53 18 -68 47 00 NGC 1734 LMCOC
04 53 24 -66 56 00 NGC 1731 LMCCN
04 53 54 -66 40 59 NGC 1733 LMCOC
04 53 54 -67 07 00 NGC 1735 LMCCN
04 54 00 -69 12 00 NGC 1743 LMCCN
04 54 18 -69 12 00 NGC 1737 LMCCN
04 54 18 -69 12 00 NGC 1745 LMCCN
04 54 24 -69 12 00 NGC 1748 LMCCN
04 54 36 -68 12 00 NGC 1749 LMCOC
04 54 36 -69 15 00 NGC 1756 LMCOC
04 54 54 -67 11 00 NGC 1747 LMCCN
04 55 00 -68 11 00 NGC 1755 LMCOC09.9
04 56 12 -67 41 00 NGC 1764 LMCOC
04 56 18 -69 24 01 NGC 1767 LMCCN
04 56 24 -66 30 00 NGC 1761 LMCCN
04 56 30 -66 32 00 NGC 1760 LMCCN
04 56 42 -68 15 00 NGC 1768 LMCOC
04 56 42 -69 34 00 NGC 1772 LMCCN
04 56 48 -66 25 00 NGC 1763 LMCCN
04 57 00 -68 25 00 NGC 1770 LMCCN 9
04 57 36 -69 23 00 NGC 1782 LMCCN
04 57 42 -66 28 00 NGC 1769 LMCCN
04 57 48 -67 15 00 NGC 1774 LMCOC10.5
04 58 18 -66 21 00 NGC 1773 LMCCN
04 58 24 -62 02 00 NGC 1765 GALXY12.9
04 58 24 -66 26 00 NGC 1776 LMCOC
04 58 36 -68 52 00 NGC 1785 NONEX
04 58 54 -66 00 00 NGC 1783 LMCGC11.0
04 58 54 -63 20 00 NGC 1771 GALXY13.4
04 59 06 -67 45 00 NGC 1786 LMCGC10.1
04 59 06 -65 44 00 NGC 1787 LMCOC
04 59 24 -69 33 00 NGC 1793 LMCOC
04 59 30 -69 48 00 NGC 1795 LMCGC
05 00 30 -69 38 00 NGC 1801 LMCOC
05 00 54 -69 05 00 NGC 1804 LMCOC
05 01 54 -67 59 00 NGC 1806 LMCGC11.5
05 02 00 -69 34 00 NGC 1809 GALXY12.1
05 02 12 -66 06 00 NGC 1805 LMCOC10.5
05 02 42 -61 08 00 NGC 1796 GALXY12.3
05 03 06 -66 22 00 NGC 1810 LMCOC
05 03 48 -67 17 00 NGC 1814 LMCCN 9
05 03 48 -67 17 00 NGC 1816 LMCCN 9
05 03 48 -67 17 00 NGC 1820 LMCOC 9
05 04 06 -68 55 00 NGC 1825 LMCOC
05 04 06 -69 23 00 NGC 1828 LMCOC
05 04 12 -66 24 00 NGC 1818 LMCOC09.8
05 04 30 -69 20 00 NGC 1830 LMCOC
05 04 42 -68 03 00 NGC 1829 LMCCN08.5
05 05 00 -66 12 00 NGC 1822 LMCOC
05 05 12 -69 24 00 NGC 1835 LMCGC09.8
05 05 12 -61 11 00 NGC 1796A GALXY13.9
05 05 18 -69 13 00 NGC 1834 3STAR
05 05 18 -68 37 00 NGC 1836 LMCOC
05 05 24 -66 13 00 NGC 1826 LMCOC
05 05 54 -68 27 00 NGC 1838 LMCOC
05 05 54 -68 37 00 NGC 1839 LMCCN
05 06 06 -64 55 00 NGC 1831 LMCOC11.0
05 06 54 -59 43 00 NGC 1824 GALXY12.6
05 06 54 -68 59 00 NGC 1847 LMCOC
05 07 06 -67 16 00 NGC 1842 LMCOC
05 07 12 -67 19 00 NGC 1844 LMCOC
05 07 36 -67 28 00 NGC 1846 LMCGC11.5
05 07 54 -61 27 00 NGC 1796B GALXY14.9
05 08 30 -68 46 00 NGC 1850 LMCCN09.3
05 09 06 -68 51 00 NGC 1854 LMCOC10.5
05 09 06 -67 47 00 NGC 1852 LMCCN
05 09 12 -66 18 00 NGC 1849 LMCOC
05 09 24 -69 08 00 NGC 1856 LMCOC10.0
05 09 24 -68 51 00 NGC 1855 NONEX
05 09 42 -68 54 00 NGC 1858 LMCCN
05 10 24 -68 46 00 NGC 1860 LMCOC
05 11 24 -65 13 00 NGC 1859 LMCOC
05 11 24 -68 47 00 NGC 1863 LMCOC
05 12 12 -66 08 00 NGC 1862 LMCOC
05 12 12 -68 47 00 NGC 1865 LMCOC
05 12 18 -57 24 00 NGC 1853 UVSOB
05 12 30 -67 38 00 NGC 1864 LMCOC
05 12 54 -69 08 00 NGC 1870 LMCOC
05 13 00 -69 20 00 NGC 1872 LMCCN
05 13 12 -69 23 00 NGC 1874 LMCCN
05 13 12 -69 23 00 NGC 1876 LMCCN
05 13 12 -69 23 00 NGC 1877 LMCCN
05 13 12 -69 21 00 NGC 1881 LMCCN
05 13 30 -65 28 00 NGC 1866 LMCOC09.9
05 13 30 -66 17 00 NGC 1867 LMCOC
05 13 36 -69 23 00 NGC 1880 LMCCN
05 13 42 -67 28 00 NGC 1871 LMCCN
05 13 42 -67 20 00 NGC 1873 LMCCN
05 13 48 -67 23 00 NGC 1869 LMCCN
05 14 30 -63 57 00 NGC 1868 LMCGC
05 15 00 -68 58 00 NGC 1885 LMCOC
05 15 12 -66 07 00 NGC 1882 LMCOC
05 15 42 -69 27 00 NGC 1894 LMCOC
05 15 48 -66 18 00 NGC 1887 LMCOC
05 15 54 -66 10 00 NGC 1884 NONEX
05 16 42 -69 36 00 NGC 1898 LMCGC11.5
05 16 54 -67 19 00 NGC 1895 LMCDN
05 17 06 -64 57 00 NGC 1892 GALXY12.2
05 17 12 -69 18 00 NGC 1903 LMCOC12.0
05 17 24 -67 26 00 NGC 1897 LMCOC
05 17 30 -69 22 00 NGC 1916 LMCOC
05 17 48 -67 53 00 NGC 1899 LMCDN
05 17 48 -68 26 00 NGC 1901 OPNCL
05 18 06 -66 37 00 NGC 1902 LMCOC
05 18 06 -69 13 00 NGC 1910 LMCCN
05 18 12 -67 15 00 NGC 1905 LMCOC
05 18 24 -69 33 00 NGC 1913 LMCOC
05 19 00 -63 02 00 NGC 1900 LMCOC
05 19 00 -69 00 00 NGC 1917 LMCGC
05 19 06 -69 39 00 NGC 1918 LMCCN
05 19 12 -66 46 00 NGC 1911 NONEX
05 19 18 -69 48 00 NGC 1921 LMCDN
05 19 36 -66 48 00 NGC 1915 NONEX
05 19 42 -69 29 00 NGC 1922 LMCOC
05 20 00 -66 55 00 NGC 1919 LMCCN
05 20 30 -69 30 00 NGC 1926 LMCOC
05 20 36 -66 48 00 NGC 1920 LMCDN
05 20 48 -69 29 00 NGC 1928 LMCOC
05 21 00 -65 30 00 NGC 1923 LMCCN
05 21 30 -67 56 00 NGC 1929 LMCCN
05 21 48 -65 48 00 NGC 1925 LMCCN
05 21 48 -67 56 00 NGC 1934 LMCCN
05 21 54 -67 58 00 NGC 1935 LMCCN
05 22 06 -67 59 01 NGC 1936 LMCCN
05 22 18 -66 10 00 NGC 1932 LMCOC
05 22 18 -67 55 00 NGC 1937 LMCCN
05 22 30 -66 09 00 NGC 1933 OPNCL
05 22 36 -67 12 00 NGC 1940 LMCOC
05 23 06 -66 23 00 NGC 1941 LMCDN
05 23 36 -69 45 00 Lg MagellaGALXY0.4
05 24 42 -63 56 00 NGC 1942 LMCOC
05 25 06 -66 25 00 NGC 1946 LMCOC
05 25 06 -68 29 00 NGC 1949 LMCDN
05 25 24 -66 21 00 NGC 1945 LMCDN
05 25 24 -68 48 00 NGC 1953 LMCGC
05 25 30 -66 15 00 NGC 1948 LMCCN
05 25 30 -69 50 00 NGC 1958 LMCOC
05 25 54 -66 36 00 NGC 1951 LMCOC10.5
05 26 06 -67 29 00 NGC 1955 LMCCN 9
05 26 18 -63 47 00 NGC 1947 GALXY10.6
05 26 30 -68 47 00 NGC 1962 LMCCN08.5
05 26 30 -68 47 00 NGC 1965 LMCCN08.5
05 26 30 -68 47 00 NGC 1966 LMCCN08.5
05 26 30 -68 47 00 NGC 1970 LMCCN08.5
05 26 30 -69 04 00 NGC 1967 LMCOC
05 26 30 -69 49 00 NGC 1969 LMCOC
05 26 42 -69 51 00 NGC 1971 LMCOC
05 26 42 -69 49 00 NGC 1972 LMCOC
05 27 12 -67 26 00 NGC 1968 LMCCN 9
05 27 30 -68 57 00 NGC 1983 LMCCN08.5
05 27 30 -69 06 00 NGC 1984 LMCCN
05 27 54 -67 24 00 NGC 1974 LMCCN 9
05 28 12 -69 07 00 NGC 1994 LMCOC
05 28 36 -66 14 00 NGC 1978 LMCGC09.9
05 29 00 -67 26 00 NGC 1991 NONEX
05 29 06 -68 44 00 NGC 2001 LMCCN
05 30 00 -69 44 00 NGC 2005 LMCOC
05 30 12 -66 52 00 NGC 2002 LMCOC
05 30 30 -63 12 00 NGC 1997 LMCOC
05 30 36 -67 17 00 NGC 2004 LMCOC09.8
05 30 42 -66 27 00 NGC 2003 LMCOC
05 30 48 -69 09 00 NGC 2009 LMCOC
05 31 12 -66 57 00 NGC 2006 LMCOC
05 31 54 -69 13 00 NGC 2015 LMCCN
05 32 06 -67 31 00 NGC 2011 LMCCN09.5
05 32 12 -67 40 00 NGC 2014 LMCCN08.5
05 33 06 -67 42 00 NGC 2020 LMCDN
05 33 24 -67 26 00 NGC 2021 LMCCN
05 34 30 -69 44 00 NGC 2033 LMCCN
05 34 42 -69 45 00 NGC 2037 LMCCN
05 35 06 -66 55 00 NGC 2027 LMCCN
05 35 12 -69 39 00 NGC 2048 LMCCN
05 35 18 -67 34 00 NGC 2032 LMCCN
05 35 18 -67 34 00 NGC 2035 LMCCN
05 35 24 -67 33 00 NGC 2029 LMCCN
05 35 24 -66 01 00 NGC 2030 LMCCN
05 35 42 -66 56 00 NGC 2034 LMCCN
05 35 48 -68 54 00 NGC 2042 LMCCN
05 35 54 -69 11 00 NGC 2044 LMCCN
05 36 06 -67 33 00 NGC 2040 LMCCN
05 36 24 -66 58 00 NGC 2041 LMCOC10.5
05 36 30 -69 22 00 NGC 2050 LMCCN
05 37 00 -69 24 00 NGC 2055 LMCCN
05 37 18 -69 45 00 NGC 2052 LMCDN
05 37 18 -67 24 00 NGC 2053 LMCOC
05 37 36 -69 10 00 NGC 2060 LMCCN
05 38 30 -69 05 00 NGC 2069 LMCDN
05 38 36 -69 05 00 NGC 2070 LMCCN08.3
05 39 00 -69 30 00 NGC 2074 LMCCN08.5
05 39 36 -69 38 00 NGC 2077 LMCCN
05 39 42 -69 45 00 NGC 2079 LMCCN
05 39 48 -69 38 00 NGC 2080 LMCCN
05 39 54 -69 45 00 NGC 2078 LMCCN
05 39 54 -69 45 00 NGC 2083 LMCCN
05 39 54 -69 45 00 NGC 2084 LMCCN
05 40 00 -66 53 00 NGC 2062 LMCOC
05 40 06 -69 24 00 NGC 2081 LMCCN
05 40 12 -69 39 00 NGC 2085 LMCCN
05 40 24 -69 39 00 NGC 2086 LMCCN
05 40 48 -69 28 00 NGC 2088 LMCOC
05 40 54 -69 26 00 NGC 2091 LMCOC
05 41 30 -69 13 00 NGC 2092 LMCOC
05 41 30 -68 55 00 NGC 2093 LMCCN
05 41 48 -64 18 00 NGC 2082 GALXY12.1
05 42 00 -69 14 00 NGC 2100 LMCCN09.6
05 42 06 -68 21 00 NGC 2094 LMCOC
05 42 12 -68 28 00 NGC 2096 LMCOC
05 42 12 -69 29 00 NGC 2102 LMCOC
05 42 30 -68 16 00 NGC 2098 LMCCN
05 42 42 -67 19 00 NGC 2095 LMCOC
05 43 48 -69 12 00 NGC 2108 LMCGC
05 44 06 -62 47 00 NGC 2097 LMCOC
05 44 12 -66 25 00 NGC 2105 LMCOC
05 44 24 -68 32 00 NGC 2109 LMCCN
05 45 30 -69 45 00 NGC 2113 LMCCN
05 45 48 -68 03 00 NGC 2114 LMCOC
05 46 54 -68 32 00 NGC 2116 LMCOC
05 47 12 -69 09 00 NGC 2118 LMCOC
05 47 18 -67 28 00 NGC 2117 LMCOC
05 50 36 -63 41 00 NGC 2120 LMCGC
05 50 42 -69 29 00 NGC 2125 LMCOC
05 51 06 -69 22 00 NGC 2127 LMCOC
05 51 42 -65 19 00 NGC 2123 LMCOC
05 52 06 -67 20 00 NGC 2130 LMCOC
05 52 48 -69 30 00 NGC 2136 LMCOC10.5
05 53 06 -67 26 00 NGC 2135 LMCOC
05 53 12 -69 29 00 NGC 2137 LMCOC
05 54 00 -68 36 00 NGC 2140 LMCOC
05 54 30 -65 50 00 NGC 2138 LMCOC
05 55 54 -69 34 00 NGC 2150 GALXY13.0
05 56 00 -68 12 00 NGC 2147 LMCCN
05 56 18 -69 01 00 NGC 2151 LMCOC
05 57 18 -69 11 00 NGC 2157 LMCOC10.0
05 57 30 -66 24 00 NGC 2153 LMCOC
05 57 30 -67 15 00 NGC 2154 LMCGC
05 57 36 -68 27 00 NGC 2156 LMCOC
05 57 54 -68 38 00 NGC 2159 LMCOC
05 58 00 -68 17 00 NGC 2160 LMCOC
05 58 24 -65 28 00 NGC 2155 LMCGC
05 58 42 -68 31 00 NGC 2164 LMCOC10.5
05 59 18 -67 56 00 NGC 2166 LMCOC
05 59 54 -68 38 00 NGC 2172 LMCOC
06 00 30 -63 45 00 NGC 2162 LMCGC
06 01 00 -67 43 00 NGC 2177 LMCOC
06 01 24 -66 51 00 NGC 2176 LMCOC
06 02 36 -65 15 00 NGC 2181 LMCOC
06 03 54 -69 34 00 NGC 2187 GALXY
06 05 54 -67 05 00 NGC 2197 LMCOC
06 06 12 -65 05 00 NGC 2193 LMCGC
06 11 30 -69 08 00 NGC 2210 LMCGC10.2
06 12 48 -68 16 00 NGC 2214 LMCOC11.0
06 20 24 -67 32 00 NGC 2231 LMCGC
06 21 12 -64 27 00 NGC 2228 GALXY13.6
06 21 18 -64 58 00 NGC 2229 GALXY13.4
06 21 24 -65 00 00 NGC 2230 GALXY13.1
06 21 42 -65 03 00 NGC 2233 GALXY13.8
06 22 18 -64 57 00 NGC 2235 GALXY13.0
06 22 42 -68 57 00 NGC 2241 LMCOC
06 25 54 -68 48 00 NGC 2249 LMCGC
06 30 24 -64 19 00 NGC 2257 LMCGC13.5
