09 38 18 +76 19 00 NGC 2938 GALXY13.5
09 43 30 +79 41 00 NGC 2908 GALXY14.0
09 43 48 +74 52 00 NGC 2977 GALXY12.5
09 47 48 +72 58 00 NGC 2963 GALXY13.5
09 47 54 +72 58 00 NGC 2957 GALXY15.5
09 56 12 +75 52 00 NGC 3061 GALXY12.8
10 05 36 +80 17 00 NGC 3057 GALXY13.0
10 14 24 +77 49 00 NGC 3197 GALXY13.5
10 15 30 +74 13 00 NGC 3144 GALXY13.4
10 16 54 +73 24 00 NGC 3147 GALXY10.6
10 17 36 +74 21 00 NGC 3155 GALXY12.9
10 20 48 +75 09 00 NGC 3174 NONEX
10 21 48 +74 10 00 NGC 3183 GALXY11.9
10 23 00 +74 47 00 NGC 3194 NONEX
10 26 30 +74 39 00 NGC 3218 NONEX
10 27 00 +79 50 00 NGC 3210 NONEX
10 28 06 +79 47 00 NGC 3212 GALXY13.1
10 29 00 +79 46 01 NGC 3215 GALXY13.0
10 34 24 +73 46 00 NGC 3252 GALXY13.5
10 44 42 +76 49 00 NGC 3329 GALXY12.2
10 46 06 +73 21 00 NGC 3343 GALXY13.4
10 53 54 +73 41 00 NGC 3403 GALXY12.2
10 54 12 +77 17 00 NGC 3397 NONEX
10 59 18 +75 12 00 NGC 3465 GALXY13.5
11 01 42 +75 13 00 NGC 3500 NONEX
11 02 48 +75 08 00 NGC 3523 GALXY12.9
11 03 00 +75 49 00 NGC 3484 NONEX
11 04 00 +77 12 00 _3C 249.1 QUASR14.0
11 11 30 +75 34 00 NGC 3538 NONEX
11 12 54 +72 53 00 NGC 3562 GALXY12.2
11 27 42 +66 35 00 NGC 3682 GALXY12.5
11 28 00 +78 59 00 UGC 6456 GALXY13.7
11 35 36 +73 28 00 NGC 3736 GALXY15.5
11 36 00 +70 32 00 NGC 3735 GALXY11.8
11 37 30 +74 59 00 NGC 3747 NONEX
11 37 36 +75 17 00 NGC 3752 GALXY12.9
11 44 30 +69 44 00 UGC 6711 GALXY13.2
11 46 54 +69 24 00 NGC 3879 GALXY13.1
11 49 24 +74 20 00 NGC 3890 GALXY13.1
11 53 12 +75 07 00 NGC 3939 NONEX
11 55 00 +69 20 00 NGC 3961 GALXY13.5
12 01 30 +69 19 00 NGC 4034 GALXY13.5
12 05 54 +67 16 00 NGC 4108A GALXY13.8
12 06 48 +67 11 00 NGC 4108 GALXY12.3
12 07 06 +67 15 00 NGC 4108B GALXY13.7
12 07 48 +65 08 00 NGC 4121 GALXY13.5
12 08 00 +65 11 00 NGC 4125 GALXY09.7
12 08 00 +68 47 00 NGC 4128A GALXY15.5
12 08 30 +68 47 00 NGC 4128 GALXY12.0
12 08 30 +69 33 00 NGC 4120 GALXY13.5
12 08 36 +74 56 00 NGC 4133 GALXY12.3
12 10 42 +76 09 00 NGC 4159 GALXY13.4
12 14 54 +63 48 00 NGC 4205 GALXY12.9
12 15 18 +66 00 00 NGC 4210 GALXY12.5
12 16 00 +66 15 00 NGC 4221 GALXY12.3
12 16 42 +69 29 00 NGC 4236 GALXY09.6
12 16 54 +63 26 00 NGC 4238 GALXY13.6
12 17 30 +70 49 00 NGC 4250 GALXY11.8
12 18 42 +65 55 00 NGC 4256 GALXY11.9
12 20 18 +75 23 00 NGC 4291 GALXY11.5
12 21 42 +75 20 00 NGC 4319 GALXY11.9
12 22 30 +76 12 00 NGC 4331 GALXY14.1
12 22 42 +75 20 00 NGC 4345 1STAR
12 22 48 +65 51 00 NGC 4332 GALXY12.2
12 23 30 +74 58 00 NGC 4363 GALXY13.5
12 24 18 +70 20 00 UGC 7490 GALXY12.7
12 24 36 +75 32 00 NGC 4386 GALXY11.7
12 25 24 +64 57 00 NGC 4391 GALXY12.7
12 27 18 +64 48 59 NGC 4441 GALXY12.7
12 29 48 +64 03 00 NGC 4481 GALXY14.9
12 31 42 +64 15 00 NGC 4510 GALXY13.0
12 31 54 +66 20 00 NGC 4513 GALXY13.0
12 32 36 +63 54 00 NGC 4512 GALXY13.8
12 32 48 +63 57 00 NGC 4521 GALXY12.2
12 34 30 +63 32 00 NGC 4545 GALXY12.3
12 35 54 +74 15 00 NGC 4572 GALXY15.0
12 37 30 +74 12 00 NGC 4589 GALXY10.7
12 41 42 +74 26 00 NGC 4648 GALXY12.0
12 46 06 +64 34 00 UGC 7941 GALXY13.9
12 47 06 +71 12 00 NGC 4693 GALXY13.4
12 50 06 +72 53 00 NGC 4750 GALXY11.2
12 51 12 +71 38 00 NGC 4749 GALXY13.5
12 57 12 +70 12 00 NGC 4857 GALXY13.8
13 02 12 +75 24 00 NGC 4954 GALXY14.2
13 06 18 +67 42 00 UGC 8201 GALXY12.5
13 41 00 +67 39 00 NGC 5283 GALXY13.2
13 57 54 +64 56 00 NGC 5413 GALXY13.2
14 30 24 +59 28 00 NGC 5667 GALXY12.5
14 32 00 +57 54 00 NGC 5678 GALXY11.3
14 49 18 +63 16 00 IC 1065 GALXY13.6
14 51 24 +58 58 00 NGC 5777 GALXY13.3
14 52 12 +55 54 00 NGC 5779 GALXY15.7
14 55 42 +63 55 00 NGC 5807 GALXY15.5
14 59 48 +55 31 00 NGC 5826 NONEX
15 05 12 +55 49 00 NGC 5866A GALXY
15 06 00 +55 34 00 NGC 5862 GALXY15.7
15 06 24 +55 44 00 NGC 5867 NONEX
15 06 30 +55 45 00 NGC 5866 GALXY09.9
15 06 36 +55 28 00 NGC 5870 GALXY13.9
15 09 42 +56 59 00 NGC 5879 GALXY11.6
15 10 42 +64 51 00 NGC 5881 GALXY15.0
15 11 48 +59 48 00 NGC 5894 GALXY12.9
15 12 12 +55 46 00 NGC 5866B GALXY14.2
15 15 24 +55 30 00 NGC 5905 GALXY11.7
15 15 54 +56 19 00 NGC 5907 GALXY10.3
15 15 54 +56 20 00 NGC 5906 NONEX
15 16 48 +55 26 00 NGC 5908 GALXY11.8
15 23 48 +58 03 00 UGC 9837 GALXY13.3
15 27 54 +64 46 00 NGC 5949 GALXY12.0
15 33 30 +56 35 00 NGC 5963 GALXY12.5
15 34 00 +56 42 00 NGC 5965 GALXY11.7
15 34 54 +56 28 00 NGC 5969 GALXY15.4
15 35 36 +56 29 00 NGC 5971 GALXY13.8
15 36 00 +59 34 00 NGC 5976A GALXY15.5
15 36 48 +59 24 00 NGC 5976 GALXY14.8
15 37 54 +59 23 00 NGC 5981 GALXY13.0
15 38 36 +59 21 00 NGC 5982 GALXY11.1
15 39 36 +59 20 00 NGC 5985 GALXY11.1
15 39 48 +58 05 00 NGC 5987 GALXY11.7
15 41 30 +59 45 00 NGC 5989 GALXY13.1
15 51 30 +62 20 00 NGC 6015 GALXY11.1
15 52 18 +64 51 00 NGC 6019 GALXY15.5
15 53 12 +64 56 00 NGC 6024 GALXY15.0
16 04 36 +69 38 00 NGC 6079 GALXY12.7
16 10 42 +57 17 00 NGC 6088 GALXY14.0
16 10 42 +57 28 00 NGC 6088A GALXY14.5
16 10 42 +57 28 00 NGC 6088B GALXY14.5
16 11 06 +61 16 00 NGC 6095 GALXY12.6
16 11 36 +52 27 00 NGC 6090 GALXY14.0
16 15 30 +62 44 00 NGC 6111 GALXY14.0
16 17 12 +61 56 00 NGC 6123 GALXY13.8
16 18 54 +57 36 00 NGC 6125 NONEX
16 19 00 +64 54 00 NGC 6135 NONEX
16 19 12 +57 58 00 NGC 6127 GALXY12.0
16 19 18 +57 59 00 NGC 6128 NONEX
16 19 30 +57 37 00 NGC 6130 GALXY13.5
16 20 06 +56 40 00 NGC 6133 NONEX
16 20 48 +55 57 00 NGC 6136 GALXY15.5
16 21 00 +65 23 00 NGC 6140 GALXY11.3
16 21 48 +55 05 00 NGC 6143 GALXY13.1
16 25 42 +55 22 00 NGC 6157 GALXY15.5
16 27 00 +59 35 00 NGC 6170 NONEX
16 27 30 +59 35 00 NGC 6176 GALXY15.0
16 29 30 +55 31 00 NGC 6182 GALXY13.5
16 31 36 +59 39 00 NGC 6189 GALXY12.7
16 31 36 +57 43 00 NGC 6187 GALXY15.0
16 32 00 +58 27 00 NGC 6190 GALXY12.6
16 32 00 +58 48 00 NGC 6191 NONEX
16 35 30 +57 31 00 NGC 6198 GALXY13.6
16 36 12 +61 57 00 NGC 6202 NONEX
16 39 30 +66 01 00 NGC 6214 GALXY14.5
16 40 06 +58 38 00 NGC 6206 GALXY13.6
16 41 24 +57 47 00 NGC 6211 GALXY12.6
16 41 30 +57 50 00 NGC 6213 GALXY15.0
16 43 06 +61 34 00 NGC 6223 GALXY11.9
16 43 18 +70 38 00 NGC 6232 GALXY12.5
16 43 30 +61 58 00 NGC 6226 GALXY14.0
16 44 36 +70 47 00 NGC 6236 GALXY11.9
16 45 30 +70 48 00 NGC 6245 GALXY
16 46 30 +70 23 00 NGC 6237 GALXY
16 46 36 +70 24 00 NGC 6248 GALXY13.1
16 47 12 +62 08 00 NGC 6238 GALXY14.5
16 48 06 +62 11 00 NGC 6244 GALXY13.5
16 48 12 +62 58 00 NGC 6247 GALXY13.5
16 49 54 +55 32 00 NGC 6246A GALXY13.4
16 50 12 +55 22 00 NGC 6246 GALXY13.6
16 51 48 +63 43 00 NGC 6260 GALXY15.0
16 52 18 +60 33 00 NGC 6258 GALXY13.4
16 53 36 +56 56 00 NGC 6262 NONEX
16 55 24 +63 16 00 NGC 6275 GALXY14.2
16 57 30 +68 27 00 NGC 6288 GALXY15.5
16 57 48 +68 31 00 NGC 6289 GALXY15.5
16 58 24 +58 59 00 NGC 6285 GALXY13.5
16 58 36 +58 57 59 NGC 6286 GALXY13.3
17 00 54 +59 00 00 NGC 6290 GALXY13.5
17 00 54 +58 58 00 NGC 6291 GALXY15.0
17 03 00 +61 03 00 NGC 6292 GALXY13.5
17 03 06 +60 20 00 NGC 6295 GALXY15.0
17 03 06 +62 04 00 NGC 6298 GALXY
17 03 36 +62 02 00 NGC 6297 GALXY13.6
17 05 00 +62 27 00 NGC 6299 GALXY15.0
17 05 06 +68 49 00 NGC 6303 GALXY13.7
17 07 36 +60 45 00 NGC 6307 GALXY12.9
17 07 36 +60 44 00 NGC 6306 GALXY13.7
17 07 54 +60 59 00 NGC 6310 GALXY13.1
17 08 06 +69 28 00 UGC 10736 GALXY13.9
17 09 18 +62 53 00 NGC 6317 GALXY16.0
17 09 36 +62 59 00 NGC 6319 GALXY14.5
17 10 30 +72 18 01 NGC 6340 GALXY11.0
17 15 18 +57 25 00 NGC 6338 GALXY12.3
17 15 18 +57 21 00 NGC 6345 GALXY15.5
17 15 18 +57 19 00 NGC 6346 GALXY15.5
17 18 00 +61 46 00 NGC 6359 GALXY12.6
17 18 36 +60 36 00 NGC 6361 GALXY13.1
17 19 00 +52 37 00 NGC 6358 GALXY15.0
17 20 12 +57 55 00 UGC 10822 GALXY09.9
17 22 42 +62 11 00 NGC 6365 GALXY14.5
17 23 18 +57 00 00 NGC 6370 GALXY12.9
17 24 18 +59 01 00 NGC 6373 GALXY13.6
17 25 24 +58 50 00 NGC 6376 GALXY14.0
17 25 24 +58 50 00 NGC 6377 GALXY14.0
17 26 30 +71 06 00 NGC 6395 GALXY12.3
17 27 12 +60 01 00 NGC 6381 GALXY12.9
17 27 48 +56 52 00 NGC 6382 GALXY15.0
17 28 00 +57 33 00 NGC 6385 GALXY13.1
17 28 24 +57 34 00 NGC 6387 GALXY15.0
17 28 30 +60 06 00 NGC 6390 GALXY13.8
17 28 54 +52 44 00 NGC 6386 GALXY15.0
17 28 54 +58 52 00 NGC 6391 GALXY15.0
17 29 36 +75 42 00 NGC 6412 GALXY11.8
17 30 06 +59 32 00 NGC 6394 GALXY16.0
17 30 18 +59 39 00 NGC 6393 GALXY14.5
17 30 36 +74 23 00 NGC 6414 GALXY15.5
17 31 48 +59 38 00 NGC 6399 GALXY13.7
17 35 12 +60 49 00 NGC 6410 1STAR
17 35 36 +60 48 00 NGC 6411 GALXY11.9
17 35 54 +68 08 00 NGC 6419 GALXY14.6
17 36 06 +68 01 00 NGC 6420 GALXY15.5
17 36 12 +69 59 00 NGC 6424 GALXY15.0
17 36 18 +68 02 00 NGC 6422 GALXY15.0
17 36 36 +50 46 00 NGC 6409 GALXY15.0
17 36 42 +68 09 00 NGC 6423 GALXY15.5
17 36 48 +72 05 00 NGC 6434 GALXY12.4
17 38 06 +58 43 00 NGC 6418 GALXY14.5
17 38 42 +73 30 00 NGC 6461 GALXY15.5
17 40 06 +62 37 00 NGC 6435 GALXY15.0
17 41 12 +60 27 00 NGC 6436 GALXY14.0
17 42 24 +67 34 00 NGC 6456 GALXY15.5
17 42 48 +66 28 00 NGC 6457 GALXY14.2
17 43 30 +67 35 00 NGC 6463 GALXY15.0
17 43 42 +56 47 00 NGC 6449 GALXY13.8
17 43 54 +67 37 00 NGC 6477 GALXY
17 44 06 +67 34 00 NGC 6470 GALXY15.5
17 44 06 +67 34 00 NGC 6471 GALXY15.5
17 44 12 +67 36 00 NGC 6472 GALXY14.2
17 44 18 +53 32 00 NGC 6448 NONEX
17 44 42 +61 53 00 NGC 6462 GALXY13.9
17 45 00 +55 41 00 NGC 6454 GALXY13.5
17 45 48 +60 53 00 NGC 6464 GALXY15.5
17 45 54 +55 45 00 NGC 6459 GALXY16.0
17 46 54 +57 20 00 NGC 6474 NONEX
17 47 00 +57 20 00 NGC 6473 GALXY15.0
17 48 12 +51 26 00 NGC 6466 GALXY15.0
17 48 18 +54 10 00 NGC 6479 GALXY13.7
17 48 42 +51 10 00 NGC 6478 GALXY13.3
17 49 18 +62 14 00 NGC 6488 GALXY14.5
17 49 24 +70 09 00 NGC 6503 GALXY10.2
17 49 54 +72 02 00 NGC 6508 GALXY12.8
17 49 54 +61 30 00 NGC 6493 GALXY14.4
17 50 00 +60 06 00 NGC 6489 GALXY15.5
17 50 06 +61 32 00 NGC 6491 GALXY13.6
17 50 06 +61 33 00 NGC 6493A GALXY
17 51 00 +59 29 00 NGC 6498 NONEX
17 51 12 +59 30 00 NGC 6497 GALXY13.5
17 51 18 +65 33 00 NGC 6505 GALXY15.5
17 54 12 +73 25 00 NGC 6538 GALXY14.0
17 54 36 +60 50 00 NGC 6510 GALXY14.5
17 54 48 +62 39 00 NGC 6512 GALXY13.9
17 55 00 +60 49 00 NGC 6511 NONEX
17 55 12 +62 40 00 NGC 6516 GALXY15.5
17 55 48 +62 37 00 NGC 6521 GALXY12.9
17 56 00 +64 19 00 NGC 6534 GALXY14.4
17 57 18 +64 56 00 NGC 6536 GALXY13.4
17 57 24 +50 44 00 NGC 6515 GALXY13.0
17 58 36 +66 38 00 NGC 6543 PLNNB08.3
17 59 06 +56 13 00 NGC 6532 GALXY13.9
17 59 42 +61 21 00 NGC 6542 GALXY13.3
18 00 06 +66 36 00 NGC 6552 GALXY13.6
18 04 54 +56 15 00 NGC 6562 GALXY14.5
18 07 00 +52 16 00 NGC 6566 GALXY15.5
18 08 48 +69 04 00 NGC 6598 GALXY14.0
18 09 54 +61 25 00 NGC 6592 GALXY15.5
18 10 12 +61 07 00 NGC 6594 GALXY15.5
18 11 18 +61 10 00 NGC 6597 GALXY15.5
18 11 54 +61 26 00 NGC 6601 GALXY15.5
18 12 18 +61 19 00 NGC 6607 GALXY15.0
18 12 36 +61 19 00 NGC 6608 GALXY15.5
18 12 36 +61 19 00 NGC 6609 GALXY15.5
18 13 00 +68 21 00 NGC 6621 GALXY13.5
18 13 00 +68 20 00 NGC 6622 GALXY13.5
18 14 06 +61 19 00 NGC 6617 GALXY14.6
18 19 48 +74 35 00 NGC 6643 GALXY11.1
18 21 54 +64 22 00 PK 94+27.1PLNNB14.2
18 22 00 +66 38 00 NGC 6636 GALXY14.0
18 24 12 +73 11 00 NGC 6654 GALXY12.0
18 24 18 +71 36 00 NGC 6651 GALXY13.1
18 25 24 +68 00 00 NGC 6650 GALXY15.0
18 25 36 +64 59 00 NGC 6648 NONEX
18 30 36 +67 59 00 NGC 6667 GALXY12.6
18 30 48 +67 09 00 NGC 6668 NONEX
18 33 12 +66 57 00 NGC 6676 GALXY14.4
18 33 12 +67 51 00 NGC 6678 NONEX
18 33 30 +59 53 00 NGC 6670 GALXY15.5
18 33 36 +67 08 00 NGC 6677 GALXY13.5
18 33 36 +67 08 00 NGC 6679 GALXY13.5
18 33 54 +49 16 00 IC 1291 GALXY13.0
18 34 48 +70 31 00 NGC 6690 GALXY12.5
18 34 48 +70 31 00 NGC 6689 NONEX
18 37 12 +59 37 00 NGC 6687 GALXY14.0
18 39 18 +55 37 00 NGC 6691 GALXY12.9
18 39 24 +73 34 00 NGC 6654A GALXY12.9
18 40 00 +59 19 00 NGC 6696 GALXY16.0
18 43 12 +60 41 00 NGC 6701 GALXY12.1
18 45 54 +66 44 00 NGC 6714 NONEX
18 49 00 +47 40 00 NGC 6711 GALXY12.9
18 55 18 +72 47 00 NGC 6747 GALXY15.0
18 56 24 +52 22 00 NGC 6732 GALXY14.5
18 59 18 +48 28 00 NGC 6742 PLNNB13.4
19 00 42 +59 10 00 NGC 6750 GALXY13.5
19 05 06 +55 43 00 NGC 6757 GALXY12.9
19 05 24 +63 56 00 NGC 6763 NONEX
19 05 36 +63 56 00 NGC 6762 GALXY13.4
19 06 54 +50 19 00 NGC 6759 GALXY15.0
19 10 54 +73 24 01 NGC 6786 GALXY12.8
19 16 18 +60 25 00 NGC 6787 GALXY13.9
19 16 42 +64 00 00 NGC 6789 GALXY13.3
19 21 24 +61 09 00 NGC 6796 GALXY12.6
19 37 24 +62 22 00 NGC 6817 GALXY15.5
19 41 42 +64 05 00 NGC 6825 GALXY15.5
19 47 06 +59 55 00 NGC 6829 GALXY14.1
19 47 54 +59 54 00 NGC 6831 GALXY13.3
19 48 06 +59 25 00 NGC 6832 NONEX
20 00 42 +66 13 00 NGC 6869 GALXY12.0
20 04 30 +74 27 00 PK107+21.1PLNNB14.5
20 19 36 +66 45 00 NGC 6911 GALXY14.3
