01 47 42 -52 47 00 NGC 685 GALXY11.0
01 54 06 -56 42 00 NGC 745 UVSOB
01 54 24 -56 46 00 NGC 754 UVSOB
01 57 42 -57 47 00 NGC 782 GALXY11.9
01 59 48 -55 49 00 NGC 795 UVSOB
02 08 54 -56 44 00 NGC 852 GALXY13.4
02 26 24 -44 26 00 NGC 939 GALXY13.0
02 28 48 -41 23 00 NGC 954 GALXY12.8
02 31 30 -44 31 00 NGC 979 GALXY12.8
02 45 06 -17 39 00 NGC 1098 GALXY12.6
02 45 12 -15 35 00 NGC 1081 GALXY13.0
02 45 24 -17 41 00 NGC 1099 GALXY13.1
02 45 36 -17 31 00 NGC 1091 GALXY14.1
02 45 42 -17 32 00 NGC 1092 GALXY13.4
02 45 42 -08 13 00 NGC 1082 GALXY15.5
02 45 48 -17 40 00 NGC 1100 GALXY13.0
02 45 48 -15 20 00 NGC 1083 GALXY14.0
02 45 54 -07 35 00 NGC 1084 GALXY10.7
02 46 24 -15 04 00 NGC 1089 GALXY14.0
02 47 06 -22 14 00 NGC 1102 GALXY14.0
02 48 00 -13 57 00 NGC 1103 GALXY12.9
02 48 24 -18 00 00 NGC 1119 1STAR
02 48 36 -07 58 00 NGC 1108 GALXY
02 49 12 -17 00 00 NGC 1114 GALXY13.0
02 49 12 -07 52 00 NGC 1110 GALXY14.0
02 49 12 -14 27 00 NGC 1120 GALXY14.0
02 50 00 -12 09 00 NGC 1118 GALXY14.0
02 50 48 -01 44 00 NGC 1121 GALXY12.9
02 51 48 -16 38 00 NGC 1125 GALXY12.6
02 52 24 -01 18 00 NGC 1126 GALXY14.6
02 52 24 -15 42 00 NGC 1105 GALXY15.0
02 52 42 -08 47 00 NGC 1133 GALXY15.0
02 52 54 -01 16 00 NGC 1132 GALXY12.3
02 52 54 -14 31 00 NGC 1139 GALXY15.0
02 54 36 -10 01 59 NGC 1140 GALXY12.5
02 54 36 -18 37 59 NGC 1145 GALXY12.5
02 55 18 -09 07 00 NGC 1147 NONEX
02 57 06 -07 42 00 NGC 1148 GALXY15.0
02 57 06 -15 03 00 NGC 1150 GALXY15.0
02 57 06 -15 00 00 NGC 1151 GALXY
02 57 18 -14 23 00 NGC 1158 GALXY15.0
02 57 36 -07 47 00 NGC 1152 GALXY15.0
02 58 06 -10 21 00 NGC 1154 GALXY14.0
02 58 12 -10 20 00 NGC 1155 GALXY14.0
02 58 12 -15 07 00 NGC 1157 GALXY
02 58 54 -12 24 00 NGC 1162 GALXY13.0
03 00 24 -17 09 00 NGC 1163 GALXY13.8
03 01 42 -14 50 00 NGC 1172 GALXY11.9
03 02 12 -15 01 00 NGC 1180 NONEX
03 02 12 -15 03 00 NGC 1181 NONEX
03 02 36 -22 52 00 NGC 1187 GALXY10.8
03 02 36 -18 54 00 NGC 1179 GALXY12.0
03 03 00 -09 08 00 NGC 1185 GALXY15.0
03 03 24 -15 37 00 NGC 1189 GALXY13.9
03 03 24 -12 02 00 NGC 1195 GALXY14.0
03 03 30 -12 05 00 NGC 1196 GALXY14.0
03 03 30 -15 39 00 NGC 1190 GALXY14.2
03 03 30 -09 40 00 NGC 1182 GALXY
03 03 36 -15 40 00 NGC 1191 GALXY14.3
03 03 42 -15 36 00 NGC 1199 GALXY11.4
03 03 42 -15 40 00 NGC 1192 GALXY14.4
03 03 42 -15 29 00 NGC 1188 GALXY
03 03 48 -11 59 00 NGC 1200 GALXY13.0
03 04 36 -12 20 00 NGC 1204 GALXY15.0
03 04 54 -06 29 00 NGC 1202 GALXY
03 05 12 -14 22 00 NGC 1203A GALXY15.0
03 05 12 -14 22 00 NGC 1203B GALXY16.0
03 05 24 -09 41 00 NGC 1205 NONEX
03 06 06 -08 50 00 NGC 1206 GALXY
03 06 12 -15 36 00 NGC 1209 GALXY11.4
03 06 12 -09 32 00 NGC 1208 GALXY14.0
03 06 54 -09 32 00 NGC 1214 GALXY14.0
03 07 06 -09 35 00 NGC 1215 GALXY14.1
03 07 18 -09 35 59 NGC 1216 GALXY14.8
03 08 12 -22 55 00 NGC 1228 GALXY13.2
03 08 12 -22 57 00 NGC 1229 GALXY14.0
03 08 12 -04 15 00 NGC 1221 GALXY15.0
03 08 18 -23 00 00 NGC 1230 GALXY14.4
03 08 24 -04 08 00 NGC 1225 GALXY15.0
03 08 54 -04 06 00 NGC 1223 GALXY15.0
03 09 00 -02 57 00 NGC 1222 GALXY12.5
03 09 36 -07 51 00 NGC 1234 GALXY15.0
03 09 36 -15 35 00 NGC 1231 NONEX
03 09 42 -20 34 00 NGC 1232 GALXY09.9
03 10 12 -20 35 00 NGC 1232A GALXY14.7
03 10 18 -22 24 00 IC 1898 GALXY12.9
03 10 42 -08 40 00 NGC 1237 2STAR
03 10 54 -10 45 00 NGC 1238 GALXY14.0
03 11 00 -02 31 00 NGC 1239 GALXY15.0
03 11 12 -08 55 00 NGC 1241 GALXY12.0
03 11 18 -08 54 00 NGC 1242 GALXY13.7
03 11 24 -08 57 00 NGC 1243 2STAR
03 12 12 -10 28 00 NGC 1247 GALXY12.5
03 12 42 -05 13 00 NGC 1248 GALXY12.5
03 13 54 -21 45 00 NGC 1258 GALXY13.3
03 13 54 -21 58 00 NGC 1256 GALXY13.6
03 14 12 -02 48 00 NGC 1253 GALXY11.7
03 14 48 -41 04 00 NGC 1269 NONEX
03 15 42 -15 52 00 NGC 1262 GALXY14.2
03 15 48 -15 06 00 NGC 1263 GALXY15.0
03 16 00 -02 24 00 NGC 1266 GALXY14.0
03 17 18 -41 06 00 NGC 1291 GALXY08.5
03 17 36 -10 18 00 NGC 1284 GALXY14.0
03 17 48 -07 20 00 NGC 1285 GALXY14.0
03 17 48 -07 39 00 NGC 1286 GALXY15.0
03 18 36 -02 45 00 NGC 1287 GALXY
03 18 54 -01 59 00 NGC 1289 GALXY12.6
03 18 54 -13 04 00 NGC 1296 GALXY14.0
03 19 12 -19 05 00 NGC 1297 GALXY11.8
03 19 30 -14 01 00 NGC 1290 GALXY
03 19 42 -19 23 59 NGC 1300 GALXY10.4
03 20 00 -14 01 00 NGC 1295 GALXY15.0
03 20 06 -06 17 00 NGC 1299 GALXY14.0
03 20 18 -02 07 00 NGC 1298 GALXY14.0
03 20 30 -18 45 00 NGC 1301 GALXY13.4
03 20 42 -07 25 00 NGC 1303 GALXY15.0
03 21 00 -04 35 00 NGC 1304 GALXY14.5
03 21 18 -02 19 00 NGC 1305 GALXY13.3
03 22 06 -15 25 00 NGC 1309 GALXY11.5
03 22 12 -04 33 00 NGC 1307 NONEX
03 22 30 -02 44 59 NGC 1308 GALXY15.0
03 22 36 -04 10 59 NGC 1314 GALXY15.5
03 23 06 -21 23 00 NGC 1315 GALXY12.4
03 23 54 -21 31 00 NGC 1319 GALXY12.9
03 24 30 -21 33 00 NGC 1325 GALXY11.5
03 24 54 -03 02 00 NGC 1320 GALXY12.4
03 24 54 -21 21 00 NGC 1325A GALXY13.5
03 24 54 -03 00 00 NGC 1321 GALXY14.0
03 25 00 -05 45 00 NGC 1324 GALXY14.0
03 25 00 -02 54 00 NGC 1322 GALXY15.0
03 25 00 -02 49 00 NGC 1323 GALXY
03 25 36 -04 07 59 NGC 1328 GALXY
03 25 54 -17 37 00 NGC 1329 GALXY12.6
03 26 18 -21 21 00 NGC 1332 GALXY10.3
03 26 30 -21 22 00 NGC 1331 GALXY13.4
03 28 00 -08 24 00 NGC 1337 GALXY11.9
03 29 00 -12 10 00 NGC 1338 GALXY13.0
03 29 18 -17 48 00 NGC 1345 GALXY13.8
03 29 42 -22 16 00 NGC 1347 GALXY13.0
03 30 06 -05 33 00 NGC 1346 GALXY15.0
03 31 30 -19 16 00 NGC 1352 GALXY13.3
03 32 00 -20 50 00 NGC 1353 GALXY11.4
03 32 24 -15 13 00 NGC 1354 GALXY14.0
03 33 18 -13 40 00 NGC 1357 GALXY11.5
03 33 18 -05 00 00 NGC 1355 GALXY13.3
03 33 36 -21 29 00 IC 1953 GALXY11.7
03 33 36 -05 06 00 NGC 1358 GALXY12.1
03 33 42 -19 31 00 NGC 1359 GALXY12.2
03 33 48 -20 17 00 NGC 1362 GALXY12.5
03 34 12 -06 14 59 NGC 1361 GALXY
03 34 48 -09 50 00 NGC 1363 GALXY
03 35 00 -15 38 00 NGC 1368 GALXY15.0
03 35 00 -09 50 00 NGC 1364 GALXY
03 35 12 -20 22 00 NGC 1370 GALXY12.4
03 36 42 -20 54 00 NGC 1377 GALXY12.4
03 36 48 -36 16 00 NGC 1392 GALXY
03 36 54 -36 00 00 NGC 1386 GALXY11.2
03 37 00 -15 52 59 NGC 1372 GALXY
03 37 06 -05 01 59 NGC 1376 GALXY12.1
03 37 12 -35 45 00 NGC 1389 GALXY11.5
03 37 36 -18 20 00 NGC 1383 GALXY12.5
03 37 54 -19 00 00 NGC 1390 GALXY13.7
03 38 06 -35 26 00 NGC 1396 GALXY13.8
03 38 18 -15 53 00 NGC 1388 GALXY
03 38 30 -23 01 00 NGC 1395 GALXY09.6
03 38 36 -18 26 00 NGC 1393 GALXY12.0
03 38 48 -18 21 00 NGC 1391 GALXY13.3
03 39 00 -18 17 00 NGC 1394 GALXY12.8
03 39 18 -22 23 00 NGC 1403 GALXY12.7
03 39 24 -18 41 00 NGC 1400 GALXY11.0
03 39 24 -22 43 00 NGC 1401 GALXY12.3
03 39 24 -18 31 00 NGC 1402 GALXY13.6
03 39 36 -35 37 00 NGC 1427A GALXY12.9
03 39 36 -04 40 00 NGC 1397 GALXY14.5
03 40 06 -18 34 00 NGC 1407 GALXY09.7
03 40 12 -15 30 00 NGC 1405 GALXY16.0
03 40 18 -15 35 00 NGC 1413 GALXY
03 40 36 -37 31 00 NGC 1419 GALXY12.6
03 40 42 -21 41 00 NGC 1414 GALXY13.8
03 40 54 -22 33 00 NGC 1415 GALXY11.9
03 41 00 -22 46 00 NGC 1416 GALXY12.9
03 41 30 -21 41 00 NGC 1422 GALXY13.2
03 41 54 -04 42 00 NGC 1417 GALXY12.1
03 42 12 -04 43 00 NGC 1418 GALXY13.6
03 42 36 -13 29 59 NGC 1421 GALXY11.4
03 42 36 -06 21 59 NGC 1423 GALXY15.0
03 42 42 -05 50 59 NGC 1420 3STAR
03 42 48 -22 06 00 NGC 1426 GALXY11.4
03 42 54 -36 16 00 NGC 1437A GALXY
03 43 12 -04 43 00 NGC 1424 GALXY13.8
03 43 18 -36 07 00 NGC 1436 NONEX
03 43 24 -18 14 00 NGC 1430 NONEX
03 43 30 -35 51 00 NGC 1437 GALXY11.7
03 44 00 -04 43 00 NGC 1429 1STAR
03 44 24 -09 41 00 NGC 1434 NONEX
03 44 48 -21 55 00 NGC 1439 GALXY11.4
03 44 54 -09 50 00 NGC 1445 GALXY
03 45 00 -18 17 00 NGC 1440 GALXY11.5
03 45 00 -19 15 00 NGC 1442 NONEX
03 45 18 -18 36 59 NGC 1452 GALXY11.8
03 45 24 -22 59 59 NGC 1438 GALXY12.4
03 45 36 -04 05 00 NGC 1441 GALXY12.9
03 45 36 -09 13 00 NGC 1450 GALXY
03 45 42 -04 01 00 NGC 1443 1STAR
03 45 48 -36 21 00 NGC 1437B GALXY
03 45 48 -08 59 00 NGC 1447 GALXY
03 45 54 -04 08 00 NGC 1449 GALXY13.5
03 45 54 -04 03 00 NGC 1446 NONEX
03 45 54 -20 41 00 NGC 1454 NONEX
03 46 00 -04 04 00 NGC 1451 GALXY13.3
03 46 06 -36 41 00 NGC 1460 GALXY12.5
03 46 06 -18 38 00 NGC 1455 GALXY
03 46 24 -03 58 00 NGC 1453 GALXY11.5
03 47 00 -18 14 00 NGC 1458 NONEX
03 48 18 -16 23 00 NGC 1461 GALXY11.8
03 51 30 -15 25 00 NGC 1464 GALXY
03 51 54 -08 51 00 NGC 1467 GALXY15.0
03 52 12 -06 21 00 NGC 1468 GALXY15.0
03 52 12 -09 01 00 NGC 1470 GALXY15.0
03 53 06 -15 24 00 NGC 1471 NONEX
03 53 42 -08 35 00 NGC 1472 GALXY
03 54 00 -08 35 00 NGC 1477 GALXY
03 54 06 -35 59 00 IC 2006 GALXY11.3
03 54 06 -08 07 00 NGC 1475 NONEX
03 54 06 -08 34 00 NGC 1478 GALXY
03 54 12 -37 00 00 NGC 1484 GALXY12.9
03 54 12 -10 25 00 NGC 1474 GALXY14.0
03 54 24 -20 25 00 NGC 1481 GALXY13.4
03 54 24 -10 12 00 NGC 1479 NONEX
03 54 30 -10 15 00 NGC 1480 NONEX
03 54 42 -20 30 00 NGC 1482 GALXY12.1
03 55 42 -42 23 00 NGC 1487 GALXY11.9
03 56 18 -21 48 59 NGC 1486 GALXY14.4
03 57 36 -19 14 00 NGC 1489 GALXY13.8
03 58 06 -35 27 00 NGC 1492 GALXY13.4
04 00 30 -12 01 00 NGC 1498 NONEX
04 02 30 -09 19 00 NGC 1504 GALXY15.0
04 02 42 -09 18 00 NGC 1505 GALXY15.0
04 04 00 -11 11 59 NGC 1509 GALXY15.0
04 04 18 -02 12 00 NGC 1507 GALXY12.3
04 06 54 -21 10 00 NGC 1518 GALXY11.8
04 08 00 -17 12 00 NGC 1519 GALXY12.9
04 08 06 -08 53 00 NGC 1516A GALXY15.0
04 08 06 -08 53 00 NGC 1516B GALXY15.0
04 08 24 -21 03 00 NGC 1521 GALXY11.4
04 10 18 -08 48 00 NGC 1524 NONEX
04 10 18 -08 48 00 NGC 1525 NONEX
04 12 00 -32 51 00 NGC 1531 GALXY12.2
04 12 06 -32 52 00 NGC 1532 GALXY09.9
04 13 48 -31 33 00 NGC 1537 GALXY10.6
04 14 12 -12 44 00 NGC 1535 PLNNB10.4
04 14 42 -13 12 00 NGC 1538 GALXY15.0
04 15 24 -28 24 00 NGC 1540 GALXY
04 17 12 -17 51 00 NGC 1547 GALXY13.6
04 20 18 -00 40 00 NGC 1552 GALXY12.9
04 21 42 -15 45 00 NGC 1562 GALXY
04 22 48 -15 44 00 NGC 1563 GALXY15.0
04 22 54 -15 44 00 NGC 1564 GALXY
04 23 00 -15 51 00 NGC 1561 GALXY15.0
04 23 24 -15 45 00 NGC 1565 GALXY15.0
04 24 24 -00 45 00 NGC 1568 GALXY15.0
04 24 48 -21 11 00 Eridanus CGLOCL15.3
04 26 12 -03 37 00 NGC 1576 GALXY15.0
04 26 18 -10 07 00 NGC 1577 NONEX
04 26 24 -10 05 00 NGC 1575 GALXY13.0
04 28 06 -17 32 00 NGC 1584 GALXY13.8
04 28 12 -05 11 00 NGC 1580 GALXY14.5
04 28 18 -17 37 00 NGC 1583 GALXY15.0
04 29 24 -26 44 00 NGC 1591 GALXY12.8
04 29 36 -27 24 59 NGC 1592 GALXY13.7
04 30 42 -00 18 00 NGC 1586 GALXY13.2
04 30 48 -05 48 00 NGC 1594 GALXY14.0
04 31 12 -11 17 00 NGC 1597 GALXY15.0
04 31 36 -05 04 00 NGC 1600 GALXY10.9
04 31 36 -04 35 00 NGC 1599 GALXY13.7
04 31 36 -05 04 00 NGC 1601 GALXY13.8
04 31 42 -05 06 00 NGC 1603 GALXY13.8
04 31 54 -05 21 59 NGC 1604 GALXY14.5
04 31 54 -05 02 59 NGC 1606 GALXY17.0
04 32 00 -04 26 59 NGC 1607 GALXY15.0
04 32 36 -04 22 00 NGC 1609 GALXY15.0
04 33 00 -04 17 00 NGC 1611 GALXY15.0
04 33 06 -04 10 00 NGC 1612 GALXY15.0
04 33 18 -04 15 00 NGC 1613 GALXY15.0
04 34 00 -08 35 00 NGC 1614 GALXY12.9
04 34 06 -04 42 00 NGC 1610 GALXY
04 35 36 -13 33 00 NGC 1623 GALXY
04 36 12 -03 09 00 NGC 1618 GALXY12.7
04 36 12 -04 50 00 NGC 1619 NONEX
04 36 18 -04 58 00 NGC 1621 GALXY14.5
04 36 36 -03 11 00 NGC 1622 GALXY12.5
04 36 42 -00 09 00 NGC 1620 GALXY12.3
04 37 06 -03 18 00 NGC 1625 GALXY12.3
04 37 12 -05 00 00 NGC 1626 NONEX
04 37 18 -18 54 00 NGC 1630 GALXY14.1
04 37 30 -04 51 00 NGC 1627 GALXY13.0
04 37 30 -04 42 00 NGC 1628 GALXY14.0
04 38 24 -20 40 00 NGC 1631 GALXY13.4
04 39 54 -09 27 00 NGC 1632 GALXY13.0
04 40 12 -00 33 00 NGC 1635 GALXY12.4
04 40 42 -08 36 00 NGC 1636 GALXY14.0
04 40 48 -16 59 00 NGC 1639 3STAR
04 41 24 -02 50 00 NGC 1637 GALXY10.8
04 41 42 -01 47 59 NGC 1638 GALXY12.0
04 42 18 -20 26 00 NGC 1640 GALXY11.7
04 43 36 -05 17 00 NGC 1643 GALXY14.0
04 44 00 -05 26 00 NGC 1645 GALXY14.0
04 44 18 -08 32 59 NGC 1646 GALXY14.5
04 44 30 -08 29 00 NGC 1648 GALXY16.0
04 45 06 -15 51 00 NGC 1650 GALXY14.0
04 45 48 -05 08 00 NGC 1656 GALXY14.0
04 45 54 -02 24 00 NGC 1653 GALXY12.0
04 45 54 -02 05 00 NGC 1654 GALXY13.4
04 46 12 -02 04 00 NGC 1657 GALXY13.8
04 46 24 -04 47 00 NGC 1659 GALXY12.5
04 48 12 -05 25 00 NGC 1665 GALXY14.0
04 48 24 -06 33 00 NGC 1666 GALXY12.6
04 48 36 -06 18 00 NGC 1667 GALXY12.1
04 50 48 -04 51 00 NGC 1677 GALXY15.0
04 51 42 -05 49 00 NGC 1681 GALXY13.5
04 52 48 -15 22 00 NGC 1686 GALXY14.0
04 53 36 -06 20 00 NGC 1689 NONEX
04 54 42 -20 34 00 NGC 1692 GALXY13.0
04 55 12 -04 39 00 NGC 1694 GALXY15.0
04 56 54 -04 52 00 NGC 1700 GALXY11.2
04 56 54 -04 46 00 NGC 1699 GALXY15.0
04 59 12 -11 08 00 NGC 1721 GALXY13.0
04 59 24 -10 59 00 NGC 1723 GALXY12.0
04 59 24 -07 52 00 NGC 1720 GALXY13.0
04 59 24 -11 08 00 NGC 1725 GALXY13.0
04 59 30 -11 08 00 NGC 1728 GALXY13.0
04 59 42 -07 45 00 NGC 1726 GALXY11.7
05 01 36 -04 16 00 NGC 1741 GALXY12.5
05 02 12 -08 14 00 NGC 1752 GALXY12.4
05 02 36 -04 44 00 NGC 1757 NONEX
05 05 18 -09 09 00 NGC 1779 GALXY12.1
05 06 54 -07 13 00 IC 2118 BRTNB
05 07 42 -08 02 00 NGC 1797 GALXY15.0
05 07 42 -07 58 00 NGC 1799 GALXY15.0
