15 52 54 +40 39 00 NGC 6013 GALXY13.6
16 01 24 +19 20 59 NGC 6028 GALXY13.5
16 01 48 +17 58 00 NGC 6030 GALXY12.8
16 02 12 +15 55 00 Abell 2147GALCL13.8
16 03 00 +20 58 00 NGC 6032 GALXY13.5
16 03 24 +17 12 00 NGC 6034 GALXY13.5
16 03 24 +20 54 00 NGC 6035 GALXY13.5
16 04 18 +17 45 00 NGC 6039 1STAR14.5
16 04 18 +17 45 00 NGC 6040 GALXY14.5
16 04 24 +40 41 00 NGC 6058 PLNNB13.0
16 04 30 +17 43 00 NGC 6041 GALXY13.7
16 04 36 +17 42 00 NGC 6042 GALXY13.9
16 04 54 +17 47 00 NGC 6043 GALXY15.5
16 04 54 +19 21 00 NGC 6046 NONEX
16 05 00 +17 52 00 NGC 6044 GALXY14.3
16 05 06 +17 44 00 NGC 6047 GALXY13.5
16 05 06 +17 45 00 NGC 6045 GALXY13.9
16 05 06 +17 43 00 Abell 2151GALCL15.0
16 05 12 +20 32 00 NGC 6052 GALXY13.0
16 05 18 +16 27 00 Abell 2152GALCL13.8
16 05 18 +17 46 00 NGC 6050 GALXY14.7
16 05 24 +17 47 00 NGC 6054 GALXY15.2
16 05 24 +18 08 00 NGC 6053 1STAR15.5
16 05 30 +18 06 00 NGC 6055 GALXY13.7
16 05 30 +17 58 00 NGC 6056 GALXY13.9
16 05 36 +18 10 00 NGC 6057 GALXY14.7
16 05 42 +41 21 00 UGC 10200 GALXY13.6
16 05 54 +21 30 00 NGC 6060 GALXY13.1
16 06 12 +18 15 00 NGC 6061 GALXY13.6
16 06 18 +19 47 00 NGC 6062 GALXY13.6
16 07 00 +20 33 00 NGC 6064 NONEX
16 10 06 +16 42 00 NGC 6073 GALXY13.5
16 11 06 +14 57 00 Pal 14 GLOCL14.8
16 11 24 +14 15 00 NGC 6074 GALXY15.5
16 11 24 +23 57 00 NGC 6075 GALXY15.5
16 12 06 +14 12 00 NGC 6078 GALXY14.5
16 12 12 +12 04 00 IC 4593 PLNNB11.0
16 13 00 +09 52 00 NGC 6081 GALXY13.1
16 13 18 +14 10 00 NGC 6083 GALXY15.0
16 14 12 +17 45 00 NGC 6084 GALXY13.9
16 15 36 +19 27 00 NGC 6098 GALXY14.5
16 15 36 +19 27 00 NGC 6099 GALXY14.5
16 18 48 +07 24 00 NGC 6106 GALXY12.2
16 19 12 +14 07 00 NGC 6113 GALXY15.0
16 23 42 +11 48 00 NGC 6132 GALXY13.6
16 24 54 +41 02 00 NGC 6138 GALXY15.0
16 25 00 +40 56 00 NGC 6145 GALXY15.0
16 25 00 +40 54 00 NGC 6147 GALXY17.0
16 25 06 +40 55 00 NGC 6141 GALXY16.0
16 25 12 +40 53 00 NGC 6146 GALXY12.5
16 25 36 +49 51 00 NGC 6154 GALXY12.7
16 25 42 +40 27 00 NGC 6150B GALXY15.0
16 25 48 +40 30 00 NGC 6150 GALXY14.0
16 26 06 +48 22 00 NGC 6155 GALXY12.2
16 27 06 +24 04 59 NGC 6148 GALXY
16 27 24 +19 36 00 NGC 6149 GALXY13.5
16 27 24 +42 41 00 NGC 6159 GALXY14.2
16 27 24 +38 04 00 DoDz 5 OPNCL
16 27 30 +27 54 00 PK 47+42.1PLNNB12.9
16 27 36 +40 56 00 NGC 6160 GALXY13.2
16 27 42 +40 55 00 Abell 2197GALCL14.0
16 27 48 +39 24 00 NGC 6158 GALXY13.7
16 28 18 +32 52 00 NGC 6162 GALXY13.6
16 28 18 +32 49 00 NGC 6161 GALXY14.6
16 28 24 +32 52 00 NGC 6163 GALXY14.3
16 28 30 +39 35 00 NGC 6166C GALXY
16 28 36 +39 31 00 Abell 2199GALCL13.0
16 28 36 +39 32 00 NGC 6166A GALXY
16 28 36 +39 34 00 NGC 6166D GALXY
16 28 42 +39 34 00 NGC 6166 GALXY11.8
16 29 00 +39 34 00 NGC 6166B GALXY
16 29 42 +40 49 00 NGC 6173 GALXY12.1
16 29 42 +40 51 00 NGC 6174 GALXY15.0
16 29 54 +40 39 00 NGC 6175 GALXY15.0
16 30 30 +40 34 00 NGC 6180 GALXY14.1
16 30 36 +35 04 00 NGC 6177 GALXY13.6
16 30 42 +35 07 00 NGC 6179 GALXY15.5
16 31 24 +20 12 00 NGC 6168 GALXY14.3
16 31 30 +40 35 00 NGC 6184 GALXY15.0
16 32 24 +19 50 00 NGC 6181 GALXY11.9
16 33 12 +35 20 00 NGC 6185 GALXY13.3
16 34 24 +21 32 59 NGC 6186 GALXY12.9
16 36 36 +39 02 00 NGC 6195 GALXY13.0
16 36 36 +36 11 00 NGC 6194 GALXY14.5
16 37 24 +36 06 00 NGC 6196 GALXY12.9
16 37 30 +36 02 00 NGC 6197 GALXY15.5
16 38 18 +41 56 00 UGC 10491 GALXY13.7
16 39 00 +36 06 00 NGC 6199 1STAR15.5
16 40 12 +23 45 00 NGC 6201 GALXY15.5
16 40 24 +23 46 00 NGC 6203 GALXY15.5
16 41 42 +36 28 00 NGC 6205 GLOCL05.9
16 41 42 +27 46 59 PK352+11.1PLNNB
16 43 00 +38 48 00 3C 345 QUASR15.0
16 43 06 +36 50 00 NGC 6207 GALXY11.6
16 43 18 +39 48 00 NGC 6212 GALXY14.1
16 44 30 +23 49 00 NGC 6210 PLNNB09.7
16 45 18 +38 17 00 DoDz 6 OPNCL
16 46 00 +38 17 00 DoDz 6 OPNCL
16 46 18 +09 02 00 NGC 6219 GALXY15.0
16 47 00 +47 32 00 NGC 6229 GLOCL09.4
16 48 00 +26 12 00 NGC 6228 GALXY13.9
16 48 00 +45 04 00 Zwicky's tGALXY14.4
16 48 12 +06 18 00 NGC 6224 GALXY13.5
16 48 18 +06 13 00 NGC 6225 GALXY13.8
16 50 06 +42 43 00 NGC 6239 GALXY12.4
16 50 06 +23 34 00 NGC 6233 GALXY13.3
16 50 06 +45 24 00 NGC 6241 GALXY15.0
16 50 36 +04 35 00 NGC 6230 GALXY15.5
16 52 30 +23 21 00 NGC 6243 GALXY14.1
16 54 48 +36 31 00 NGC 6255 GALXY12.7
16 56 00 +39 39 00 NGC 6257 GALXY15.5
16 56 30 +28 00 00 NGC 6261 GALXY14.0
16 56 42 +27 50 00 NGC 6263 GALXY13.7
16 57 18 +27 52 00 NGC 6264 GALXY14.4
16 57 30 +27 51 00 NGC 6265 GALXY14.2
16 58 00 +27 52 00 NGC 6269 GALXY12.2
16 58 12 +22 59 00 NGC 6267 GALXY13.1
16 58 42 +27 38 00 NGC 6270 GALXY15.0
16 58 48 +27 59 00 NGC 6271 GALXY14.0
16 58 54 +27 56 00 NGC 6272 GALXY14.4
16 59 00 +47 14 00 NGC 6279 GALXY13.6
16 59 24 +49 56 00 NGC 6283 GALXY13.5
16 59 24 +29 57 00 NGC 6274 GALXY14.5
17 00 18 +23 07 00 NGC 6276 GALXY
17 00 48 +29 50 00 NGC 6282 GALXY14.1
17 00 48 +23 03 00 NGC 6277 GALXY15.0
17 00 54 +23 00 59 NGC 6278 GALXY12.4
17 08 36 +42 20 00 NGC 6301 GALXY13.4
17 10 24 +48 18 59 NGC 6313 GALXY13.9
17 10 36 +41 39 00 NGC 6311 GALXY13.5
17 10 36 +15 32 00 DoDz 7 OPNCL
17 10 48 +42 17 00 NGC 6312 GALXY15.5
17 11 54 +23 22 00 NGC 6308 GALXY13.4
17 12 36 +23 15 59 NGC 6314 GALXY12.9
17 12 42 +23 12 59 NGC 6315 GALXY13.2
17 12 54 +40 16 00 NGC 6320 GALXY13.9
17 13 18 +43 46 00 NGC 6323 GALXY13.9
17 13 48 +49 16 00 PK 75+35.1PLNNB14.5
17 14 00 +43 38 00 NGC 6327 GALXY15.5
17 14 18 +43 41 00 NGC 6329 GALXY12.8
17 14 30 +20 18 00 NGC 6321 GALXY13.4
17 15 00 +43 38 59 NGC 6332 GALXY13.6
17 15 48 +29 23 00 NGC 6330 GALXY14.0
17 16 18 +43 48 00 NGC 6336 GALXY13.6
17 17 06 +43 08 00 NGC 6341 GLOCL06.5
17 17 06 +40 50 00 NGC 6339 GALXY12.7
17 17 12 +42 27 00 NGC 6344 GALXY
17 17 18 +41 02 59 NGC 6343 GALXY14.5
17 18 24 +41 39 00 NGC 6348 GALXY15.5
17 18 42 +41 41 00 NGC 6350 GALXY13.2
17 18 54 +49 52 00 UGC 10806 GALXY13.2
17 19 06 +36 03 00 NGC 6349 GALXY15.0
17 19 12 +36 03 00 NGC 6351 GALXY16.0
17 19 54 +16 40 00 NGC 6347 GALXY13.7
17 21 12 +15 42 00 NGC 6353 NONEX
17 22 42 +41 08 00 NGC 6363 GALXY13.3
17 24 30 +29 24 00 NGC 6364 GALXY12.9
17 25 12 +37 46 00 NGC 6367 GALXY15.0
17 26 12 +24 11 00 DoDz 8 OPNCL
17 27 12 +26 30 00 NGC 6371 GALXY15.0
17 27 30 +26 28 00 NGC 6372 GALXY12.9
17 29 18 +16 12 00 NGC 6375 GALXY14.5
17 30 36 +16 17 00 NGC 6379 GALXY12.9
17 32 42 +16 24 00 NGC 6389 GALXY12.1
17 38 18 +18 50 00 NGC 6406 NONEX
17 38 48 +18 52 00 NGC 6408 GALXY12.7
17 41 42 +23 40 00 NGC 6417 GALXY13.1
17 42 30 +21 27 00 PK 45+24.1PLNNB15.1
17 43 36 +25 29 00 NGC 6427 GALXY13.3
17 43 54 +25 32 00 NGC 6428 NONEX
17 44 00 +25 21 00 NGC 6429 GALXY13.1
17 44 00 +36 46 00 NGC 6433 GALXY13.3
17 44 18 +25 30 00 NGC 6431 NONEX
17 44 36 +48 05 00 NGC 6443 GALXY13.8
17 44 36 +18 09 00 NGC 6430 ASTER
17 45 00 +27 18 59 PK 51+25.1PLNNB15.0
17 46 06 +35 33 00 NGC 6446 GALXY15.5
17 46 18 +35 33 00 NGC 6447 GALXY12.7
17 46 54 +20 46 00 NGC 6442 GALXY12.6
17 47 30 +18 35 00 NGC 6450 NONEX
17 48 00 +20 51 00 NGC 6452 GALXY15.5
17 49 12 +20 49 00 NGC 6458 GALXY13.4
17 49 24 +36 08 00 UGC 11000 GALXY13.4
17 49 36 +20 45 59 NGC 6460 GALXY13.1
17 50 42 +17 33 00 NGC 6467 GALXY12.5
17 50 42 +17 33 00 NGC 6468 NONEX
17 51 42 +23 05 00 NGC 6482 GALXY11.4
17 51 42 +24 30 00 NGC 6484 GALXY12.3
17 51 48 +31 28 00 NGC 6485 GALXY12.9
17 52 36 +29 50 00 NGC 6486 GALXY15.0
17 52 42 +29 51 00 NGC 6487 GALXY11.9
17 54 24 +28 00 00 PK 53+24.1PLNNB12.0
17 54 30 +18 23 00 NGC 6490 GALXY13.5
17 54 48 +18 20 00 NGC 6495 GALXY12.2
17 55 18 +18 23 00 NGC 6499 2STAR
17 56 00 +18 21 00 NGC 6500 GALXY12.1
17 56 00 +33 12 00 NGC 6504 GALXY12.5
17 56 06 +18 23 00 NGC 6501 GALXY12.0
17 59 12 +45 55 00 NGC 6524 GALXY12.8
17 59 30 +24 54 00 NGC 6513 GALXY13.3
17 59 42 +28 52 00 NGC 6518 GALXY15.0
18 01 48 +19 44 00 NGC 6527 GALXY13.4
18 05 06 +25 13 00 NGC 6547 GALXY13.6
18 05 18 +46 52 00 NGC 6560 GALXY13.6
18 05 30 +23 16 00 UGC 11113 GALXY13.6
18 05 48 +18 32 00 NGC 6549 GALXY13.7
18 05 48 +18 32 00 NGC 6550 NONEX
18 06 00 +18 35 00 NGC 6548 GALXY11.7
18 07 30 +35 33 00 UGC 11124 GALXY12.7
18 07 48 +17 35 59 NGC 6555 GALXY12.4
18 08 48 +31 32 00 DoDz 9 OPNCL
18 09 06 +17 24 00 NGC 6564 NONEX
18 10 48 +31 05 00 NGC 6575 GALXY12.7
18 10 54 +21 14 00 NGC 6571 GALXY15.5
18 11 00 +49 53 00 NGC 6582 GALXY15.0
18 11 48 +14 58 00 NGC 6574 GALXY12.0
18 11 48 +21 25 00 NGC 6576 GALXY15.5
18 12 06 +21 28 00 NGC 6577 GALXY12.6
18 12 24 +39 37 00 NGC 6585 GALXY12.8
18 12 30 +18 35 59 UGC 11152 GALXY13.6
18 12 36 +21 24 00 NGC 6579 GALXY14.0
18 12 36 +25 25 00 NGC 6581 GALXY15.5
18 12 42 +21 24 00 NGC 6580 GALXY14.0
18 13 42 +21 05 00 NGC 6586 GALXY14.5
18 13 54 +18 49 00 NGC 6587 GALXY12.9
18 14 00 +21 02 00 NGC 6591 GALXY
18 14 12 +22 16 00 NGC 6593 GALXY15.5
18 15 36 +24 56 00 NGC 6599 GALXY12.6
18 15 42 +25 02 00 NGC 6600 NONEX
18 16 36 +25 02 00 NGC 6602 GALXY14.5
18 17 12 +15 00 00 NGC 6610 NONEX
18 17 48 +22 15 00 NGC 6616 GALXY13.8
18 18 48 +23 40 00 NGC 6619 GALXY13.0
18 19 30 +23 43 00 NGC 6623 GALXY14.5
18 22 12 +23 29 00 NGC 6628 GALXY12.9
18 22 36 +15 42 00 NGC 6627 GALXY13.3
18 25 00 +27 32 00 NGC 6632 GALXY12.1
18 27 30 +14 49 00 NGC 6635 GALXY14.5
18 27 48 +14 29 00 PK 43+11.1PLNNB13.9
18 28 48 +22 54 00 NGC 6641 GALXY13.3
18 33 48 +22 53 00 NGC 6658 GALXY12.9
18 33 54 +23 34 00 NGC 6659 NONEX
18 34 30 +22 54 00 NGC 6661 GALXY12.1
18 34 36 +22 44 00 NGC 6660 NONEX
18 38 00 +22 04 00 NGC 6669 GALXY
18 38 30 +25 22 00 NGC 6674 GALXY12.2
18 39 48 +22 18 00 NGC 6680 GALXY15.5
18 45 12 +25 31 00 NGC 6697 GALXY12.7
18 49 48 +20 50 00 PK 51+ 9.1PLNNB11.6
18 59 06 +20 37 00 PK 52+ 7.1PLNNB14.8
