00 13 01 +72 31 20 NGC 40
00 29 54 +60 13 34 NGC 129
00 31 32 +61 31 33 NGC 136
00 34 46 -08 23 48 NGC 157
00 38 58 +48 20 18 NGC 185
00 40 22 +41 41 11 M 110
00 43 26 +61 47 25 NGC 225
00 47 00 -11 52 50 NGC 246
00 47 09 -20 45 38 NGC 247
00 47 34 -25 17 32 Sculptor Galaxy
00 52 04 +47 33 00 NGC 278
00 52 38 -26 35 43 NGC 288
01 08 21 +61 35 00 NGC 381
01 09 27 +35 43 04 NGC 404
01 15 39 +58 48 50 NGC 436
01 19 03 +58 19 45 NGC 457
01 21 47 +05 15 17 NGC 488
01 24 48 +09 32 21 NGC 524
01 29 29 +63 18 29 NGC 559
01 31 21 -06 52 06 NGC 584
01 32 52 -07 01 57 NGC 596
01 33 51 +30 39 36 Pinwheel
01 34 17 -29 24 58 NGC 613
01 35 06 -07 20 28 NGC 615
01 42 21 +51 34 06 Little Dumbbell/Barbell/Cork
01 42 56 +64 00 06 NGC 637
01 44 03 +61 53 04 NGC 654
01 44 13 +60 42 03 NGC 659
01 46 03 +61 15 00 NGC 663
01 49 52 -27 27 56 NGC 689
01 53 00 -13 44 21 NGC 720
01 57 47 +37 40 36 NGC 752
01 59 20 +19 00 22 NGC 772
01 59 42 -05 57 53 NGC 779
02 19 02 +57 08 47 h Perseus
02 22 27 +57 06 39 Chi Perseus
02 22 33 +42 20 48 NGC 891
02 23 05 -21 14 00 NGC 908
02 27 38 -01 09 17 NGC 936
02 38 33 -06 40 41 NGC 1022
02 40 24 +39 03 46 NGC 1023
02 41 05 -08 15 22 NGC 1052
02 41 45 +00 26 31 NGC 1055
02 42 41 +61 32 45 NGC 1027
02 46 00 -07 34 42 NGC 1084
03 14 39 +47 15 07 NGC 1245
03 31 38 +37 20 10 NGC 1342
03 40 12 -18 34 52 NGC 1407
03 49 23 +52 40 07 NGC 1444
04 07 01 +60 55 02 NGC 1501
04 07 43 +62 20 00 NGC 1502
04 10 01 +49 30 50 NGC 1513
04 14 16 -12 44 22 NGC 1535
04 15 24 +51 14 29 NGC 1528
04 20 52 +50 15 07 NGC 1545
04 46 02 +19 04 24 NGC 1647
04 51 04 +43 42 04 NGC 1664
05 03 38 +23 49 10 NGC 1746
05 04 26 +23 47 07 NGC 1758
05 06 54 -03 21 00 NGC 1788
05 12 05 +16 41 34 NGC 1817
05 20 10 +39 21 01 NGC 1857
05 28 02 +35 19 26 NGC 1907
05 31 25 +34 15 12 NGC 1931
05 33 21 -21 56 51 NGC 1964
05 35 21 -05 55 07 NGC 1980
05 36 30 -06 42 00 NGC 1999
05 41 54 -01 51 00 NGC 2024
05 42 04 +69 22 46 NGC 1961
05 42 08 +09 05 24 NGC 2022
06 01 02 +23 18 03 NGC 2129
06 02 59 +49 53 55 NGC 2126
06 07 28 +24 05 34 NGC 2158
06 08 26 +13 57 29 NGC 2169
06 11 06 -06 13 00 NGC 2185
06 12 10 +05 27 13 NGC 2186
06 13 49 +12 48 06 NGC 2194
06 15 41 -18 38 04 NGC 2204
06 21 01 -07 16 26 NGC 2215
06 26 34 -04 43 51 NGC 2232
06 32 21 +04 51 45 NGC 2244
06 34 43 +08 21 35 NGC 2251
06 41 03 +09 53 07 NGC 2264
06 47 36 -03 09 21 NGC 2286
06 49 19 +41 03 35 NGC 2281
06 51 46 +00 28 22 NGC 2301
06 55 01 +18 01 08 NGC 2304
06 57 47 -04 34 05 NGC 2311
07 04 11 +01 03 28 NGC 2324
07 06 34 -10 03 42 NGC 2335
07 08 16 -10 37 48 NGC 2343
07 14 15 -25 43 15 NGC 2354
07 14 34 -10 17 15 NGC 2353
07 16 55 +13 46 36 NGC 2355
07 17 46 -15 36 29 NGC 2360
07 18 46 -24 55 33 NGC 2362
07 25 34 +29 29 18 NGC 2371
07 27 07 +13 34 54 NGC 2395
07 29 11 +20 54 42 Eskimo/Clown Face
07 36 17 -20 35 44 NGC 2421
07 36 36 -14 28 45 M 47
07 36 54 +65 35 59 NGC 2403
07 37 07 -13 50 47 NGC 2423
07 38 11 +38 53 11 NGC 2419
07 38 28 +21 34 09 NGC 2420
07 41 50 -14 44 12 NGC 2438
07 41 55 -18 12 31 NGC 2440
07 54 55 -24 16 58 NGC 2482
07 55 03 -17 41 58 NGC 2479
07 56 12 -30 03 03 NGC 2489
08 00 11 -10 46 17 NGC 2506
08 00 44 -19 03 20 NGC 2509
08 05 15 -28 08 37 NGC 2527
08 10 45 -12 48 57 NGC 2539
08 13 46 -05 47 08 M 48
08 18 37 -30 37 26 NGC 2567
08 18 56 -29 43 27 NGC 2571
08 33 23 -22 58 24 NGC 2613
08 37 16 -29 55 30 NGC 2627
08 52 41 +33 25 03 NGC 2683
08 53 33 +51 18 54 NGC 2681
08 55 39 +78 13 28 NGC 2655
09 07 34 +60 28 47 NGC 2742
09 10 20 +07 02 19 NGC 2775
09 11 38 +60 02 22 NGC 2768
09 14 05 +40 06 52 NGC 2782
09 16 11 -16 18 47 NGC 2811
09 19 19 +69 12 11 NGC 2787
09 22 02 +50 58 31 NGC 2841
09 24 19 +34 30 46 NGC 2859
09 32 10 +21 30 02 NGC 2903
09 42 33 -03 41 59 NGC 2974
09 42 36 +58 51 08 NGC 2950
09 42 54 +31 50 51 NGC 2964
09 47 16 +67 54 50 NGC 2976
09 50 21 +72 16 45 NGC 2985
09 55 54 +69 40 57 M 82
10 01 58 +55 40 43 NGC 3079
10 03 21 +68 44 02 NGC 3077
10 05 14 -07 43 07 Spindle
10 13 45 +03 25 31 NGC 3166
10 14 14 +03 28 08 NGC 3169
10 16 53 +73 24 04 NGC 3147
10 18 06 +21 50 00 NGC 3190
10 18 17 +41 25 26 NGC 3184
10 18 25 +21 53 43 NGC 3193
10 19 55 +45 33 09 NGC 3198
10 23 27 +19 53 56 NGC 3226
10 23 31 +19 51 49 NGC 3227
10 24 49 -18 38 15 Ghost of Jupiter/Eye
10 27 18 +28 30 29 NGC 3245
10 32 55 +28 30 43 NGC 3277
10 36 16 +37 19 28 NGC 3294
10 38 47 +53 30 08 NGC 3310
10 43 31 +24 55 25 NGC 3344
10 47 42 +13 59 00 NGC 3377
10 47 50 +12 34 57 M 105
10 48 17 +12 37 50 NGC 3384
10 49 49 +32 58 52 NGC 3395
10 50 53 +13 24 46 NGC 3412
10 51 16 +27 58 33 NGC 3414
10 52 31 +36 37 08 NGC 3432
11 00 18 +13 54 08 NGC 3489
11 00 23 +28 58 33 NGC 3486
11 03 11 +27 58 25 NGC 3504
11 05 49 -00 02 15 NGC 3521
11 11 32 +55 40 15 M 108
11 14 36 +12 49 07 NGC 3593
11 16 54 +18 03 12 NGC 3607
11 16 59 +18 08 57 NGC 3608
11 18 17 -32 48 49 NGC 3621
11 18 26 +58 47 14 NGC 3610
11 18 36 +58 00 05 NGC 3613
11 19 22 +57 45 35 NGC 3619
11 20 04 +18 21 30 NGC 3626
11 20 16 +13 35 22 NGC 3628
11 21 03 +53 10 17 NGC 3631
11 21 07 +03 14 08 NGC 3640
11 22 55 +16 35 27 NGC 3655
11 24 43 +38 45 47 NGC 3665
11 26 08 +43 35 06 NGC 3675
11 27 44 +17 13 25 NGC 3686
11 33 21 +47 01 39 NGC 3726
11 33 50 +53 07 36 NGC 3729
11 40 58 +11 28 17 NGC 3810
11 41 18 +36 32 49 NGC 3813
11 46 08 +47 29 38 NGC 3877
11 48 39 +48 42 40 NGC 3893
11 49 09 +27 01 26 NGC 3900
11 49 15 +56 05 02 NGC 3898
11 50 04 +26 28 47 NGC 3912
11 52 50 +44 07 26 NGC 3938
11 52 55 +36 59 14 NGC 3941
11 53 15 +60 40 36 NGC 3945
11 53 41 +47 51 35 NGC 3949
11 53 49 +52 19 39 NGC 3953
11 54 40 -13 58 23 NGC 3962
11 56 28 +55 07 28 NGC 3982
11 57 36 +53 22 31 M 109
11 57 57 +55 27 15 NGC 3998
11 59 25 +50 57 43 NGC 4026
11 59 30 -19 16 05 NGC 4027
12 00 24 -01 06 04 NGC 4030
12 01 27 +61 53 41 NGC 4036
12 01 53 -18 51 54 Ring Tail
12 02 12 +62 08 21 NGC 4041
12 03 09 +44 32 06 NGC 4051
12 05 23 +50 21 14 NGC 4085
12 05 35 +50 32 31 NGC 4088
12 06 23 +52 42 41 NGC 4102
12 07 03 +43 04 02 NGC 4111
12 09 36 +42 32 11 NGC 4143
12 10 09 +18 32 19 NGC 4147
12 10 32 +39 24 30 NGC 4151
12 10 33 +30 24 06 NGC 4150
12 12 52 +01 18 00 NGC 4179
12 15 05 +33 11 53 NGC 4203
12 15 39 +36 19 39 NGC 4214
12 15 53 +13 08 58 NGC 4216
12 17 37 +29 36 34 NGC 4245
12 18 08 +28 10 32 NGC 4251
12 18 58 +47 18 16 M 106
12 19 23 +05 49 36 NGC 4261
12 19 51 +29 36 54 NGC 4274
12 19 56 +05 20 48 NGC 4273
12 20 07 +29 16 48 NGC 4278
12 20 22 +05 23 12 NGC 4281
12 21 13 +18 22 58 NGC 4293
12 21 55 +04 28 20 M 61
12 22 32 +29 53 47 NGC 4314
12 23 28 +46 59 39 NGC 4346
12 23 58 +16 41 34 NGC 4350
12 24 28 +07 19 06 NGC 4365
12 24 30 -18 47 37 NGC 4361
12 24 47 +07 21 11 NGC 4366
12 24 55 +11 42 16 NGC 4371
12 25 56 +18 12 54 NGC 4394
12 26 27 +31 13 29 NGC 4414
12 26 57 +15 02 52 NGC 4419
12 27 26 +11 06 30 NGC 4429
12 27 41 +13 04 48 NGC 4435
12 27 45 +13 00 36 NGC 4438
12 28 04 +09 48 18 NGC 4442
12 28 11 +44 05 40 NGC 4449
12 28 16 +28 37 15 NGC 4448
12 28 29 +17 05 05 NGC 4450
12 29 00 +13 58 45 NGC 4459
12 29 49 +13 25 49 NGC 4473
12 30 02 +13 38 11 NGC 4477
12 30 17 +12 19 44 NGC 4478
12 30 32 +41 42 01 NGC 4485
12 30 37 +41 38 22 NGC 4490
12 31 24 +25 46 25 NGC 4494
12 34 03 +07 42 01 NGC 4526
12 34 09 +02 39 13 NGC 4527
12 34 20 +08 11 53 NGC 4535
12 34 27 +02 11 18 NGC 4536
12 35 26 +14 29 49 M 91
12 35 29 -03 47 37 NGC 4546
12 35 31 +12 13 17 NGC 4550
12 35 57 +27 57 53 NGC 4559
12 36 21 +25 59 20 NGC 4565
12 36 53 +07 14 52 NGC 4570
12 39 56 +10 10 33 NGC 4596
12 39 59 -11 37 23 Sombrero
12 41 33 +41 09 03 NGC 4618
12 42 08 +32 32 28 NGC 4631
12 42 50 +02 41 17 NGC 4636
12 43 20 +01 58 41 NGC 4643
12 43 57 +13 07 33 NGC 4654
12 43 59 +32 10 36 NGC 4656
12 44 32 +11 11 27 NGC 4660
12 45 06 +03 03 26 NGC 4665
12 45 09 -00 27 38 NGC 4666
12 47 46 +13 45 52 NGC 4689
12 48 23 +08 29 16 NGC 4698
12 48 36 -05 48 02 NGC 4697
12 49 02 -08 39 52 NGC 4699
12 50 27 +25 30 01 NGC 4725
12 52 18 +11 18 49 NGC 4754
12 52 23 -01 11 57 NGC 4753
12 52 56 +11 13 48 NGC 4762
12 54 24 -10 32 11 NGC 4781
12 54 38 +46 31 51 NGC 4800
12 58 01 +01 34 31 NGC 4845
12 59 21 -15 02 32 NGC 4856
12 59 27 +14 10 15 NGC 4866
13 00 39 +02 30 02 NGC 4900
13 05 49 -08 01 15 NGC 4958
13 09 41 -07 50 01 NGC 4995
13 10 56 +37 03 29 NGC 5005
13 13 28 +36 35 38 NGC 5033
13 16 58 -16 38 07 NGC 5054
13 29 59 +47 16 21 NGC 5195
13 37 32 +08 53 08 NGC 5248
13 42 08 +35 39 12 NGC 5273
13 49 15 +60 11 29 NGC 5322
13 56 07 +05 15 19 NGC 5363
13 56 12 +05 00 54 NGC 5364
14 04 44 +54 53 32 NGC 5473
14 05 02 +53 39 47 NGC 5474
14 05 27 +28 31 42 NGC 5466
14 18 26 +36 29 38 NGC 5557
14 20 20 +03 55 59 NGC 5566
14 21 04 +03 16 14 NGC 5576
14 26 33 +56 35 00 NGC 5631
14 29 38 -05 58 19 NGC 5634
14 32 47 +49 27 27 NGC 5676
14 35 30 +48 44 35 NGC 5689
14 42 31 -26 44 45 NGC 5694
14 44 56 +01 57 16 NGC 5746
15 06 29 +01 36 25 NGC 5846
15 06 30 +55 45 46 M 102
15 15 53 +56 19 33 NGC 5906
15 17 29 -21 00 57 NGC 5897
15 38 40 +59 21 22 NGC 5982
16 21 49 -02 16 58 NGC 6118
16 27 10 -26 02 41 NGC 6144
16 32 30 -13 03 19 M 107
16 32 40 +78 11 57 NGC 6217
16 43 04 +36 49 58 NGC 6207
16 47 00 +47 31 43 NGC 6229
16 53 24 -22 09 53 NGC 6235
17 04 28 -24 45 07 NGC 6284
17 05 07 -22 42 04 NGC 6287
17 10 12 -26 33 44 NGC 6293
17 14 35 -29 27 24 NGC 6304
17 16 33 -28 08 16 NGC 6316
17 21 15 -19 34 55 NGC 6342
17 23 37 -17 48 45 NGC 6356
17 24 00 -26 20 43 NGC 6355
17 29 20 -23 45 44 NGC 6369
17 38 39 -23 54 40 NGC 6401
17 44 54 +03 09 48 NGC 6426
17 48 59 -20 21 55 NGC 6440
17 49 15 -20 00 24 NGC 6445
17 50 43 -30 11 48 NGC 6451
17 58 33 +66 37 59 Cat's Eye
18 01 50 -08 56 58 NGC 6517
18 02 20 -23 00 56 M 20
18 03 21 -27 52 53 NGC 6520
18 03 36 -30 01 51 NGC 6522
18 04 48 -30 03 46 NGC 6528
18 06 21 -27 47 39 NGC 6540
18 07 29 -25 00 34 NGC 6544
18 09 24 -25 55 26 NGC 6553
18 12 48 -21 35 11 NGC 6568
18 13 39 -31 49 07 NGC 6569
18 15 49 -22 06 57 NGC 6583
18 23 43 -30 21 23 NGC 6624
18 25 42 -23 12 44 NGC 6629
18 27 44 +06 33 56 NGC 6633
18 30 59 -25 29 52 NGC 6638
18 31 51 -23 27 48 NGC 6642
18 32 36 -16 52 44 NGC 6645
18 36 43 -08 12 26 NGC 6664
18 53 02 -08 43 16 NGC 6712
19 07 47 +04 13 47 NGC 6755
19 08 41 +04 40 51 NGC 6756
19 18 27 +06 32 31 NGC 6781
19 30 35 +20 16 21 NGC 6802
19 43 08 +23 18 12 NGC 6823
19 43 56 -14 09 49 Little Gem
19 44 51 +50 31 20 Blinking Planetary
19 51 03 +23 03 43 NGC 6830
19 52 13 +29 24 47 NGC 6834
20 03 44 +43 59 32 NGC 6866
20 12 00 +26 29 02 NGC 6885
20 22 26 +20 06 39 NGC 6905
20 23 05 +40 46 43 NGC 6910
20 31 24 +60 38 12 NGC 6939
20 34 15 +07 24 19 NGC 6934
20 34 36 +28 18 22 NGC 6940
20 34 52 +60 09 15 NGC 6946
20 58 48 +44 19 59 North American
21 00 33 +54 32 36 NGC 7008
21 01 26 +16 11 49 NGC 7006
21 04 13 -11 22 03 Saturn Nebula
21 12 59 +42 29 25 NGC 7044
21 23 13 +46 22 54 NGC 7062
21 30 31 +51 35 14 NGC 7086
21 44 01 +53 42 48 NGC 7128
21 45 54 +65 47 54 NGC 7142
21 53 44 +62 36 12 NGC 7160
22 05 12 +46 29 37 NGC 7209
22 07 52 +31 21 34 NGC 7217
22 15 17 +49 52 57 NGC 7243
22 28 12 +52 17 21 NGC 7296
22 37 05 +34 25 10 NGC 7331
22 47 00 +58 05 50 NGC 7380
23 00 04 +15 58 56 NGC 7448
23 04 57 +12 19 18 NGC 7479
23 11 32 +60 34 18 NGC 7510
23 19 05 -08 29 08 NGC 7606
23 25 54 +42 32 30 Blue Snowball
23 30 11 +49 07 33 NGC 7686
23 38 57 -12 57 43 NGC 7723
23 39 54 -12 17 36 NGC 7727
23 57 02 +56 43 42 NGC 7789
23 58 26 +61 12 42 NGC 7790
