08 13 48 -05 48 00 NGC 2548 OPNCL05.8
08 18 00 +00 44 00 NGC 2555 GALXY12.2
08 19 36 +04 39 00 NGC 2561 GALXY13.1
08 20 48 -08 57 00 NGC 2574 GALXY14.0
08 23 06 -05 01 00 NGC 2583 GALXY13.4
08 23 12 -05 00 00 NGC 2584 GALXY14.5
08 23 24 -04 56 00 NGC 2585 GALXY14.5
08 24 24 -04 53 00 NGC 2586 GALXY15.5
08 24 30 -08 46 00 NGC 2589 NONEX
08 25 06 -00 36 00 NGC 2590 GALXY13.1
08 33 24 -16 09 00 NGC 2610 PLNNB13.0
08 33 48 -13 09 00 NGC 2612 GALXY13.0
08 34 36 -02 32 00 NGC 2615 GALXY12.5
08 35 36 -01 50 00 NGC 2616 GALXY12.5
08 35 42 -04 03 00 NGC 2617 GALXY15.0
08 36 12 +00 42 00 NGC 2618 GALXY12.1
08 37 54 -02 28 00 UGC 4506 GALXY11.7
08 40 42 -04 07 00 NGC 2642 GALXY12.6
08 41 30 +04 59 00 NGC 2644 GALXY12.3
08 43 18 -03 37 00 NGC 2652 NONEX
08 45 42 -15 08 00 NGC 2662 GALXY15.0
08 46 00 -19 17 00 NGC 2665 GALXY12.2
08 49 18 -14 16 59 NGC 2674 NONEX
08 52 42 -02 37 00 NGC 2690 GALXY13.1
08 54 24 -04 59 00 NGC 2696 NONEX
08 54 30 -03 05 00 NGC 2695 GALXY11.9
08 55 06 -03 00 00 NGC 2697 GALXY12.3
08 55 36 -03 10 59 NGC 2698 GALXY12.6
08 55 42 -05 06 00 NGC 2700 NONEX
08 55 54 -03 09 00 NGC 2699 GALXY12.6
08 55 54 -03 04 00 NGC 2702 GALXY
08 55 54 -03 17 00 NGC 2703 2STAR
08 56 00 -03 00 00 NGC 2705 1STAR
08 56 06 -03 21 00 NGC 2708 GALXY12.0
08 56 12 -03 04 00 NGC 2707 1STAR
08 56 18 -02 35 00 NGC 2706 GALXY13.0
08 56 18 -03 16 00 NGC 2709 GALXY13.6
08 57 18 +02 55 00 NGC 2713 GALXY11.8
08 57 36 +03 05 00 NGC 2716 GALXY11.8
08 58 48 +06 18 01 NGC 2718 GALXY11.8
08 58 48 -04 53 59 NGC 2721 GALXY12.5
08 58 48 -03 42 59 NGC 2722 GALXY
09 00 12 +03 10 00 NGC 2723 GALXY13.2
09 01 06 -03 23 00 NGC 2727 NONEX
09 01 30 +03 43 00 NGC 2729 GALXY13.4
09 02 06 -03 44 00 NGC 2733 NONEX
09 05 00 -19 05 00 NGC 2754 GALXY14.2
09 05 24 -19 03 00 NGC 2758 GALXY13.2
09 05 30 -19 02 00 NGC 2757 2STAR
09 06 48 -15 29 00 NGC 2763 GALXY12.0
09 07 36 +03 23 00 NGC 2765 GALXY12.1
09 08 06 +05 56 00 UGC 4797 GALXY13.9
09 10 48 -08 54 00 MCG -01-24GALXY11.3
09 11 30 -14 48 00 NGC 2781 GALXY11.6
09 12 18 -24 10 00 NGC 2784 GALXY10.2
09 16 18 -16 18 00 NGC 2811 GALXY11.3
09 16 18 -23 36 00 NGC 2815 GALXY11.9
09 16 24 +03 53 00 PK227+33.1PLNNB
09 17 18 -04 44 00 NGC 2817 GALXY13.0
09 17 54 -22 20 00 NGC 2835 GALXY10.5
09 18 06 -12 06 00 MCG -02-24GALXY12.9
09 18 24 -16 28 00 NGC 2837 NONEX
09 19 54 -14 41 00 NGC 2846 1STAR
09 20 06 -16 30 00 NGC 2847 NONEX
09 20 12 -16 30 00 NGC 2848 GALXY11.8
09 20 36 -16 28 00 NGC 2851 GALXY15.0
09 21 00 -04 55 00 NGC 2850 GALXY
09 21 30 -11 53 00 NGC 2855 GALXY11.6
09 22 54 +03 09 00 NGC 2858 GALXY12.6
09 23 24 -23 10 00 NGC 2865 GALXY11.7
09 23 24 -10 24 00 NGC 2868 NONEX
09 23 36 +02 08 00 NGC 2861 GALXY12.7
09 23 36 -10 24 00 NGC 2863 GALXY13.0
09 23 36 -10 24 00 NGC 2869 GALXY
09 24 12 +05 57 00 NGC 2864 GALXY15.0
09 25 12 -06 43 00 NGC 2876 GALXY14.5
09 25 24 -11 40 00 NGC 2879 3STAR
09 25 48 +02 05 00 NGC 2878 GALXY14.2
09 25 48 +02 13 00 NGC 2877 GALXY14.3
09 25 54 -11 59 00 NGC 2881 GALXY14.0
09 26 24 -11 33 00 NGC 2884 GALXY13.0
09 26 30 -21 46 00 NGC 2886 3STAR
09 26 36 -14 32 00 NGC 2890 GALXY15.0
09 27 12 -11 38 00 NGC 2889 GALXY11.7
09 29 48 +02 03 01 NGC 2898 GALXY13.4
09 29 48 +02 12 01 NGC 2897 GALXY
09 30 18 +04 08 00 NGC 2900 GALXY13.0
09 30 54 -14 43 00 NGC 2902 GALXY12.2
09 31 36 -16 45 00 NGC 2907 GALXY11.6
09 34 18 -20 51 00 NGC 2920 GALXY13.0
09 34 30 -02 30 00 NGC 2917 GALXY13.6
09 34 42 -20 57 00 NGC 2921 GALXY12.0
09 35 12 -16 25 00 NGC 2924 GALXY12.0
09 36 06 -12 26 00 NGC 2947 GALXY
09 36 42 -21 08 00 NGC 2935 GALXY11.4
09 37 30 -22 01 59 NGC 2945 GALXY12.2
09 37 36 -10 11 59 NGC 2952 GALXY
09 37 42 +02 44 00 NGC 2936 GALXY13.1
09 37 42 +02 44 00 NGC 2937 GALXY13.7
09 38 54 -04 49 00 MCG -01-25GALXY11.0
09 39 06 -02 48 00 PK238+34.1PLNNB13.4
09 39 18 -19 06 00 NGC 2956 GALXY14.4
09 39 42 -00 14 00 NGC 2951 GALXY15.0
09 40 36 +03 34 00 NGC 2960 GALXY12.4
09 40 54 +05 10 00 NGC 2962 GALXY11.9
09 41 12 -16 39 00 NGC 2975 GALXY
09 43 42 -20 29 00 NGC 2983 GALXY11.8
09 44 18 -21 17 00 NGC 2986 GALXY10.8
09 45 24 -18 23 00 NGC 2989 GALXY13.0
09 45 36 -13 09 59 PK248+29.1PLNNB12.9
09 45 42 -14 19 59 NGC 2992 GALXY12.2
09 45 48 -14 22 00 NGC 2993 GALXY12.6
09 46 30 -21 36 00 NGC 2996 GALXY12.5
09 49 30 -21 45 00 NGC 3025 GALXY12.9
09 49 54 -19 09 59 NGC 3028 GALXY12.7
09 50 12 -12 14 00 NGC 3030 GALXY15.0
09 51 24 -27 02 00 NGC 3037 GALXY13.1
09 53 12 -18 39 00 NGC 3045 GALXY14.0
09 53 30 -12 30 00 NGC 3058 GALXY15.0
09 54 30 -25 42 00 NGC 3054 GALXY11.8
09 54 30 -18 38 00 NGC 3052 GALXY12.2
09 57 36 -19 21 00 NGC 3072 GALXY12.7
09 57 42 -18 11 00 NGC 3076 GALXY13.1
09 58 24 -26 56 00 NGC 3078 GALXY11.1
09 59 30 -22 50 00 NGC 3081 GALXY12.0
09 59 36 -19 29 00 NGC 3085 GALXY13.0
10 00 12 -19 38 00 NGC 3091 GALXY11.1
10 00 42 -19 39 00 NGC 3096 GALXY13.4
10 03 06 -26 08 59 NGC 3109 GALXY09.9
10 04 00 -20 46 00 NGC 3112 GALXY
10 05 54 -16 07 00 NGC 3128 GALXY14.0
10 06 18 -16 07 00 NGC 3127 GALXY14.0
10 06 42 -19 13 00 NGC 3124 GALXY12.1
10 07 12 -11 57 00 NGC 3133 GALXY
10 09 06 -11 58 00 NGC 3138 GALXY15.0
10 09 18 -16 38 00 NGC 3141 NONEX
10 09 30 -16 37 00 NGC 3140 GALXY14.0
10 10 06 -12 35 00 NGC 3143 GALXY14.3
10 10 06 -11 47 00 NGC 3139 GALXY15.0
10 10 12 -12 26 00 NGC 3145 GALXY11.7
10 11 12 -20 52 00 NGC 3146 GALXY13.1
10 15 18 -19 01 00 NGC 3176 NONEX
10 15 36 -20 39 00 NGC 3171 GALXY12.8
10 16 06 -15 47 00 NGC 3178 GALXY13.0
10 18 36 -17 59 00 NGC 3200 GALXY12.0
10 19 36 -26 42 00 NGC 3203 GALXY12.1
10 19 42 -25 51 00 NGC 3208 GALXY12.7
10 22 00 -22 16 00 NGC 3233 GALXY12.5
10 24 30 -21 47 00 NGC 3240 GALXY13.2
10 24 48 -18 38 00 NGC 3242 PLNNB08.6
10 32 18 -22 18 00 NGC 3282 GALXY13.0
10 32 36 -12 39 00 NGC 3280A GALXY16.0
10 32 36 -12 39 00 NGC 3280B GALXY16.0
10 32 42 -12 39 00 NGC 3280C GALXY16.0
10 32 42 -12 38 00 NGC 3295 GALXY
10 32 42 -12 43 00 NGC 3296 GALXY
10 33 00 -27 31 00 NGC 3285A GALXY13.9
10 33 06 -12 40 00 NGC 3297 GALXY
10 33 36 -27 27 00 NGC 3285 GALXY12.0
10 34 42 -27 40 00 NGC 3285B GALXY13.1
10 35 06 -17 16 00 NGC 3290 GALXY14.0
10 36 18 -27 10 00 NGC 3305 GALXY12.8
10 36 18 -27 32 00 NGC 3307 GALXY14.5
10 36 24 -27 26 00 NGC 3308 GALXY11.9
10 36 36 -27 31 00 NGC 3309 GALXY11.6
10 36 42 -27 32 00 NGC 3311 GALXY11.6
10 36 48 -27 32 00 Abell 1060GALCL12.7
10 37 00 -27 34 00 NGC 3312 GALXY11.9
10 37 12 -27 41 00 NGC 3314 GALXY14.0
10 37 18 -27 12 00 NGC 3315 GALXY13.4
10 37 24 -27 29 00 NGC 3317 NONEX
10 37 30 -25 19 00 NGC 3313 GALXY11.4
10 37 36 -27 36 00 NGC 3316 GALXY12.6
10 38 48 -11 39 00 NGC 3321 GALXY14.0
10 38 48 -11 39 00 NGC 3322 GALXY
10 39 00 -23 49 00 NGC 3331 GALXY13.2
10 39 36 -23 56 00 NGC 3335 GALXY13.0
10 40 18 -27 46 00 NGC 3336 GALXY12.3
10 43 30 -23 12 00 NGC 3355 NONEX
10 46 42 -25 15 00 NGC 3369 GALXY13.6
10 47 18 -24 27 00 NGC 3383 GALXY12.7
10 48 06 -31 32 00 NGC 3390 GALXY11.9
10 48 06 -20 51 00 NGC 3450 GALXY11.9
10 48 06 -20 53 00 MCG -03-28GALXY12.0
10 48 18 -25 10 00 NGC 3393 GALXY12.2
10 50 00 -12 40 00 NGC 3402 GALXY
10 50 06 -17 15 00 NGC 3420 GALXY14.0
10 50 12 -17 03 00 NGC 3409 GALXY15.0
10 50 18 -12 51 00 NGC 3411 GALXY11.9
10 50 18 -12 07 00 NGC 3404 GALXY14.0
10 50 48 -12 27 00 NGC 3421 GALXY14.0
10 51 06 -12 24 00 NGC 3422 GALXY15.0
10 53 42 -21 47 00 NGC 3453 GALXY13.0
10 54 42 -21 04 00 NGC 3464 GALXY12.6
10 55 06 -26 07 00 NGC 3463 GALXY12.9
10 59 00 -28 28 00 NGC 3483 GALXY12.1
11 13 18 -26 45 00 NGC 3585 GALXY09.9
11 16 12 -33 49 00 NGC 3606 GALXY12.4
11 17 48 -26 07 00 NGC 3617 GALXY12.8
11 18 18 -32 49 00 NGC 3621 GALXY09.7
11 25 12 -26 44 00 NGC 3673 GALXY11.5
11 26 42 -34 22 00 PK283+25.1PLNNB12.1
11 31 30 -30 19 00 NGC 3717 GALXY11.2
11 46 48 -27 55 00 NGC 3885 GALXY11.9
11 49 12 -29 17 00 NGC 3904 GALXY10.9
11 51 00 -28 48 00 NGC 3923 GALXY09.8
11 52 18 -26 54 00 NGC 3936 GALXY12.0
12 05 36 -26 33 00 NGC 4087 GALXY12.1
12 05 48 -27 56 00 IC 2995 GALXY12.2
12 06 42 -29 46 00 NGC 4105 GALXY10.6
12 06 48 -29 47 00 NGC 4106 GALXY11.4
12 10 12 -29 44 00 IC 764 GALXY12.2
12 22 12 -33 28 00 NGC 4304 GALXY11.6
12 27 48 -30 07 00 NGC 4456 GALXY13.3
12 39 30 -26 45 00 NGC 4590 GLOCL08.2
12 53 36 -22 52 00 PK303+40.1PLNNB12.0
12 56 12 -29 30 00 NGC 4806 GALXY12.7
12 57 36 -27 18 00 NGC 4831 GALXY12.4
13 06 06 -29 45 00 NGC 4955 GALXY12.2
13 07 06 -23 41 00 NGC 4968 GALXY12.8
13 07 18 -28 13 00 NGC 4965 GALXY12.1
13 07 30 -24 02 00 NGC 4970 GALXY12.2
13 09 12 -28 39 00 NGC 4980 GALXY12.6
13 09 42 -23 24 00 NGC 4993 GALXY12.3
13 15 30 -23 59 00 NGC 5042 GALXY11.8
13 16 06 -28 23 00 NGC 5048 GALXY12.7
13 16 12 -28 16 00 NGC 5051 GALXY13.2
13 18 06 -26 52 00 NGC 5061 GALXY10.4
13 19 54 -27 25 00 NGC 5078 GALXY11.0
13 20 24 -24 25 00 NGC 5085 GALXY11.3
13 21 48 -27 27 00 NGC 5101 GALXY10.6
13 25 42 -29 50 00 NGC 5135 GALXY12.1
13 26 48 -27 08 00 Abell 1736GALCL14.8
13 27 42 -29 34 00 NGC 5150 GALXY12.6
13 27 54 -29 37 00 NGC 5152 GALXY12.5
13 28 00 -29 37 00 NGC 5153 GALXY11.8
13 30 42 -28 08 00 NGC 5182 GALXY12.4
13 37 06 -29 52 00 NGC 5236 GALXY07.5
13 40 24 -23 52 00 NGC 5260 GALXY12.9
13 41 30 -29 56 01 NGC 5264 GALXY12.0
13 52 48 -28 28 00 NGC 5328 GALXY11.6
13 53 06 -28 27 00 NGC 5330 GALXY13.8
13 57 54 -29 19 00 IC 4351 GALXY11.7
14 00 30 -28 50 00 NGC 5393 GALXY13.1
14 07 00 -30 00 00 NGC 5464 GALXY13.0
14 12 24 -27 07 00 NGC 5495 GALXY12.8
14 20 30 -29 15 00 NGC 5556 GALXY11.8
14 23 54 -28 41 00 NGC 5592 GALXY12.8
14 29 42 -29 46 00 NGC 5626 GALXY13.0
14 39 36 -26 32 00 NGC 5694 GLOCL10.2
