00 20 24 +59 18 00 IC0010_GL
00 42 24 +29 38 01 IC0043_GL
00 44 00 +01 51 00 IC0049_GL
00 46 24 -13 26 00 IC0051_GL
00 51 30 -12 51 00 IC0056_GL
00 56 42 +61 04 00 IC0059_DN
00 59 30 +60 49 00 IC0063_DN
01 00 54 +47 41 00 IC0065_GL
01 08 48 -15 57 00 IC0079_GL
01 16 06 +04 18 00 IC0089_GL
01 27 54 -02 03 00 IC0119_GL
01 29 48 -06 59 00 IC0127_GL
01 38 42 -17 50 00 IC0146_GL
01 52 30 +61 50 00 IC0166_DN
01 51 06 +21 55 00 IC0167_GL
01 54 54 +00 49 00 IC0172_DN
01 56 00 +01 17 00 IC0173_GL
01 56 18 +01 20 00 IC0175_DN
02 06 06 +09 17 00 IC0198_GL
02 08 24 +06 23 00 IC0208_GL
02 09 00 -07 04 00 IC0209_GL
02 11 06 +03 52 00 IC0211_GL
02 22 00 -20 45 00 IC0223_GL
02 36 30 +38 58 00 IC0239_GL
02 41 06 -06 56 00 IC0249_GL
02 53 48 +12 50 00 IC0267_GL
02 59 48 +02 46 00 IC0277_GL
03 06 12 +42 23 00 IC0284_GL
03 10 18 +61 19 01 IC0289_PN
03 10 18 +40 46 00 IC0292_GL
03 12 48 +04 42 00 IC0302_GL
03 16 06 +40 48 00 IC0309_GL
03 16 42 +41 20 01 IC0310_GL
03 18 06 +41 45 00 IC0312_GL
03 21 00 +41 54 00 IC0313_GL
03 26 30 -21 21 00 IC0324_GL
03 45 12 +76 38 01 IC0334_GL
03 35 30 -34 27 00 IC0335_GL
03 46 48 +68 06 00 IC0342_GL
03 40 06 -18 27 00 IC0343_GL
03 41 42 -18 16 00 IC0346_GL
03 42 30 -04 16 59 IC0347_GL
00 38 00 +32 17 00 IC0348_DN
03 47 30 +35 03 00 IC0351_PN
03 55 00 +25 29 00 IC0353_DN
04 07 48 +69 49 00 IC0356_GL
04 19 00 +28 12 00 IC0359_DN
04 13 00 +25 38 00 IC0360_DN
04 19 00 +58 18 00 IC0361_OC
04 37 54 -09 31 00 IC0382_GL
04 41 42 -07 04 59 IC0387_GL
04 57 24 +78 11 00 IC0391_GL
04 58 00 +68 19 00 IC0396_GL
04 58 12 -07 47 00 IC0398_GL
05 16 12 +34 16 00 IC0405_DN
00 54 00 +33 31 00 IC0410_DN
05 23 54 -17 16 00 IC0416_GL
05 28 06 +34 26 00 IC0417_DN
05 27 30 -12 42 00 IC0418_PN
05 33 24 -00 36 59 IC0423_DN
05 36 48 -00 15 00 IC0426_DN
05 38 30 -07 05 00 IC0430_DN
05 40 18 -01 26 59 IC0431_DN
05 40 54 -01 29 00 IC0432_DN
05 41 00 -02 24 00 IC0434_DN
05 43 00 -02 19 00 IC0435_DN
05 53 00 -17 53 00 IC0438_GL
06 16 54 +22 47 01 IC0443_DN
06 20 24 +23 16 00 IC0444_DN
06 31 00 +10 27 00 IC0446_DN
06 32 42 +07 19 00 IC0448_DN
06 45 42 +71 21 00 IC0449_GL
06 52 12 +74 26 00 IC0450_GL
06 52 54 +74 29 00 IC0451_GL
07 00 18 -30 10 00 IC0456_GL
07 08 36 -04 19 00 IC0466_DN
07 30 00 +79 52 01 IC0467_GL
07 17 30 -13 09 00 IC0468_DN
07 56 00 +85 10 00 IC0469_GL
08 05 42 +26 10 00 IC0492_GL
08 32 00 +24 00 00 IC0509_GL
08 40 48 +73 29 00 IC0511_GL
09 04 00 +85 30 00 IC0512_GL
08 53 42 +73 29 00 IC0520_GL
09 18 30 +73 46 00 IC0529_GL
09 27 24 +23 01 00 IC0538_GL
09 30 54 -14 44 00 IC0543_GL
09 36 12 -12 25 00 IC0547_GL
09 46 06 -03 58 00 IC0562_GL
09 46 18 +03 03 00 IC0563_GL
09 46 24 +03 04 00 IC0564_GL
10 17 12 -03 30 00 IC0600_GL
10 18 18 +07 03 00 IC0602_GL
10 26 30 +20 14 00 IC0610_GL
10 36 18 -08 21 00 IC0624_GL
10 37 00 -27 34 00 IC0629_GL
10 38 30 -07 10 00 IC0630_GL
10 51 00 -02 08 00 IC0651_GL
10 54 24 -00 22 00 IC0655_DN
11 12 42 +09 04 00 IC0676_GL
11 28 30 +58 34 00 IC0694_GL
11 30 48 +20 28 00 IC0701_GL
11 34 48 +49 04 00 IC0712_GL
11 50 36 +55 21 00 IC0740_GL
11 58 36 +42 44 00 IC0749_GL
11 58 54 +42 43 00 IC0750_GL
11 58 54 +42 34 00 IC0751_GL
12 01 12 +14 06 00 IC0755_GL
12 03 24 +52 39 00 IC0757_OC
12 04 12 +62 30 00 IC0758_GL
12 05 54 -29 18 00 IC0760_GL
12 10 12 -29 44 00 IC0764_GL
12 12 30 +12 07 00 IC0769_GL
12 18 06 +06 08 00 IC0773_GL
12 18 54 +12 55 00 IC0775_GL
12 20 06 +14 58 00 IC0781_DN
12 21 36 +15 45 00 IC0783_GL
12 28 06 +12 06 00 IC0794_GL
12 33 54 +15 21 00 IC0800_GL
12 35 48 +74 15 00 IC0802_DN
12 46 36 +29 44 00 IC0818_GL
12 47 24 +29 48 00 IC0821_GL
12 56 54 +26 29 00 IC0835_GL
13 03 18 -30 31 00 IC0844_GL
13 07 48 -00 51 00 IC0850_GL
13 08 36 +52 46 00 IC0853_GL
13 17 12 -17 16 00 IC0863_GL
13 19 00 -27 38 00 IC0874_GL
13 17 06 +57 32 00 IC0875_GL
13 19 42 -27 26 00 IC0879_GL
13 20 36 +34 08 00 IC0883_GL
13 34 42 +09 21 00 IC0900_GL
13 38 24 -00 14 00 IC0903_DN
13 43 18 +55 36 00 IC0922_DN
13 43 42 +55 37 00 IC0928_DN
13 43 48 +55 37 00 IC0931_DN
13 50 00 +71 10 00 IC0954_GL
14 10 00 +17 41 59 IC0982_GL
14 10 06 +17 44 00 IC0983_GL
14 17 42 -13 53 00 IC0991_GL
14 28 18 +13 47 00 IC1014_GL
14 32 30 +49 54 00 IC1029_GL
14 47 24 -13 44 00 IC1055_GL
14 49 18 +63 16 00 IC1065_GL
14 53 06 +03 20 00 IC1067_GL
14 55 00 +18 02 00 IC1076_GL
14 57 24 -19 13 00 IC1077_GL
14 58 54 -19 14 00 IC1081_GL
15 03 42 +42 41 00 IC1090_GL
15 08 12 -11 09 00 IC1091_GL
15 06 54 +56 31 00 IC1099_GL
15 38 54 +12 05 00 IC1131_GL
15 30 42 +82 28 00 IC1143_GL
15 58 30 +17 27 00 IC1151_GL
16 00 36 +15 42 00 IC1155_GL
16 01 30 +01 42 59 IC1158_GL
16 03 54 +14 57 00 IC1167_GL
16 04 30 +17 43 00 IC1170_GL
16 05 12 +17 25 00 IC1173_GL
16 05 30 +17 36 00 IC1178_GL
16 05 36 +17 35 00 IC1181_GL
16 05 42 +17 43 00 IC1185_GL
16 05 42 +17 22 00 IC1186_GL
16 06 06 +17 27 00 IC1188_GL
16 06 12 +18 11 00 IC1189_GL
16 06 30 +18 16 00 IC1191_GL
16 06 36 +17 46 00 IC1192_GL
16 06 30 +17 43 00 IC1193_GL
16 06 42 +17 11 59 IC1195_GL
16 18 42 +15 34 00 IC1209_DN
16 35 06 +46 13 00 IC1222_GL
16 58 30 +20 01 59 IC1236_GL
16 56 18 +55 02 00 IC1237_GL
17 11 48 +60 00 00 IC1248_GL
17 11 30 +72 24 00 IC1254_GL
17 27 18 +58 31 00 IC1258_GL
17 27 24 +58 33 00 IC1259_GL
17 38 42 +59 23 00 IC1267_GL
17 52 06 +21 34 00 IC1269_GL
18 09 30 -23 44 00 IC1274_DN
18 10 00 -23 50 01 IC1275_DN
18 10 42 -07 12 00 IC1276_GC
18 17 42 -19 40 00 IC1284_DN
18 31 18 -10 50 00 IC1287_DN
19 17 24 -39 37 00 IC1297_PN
19 26 36 +49 45 00 IC1301_GL
19 30 54 +35 47 00 IC1302_GL
20 03 06 -17 14 00 IC1309_GL
20 10 18 +41 13 00 IC1311_DN
20 18 42 -16 57 00 IC1313_GL
20 23 18 +00 40 00 IC1317_GL
20 22 12 +40 15 00 IC1318_PN
20 57 54 -17 57 00 IC1339_GL
20 56 12 +31 04 00 IC1340_DN
21 01 42 -13 19 00 IC1347_GL
21 12 06 +47 44 00 IC1369_OC
21 29 36 -21 12 00 IC1386_GL
21 35 36 +35 24 00 IC1392_GL
21 39 06 +57 30 00 IC1396_DN
21 46 54 +01 42 00 IC1401_GL
21 58 18 -17 11 00 IC1412_GL
22 00 24 -13 09 00 IC1417_GL
22 10 30 +52 50 00 IC1434_OC
22 16 30 -21 26 00 IC1438_GL
22 16 42 -21 29 00 IC1439_GL
22 15 18 +37 18 00 IC1441_GL
22 16 30 +54 03 00 IC1442_OC
22 19 06 -20 56 00 IC1443_GL
22 25 30 -17 15 00 IC1445_GL
22 57 12 -36 28 01 IC1459_GL
23 05 12 +60 15 00 IC1470_DN
23 23 48 +09 39 00 IC1486_GL
23 30 48 -13 30 00 IC1495_GL
23 45 54 +12 04 00 IC1508_GL
23 56 12 -00 59 00 IC1515_GL
23 56 18 -00 55 00 IC1516_GL
23 59 18 -04 09 00 IC1524_GL
23 59 24 +46 54 00 IC1525_GL
00 07 18 +32 37 00 IC1530_GL
00 09 36 -32 17 00 IC1531_GL
00 09 54 -64 22 00 IC1532_GL
00 33 06 -32 16 00 IC1554_GL
00 34 36 -30 01 00 IC1555_GL
00 35 48 -25 22 00 IC1558_GL
00 36 54 +23 59 00 IC1559_GL
00 38 36 -24 17 00 IC1562_GL
00 39 00 -09 01 00 IC1563_GL
00 39 24 +06 43 00 IC1565_GL
00 43 06 -22 15 00 IC1574_GL
00 52 06 -22 41 00 IC1591_GL
00 53 42 -47 39 00 IC1594_GL
00 53 48 -45 11 00 IC1595_GL
00 53 30 -58 07 00 IC1597_GL
00 57 00 -45 25 00 IC1603_GL
00 57 36 -48 54 00 IC1605_GL
00 59 24 -34 20 00 IC1608_GL
00 59 48 -40 20 00 IC1609_GL
01 04 48 +02 07 00 IC1613_GL
01 04 06 -51 08 00 IC1615_GL
01 04 54 -27 26 00 IC1616_GL
01 04 18 -51 02 00 IC1617_GL
01 07 42 -46 54 00 IC1625_GL
01 08 12 -46 06 00 IC1627_GL
01 08 48 -28 35 00 IC1628_GL
01 08 18 -46 45 00 IC1630_GL
01 08 48 -46 29 00 IC1631_GL
01 09 54 -45 56 00 IC1633_GL
01 11 00 -30 26 00 IC1637_GL
01 11 48 -55 51 00 IC1649_GL
01 12 18 -50 24 00 IC1650_GL
01 15 06 +33 23 00 IC1653_GL
01 14 06 -32 39 00 IC1657_GL
01 23 00 +33 11 00 IC1685_GL
01 24 54 -01 37 00 IC1696_GL
01 26 24 -01 38 00 IC1703_GL
01 27 12 +14 47 00 IC1706_GL
01 27 54 -35 43 00 IC1709_GL
01 32 42 +35 20 00 IC1713_GL
01 37 36 -33 55 00 IC1719_GL
01 40 24 -28 55 00 IC1720_GL
01 43 00 -34 11 00 IC1722_GL
01 43 12 +08 53 00 IC1723_GL
01 43 12 -34 15 00 IC1724_GL
01 47 30 +27 20 00 IC1727_GL
01 47 42 -33 36 00 IC1728_GL
01 47 54 -26 53 00 IC1729_GL
01 50 12 +27 12 00 IC1731_GL
01 49 18 -32 45 00 IC1734_GL
01 51 06 -09 47 00 IC1738_GL
01 52 54 +12 43 00 IC1743_GL
01 54 18 +04 48 00 IC1746_GL
01 57 54 -32 59 00 IC1759_GL
01 57 48 -33 14 00 IC1762_GL
02 00 48 -25 02 00 IC1768_GL
02 07 18 -25 27 00 IC1782_GL
02 10 06 -32 56 00 IC1783_GL
02 16 12 +32 39 00 IC1784_GL
02 15 48 -31 12 00 IC1788_GL
02 26 30 +62 04 00 IC1795_DN
02 22 48 -41 22 00 IC1796_GL
00 25 00 +61 27 00 IC1805_DN
02 29 24 -43 04 00 IC1810_GL
02 30 36 -34 16 00 IC1811_GL
02 29 30 -42 49 00 IC1812_GL
02 30 48 -34 13 00 IC1813_GL
02 31 06 -36 02 00 IC1814_GL
02 31 54 -36 40 00 IC1816_GL
02 39 06 -27 27 00 IC1826_GL
02 40 24 +19 18 00 IC1828_GL
02 39 06 -27 27 00 IC1830_GL
02 41 36 -28 10 00 IC1833_GL
00 26 00 +60 26 00 IC1848_DN
02 48 54 -00 46 00 IC1856_GL
02 49 06 -31 17 00 IC1858_GL
02 49 36 -31 11 00 IC1860_GL
02 52 00 -33 20 00 IC1862_GL
02 57 54 -02 20 59 IC1870_GL
03 06 24 +60 41 00 IC1871_OC
03 03 54 -39 26 00 IC1875_GL
03 03 12 -50 31 00 IC1877_GL
03 06 42 -32 52 00 IC1885_GL
03 08 24 -23 03 00 IC1892_GL
03 09 36 -25 15 00 IC1895_GL
03 10 18 -22 24 00 IC1898_GL
03 15 00 -30 43 00 IC1904_GL
03 16 06 -34 22 00 IC1906_GL
03 15 06 -54 49 00 IC1908_GL
03 17 18 -33 41 00 IC1909_GL
03 19 36 -32 27 59 IC1913_GL
03 19 24 -49 36 00 IC1914_GL
03 26 00 -32 54 00 IC1919_GL
03 27 30 -21 34 00 IC1928_GL
03 25 42 -52 47 00 IC1933_GL
03 26 12 -50 01 00 IC1935_GL
03 38 42 -44 06 00 IC1943_GL
03 31 06 -50 26 00 IC1950_GL
03 33 24 -23 43 00 IC1952_GL
03 33 42 -21 29 00 IC1953_GL
03 31 36 -51 55 00 IC1954_GL
03 33 12 -50 25 00 IC1959_GL
03 32 36 -57 12 00 IC1960_GL
03 35 36 -21 17 00 IC1962_GL
03 35 30 -34 27 00 IC1963_GL
03 33 12 -56 33 00 IC1965_GL
03 36 30 -43 57 00 IC1970_GL
03 37 06 -50 08 59 IC1978_GL
03 37 00 -57 58 00 IC1980_GL
03 40 30 -26 52 00 IC1981_GL
03 37 42 -57 47 00 IC1982_GL
03 40 54 -22 34 00 IC1983_GL
03 40 12 -55 03 00 IC1987_GL
03 41 54 -50 57 00 IC1989_GL
03 47 06 -33 43 00 IC1993_GL
03 44 54 -59 08 00 IC1997_GL
03 49 06 -48 52 00 IC2000_GL
03 56 24 +33 52 00 IC2003_PN
03 54 06 -35 59 00 IC2006_GL
03 55 24 -28 10 00 IC2007_GL
03 53 36 -48 58 59 IC2009_GL
03 52 00 -59 56 00 IC2010_GL
03 55 24 -56 45 00 IC2014_GL
03 56 42 -59 24 00 IC2017_GL
03 57 54 -52 47 00 IC2018_GL
04 00 06 -53 22 00 IC2024_GL
04 00 24 -53 04 00 IC2025_GL
04 01 18 -52 42 00 IC2028_GL
04 01 18 -52 48 00 IC2029_GL
04 07 06 -55 20 00 IC2032_GL
04 07 12 -53 41 00 IC2033_GL
04 06 36 -57 58 00 IC2034_GL
04 09 00 -45 31 00 IC2035_GL
04 08 18 -58 45 00 IC2037_GL
04 08 54 -56 00 00 IC2038_GL
04 09 00 -56 01 00 IC2039_GL
04 13 00 -32 33 00 IC2040_GL
04 12 36 -32 49 00 IC2041_GL
04 11 12 -53 41 00 IC2043_GL
04 12 06 -58 33 00 IC2049_GL
04 13 54 -53 29 00 IC2050_GL
03 52 00 -83 50 00 IC2051_GL
04 16 30 -60 13 00 IC2056_GL
04 17 54 -55 56 00 IC2058_GL
04 20 24 -31 44 00 IC2059_GL
04 17 54 -56 37 00 IC2060_GL
04 32 48 +71 54 00 IC2062_GL
04 21 30 -55 56 00 IC2065_GL
04 26 36 -42 06 00 IC2068_GL
04 24 36 -57 58 59 IC2070_GL
04 26 36 -53 11 00 IC2073_GL
04 31 00 -05 48 00 IC2075_GL
04 28 30 -53 44 00 IC2079_GL
04 29 00 -53 37 00 IC2081_GL
04 29 06 -53 50 00 IC2082_GL
04 30 42 -53 59 00 IC2083_GL
04 31 24 -54 25 00 IC2085_GL
04 40 00 +25 44 00 IC2087_DN
04 39 48 -76 50 00 IC2103_GL
04 56 30 -15 47 00 IC2104_GL
04 56 36 -28 30 00 IC2106_GL
04 59 36 -15 50 00 IC2113_GL
05 06 54 -07 13 00 IC2118_DN
05 18 12 +37 36 00 IC2120_PN
05 19 42 -25 03 59 IC2121_GL
05 19 00 -37 05 00 IC2122_GL
05 31 48 -23 09 00 IC2130_GL
05 33 12 -36 24 00 IC2135_GL
05 33 12 -36 24 00 IC2136_GL
05 46 54 -18 44 00 IC2143_GL
05 56 18 +46 07 01 IC2149_PN
05 51 18 -38 19 00 IC2150_GL
05 52 36 -17 47 00 IC2151_GL
05 57 54 -23 11 00 IC2152_GL
06 00 06 -33 55 00 IC2153_GL
06 01 06 -23 39 59 IC2154_GL
06 05 00 +24 00 00 IC2157_OC
06 05 18 -27 51 00 IC2158_GL
05 55 30 -76 55 00 IC2160_GL
06 12 54 +17 59 00 IC2162_DN
06 06 54 -75 22 00 IC2164_GL
06 21 42 -12 58 59 IC2165_PN
06 27 00 +59 05 00 IC2166_GL
06 31 12 +09 54 00 IC2169_DN
06 44 24 -17 56 00 IC2171_GL
07 09 06 +75 21 00 IC2174_GL
07 05 06 -10 42 00 IC2177_DN
07 15 30 +64 56 01 IC2179_GL
07 29 24 +72 08 00 IC2184_GL
07 28 18 -62 22 00 IC2200_GL
07 27 54 -67 33 59 IC2202_GL
07 56 12 +60 18 00 IC2209_GL
08 06 12 +12 32 01 IC2226_GL
08 14 00 +45 44 00 IC2233_GL
08 18 48 -25 22 00 IC2311_GL
08 23 36 +21 20 00 IC2338_GL
08 23 36 +21 20 00 IC2339_GL
08 23 42 +21 26 00 IC2341_GL
08 24 12 -18 46 00 IC2367_GL
08 28 31 +30 26 01 IC2378_GL
08 48 00 +73 32 00 IC2389_GL
08 40 12 -53 03 59 IC2391_OC
08 41 06 -48 12 00 IC2395_OC
08 54 24 +32 41 00 IC2421_GL
09 05 30 -19 12 00 IC2437_GL
09 07 06 -69 57 00 IC2448_PN
09 23 00 -32 27 00 IC2469_GL
09 27 54 +29 48 00 IC2475_DN
09 27 54 +29 59 00 IC2476_GL
09 27 54 +30 01 00 IC2478_DN
09 28 06 +30 00 00 IC2479_DN
09 28 12 +29 43 00 IC2480_DN
09 27 00 -12 06 00 IC2482_GL
09 30 12 +20 06 00 IC2487_GL
09 27 36 -56 59 00 IC2488_OC
09 33 06 +29 55 00 IC2490_DN
09 38 48 -60 05 00 IC2501_PN
09 44 36 -31 47 00 IC2507_GL
09 47 42 -32 50 00 IC2510_GL
09 49 24 -32 51 00 IC2511_GL
09 49 24 -32 51 00 IC2512_GL
09 50 00 -32 53 00 IC2513_GL
09 50 00 -32 53 00 IC2514_GL
09 55 12 -33 08 00 IC2522_GL
09 55 12 -33 13 00 IC2523_GL
09 57 06 -32 15 00 IC2526_GL
09 59 06 -27 08 00 IC2528_GL
09 59 30 -22 50 00 IC2529_GL
09 59 54 -29 37 00 IC2531_GL
10 00 06 -34 14 00 IC2532_GL
10 00 30 -31 15 00 IC2533_GL
10 01 30 -34 07 00 IC2534_GL
10 03 30 -33 57 00 IC2536_GL
10 03 54 -27 34 00 IC2537_GL
10 03 54 -34 48 00 IC2538_GL
10 04 18 -31 22 00 IC2539_GL
10 07 54 -35 13 59 IC2548_GL
10 10 48 -34 51 00 IC2552_GL
10 09 18 -62 37 00 IC2553_PN
10 08 54 -67 02 00 IC2554_GL
10 11 42 -31 39 00 IC2555_GL
10 12 36 -34 44 00 IC2556_GL
10 14 42 -34 20 00 IC2558_GL
10 14 48 -34 04 00 IC2559_GL
10 16 18 -33 34 00 IC2560_GL
10 18 54 -32 36 00 IC2563_GL
10 21 36 -33 37 00 IC2570_GL
10 21 36 -34 16 00 IC2571_GL
10 23 30 -35 26 59 IC2573_GL
10 28 24 +68 25 00 IC2574_GL
10 27 24 -33 53 00 IC2578_GL
10 28 18 -31 31 00 IC2580_GL
10 27 24 -57 38 00 IC2581_OC
10 29 12 -30 21 00 IC2582_GL
10 29 54 -34 55 00 IC2584_GL
10 30 24 -35 22 00 IC2585_GL
10 31 00 -28 43 00 IC2586_GL
10 31 00 -34 34 00 IC2587_GL
10 31 48 -30 23 00 IC2588_GL
10 35 06 -43 42 00 IC2592_GL
10 36 06 -24 19 00 IC2594_GL
10 34 12 -73 14 00 IC2596_GL
10 37 48 -27 05 00 IC2597_GL
10 43 12 -64 24 00 IC2602_OC
10 49 24 +32 47 01 IC2604_GL
11 00 18 -65 15 00 IC2621_PN
11 07 18 -19 28 00 IC2624_GL
11 07 18 -19 33 00 IC2625_GL
11 09 54 -23 44 00 IC2627_GL
11 17 54 -62 42 00 IC2714_OC
11 21 18 +34 22 00 IC2738_GL
11 22 00 +14 08 00 IC2752_DN
11 22 00 +14 09 00 IC2754_DN
11 22 18 +14 11 00 IC2761_DN
11 27 06 -28 59 00 IC2764_GL
11 22 24 +14 13 00 IC2765_DN
11 22 24 +14 12 00 IC2769_DN
11 24 24 +13 51 00 IC2799_DN
11 25 48 +14 40 00 IC2810_DN
11 29 00 -62 57 00 IC2872_DN
11 36 36 -63 02 00 IC2944_DN
11 38 48 -63 32 00 IC2948_DN
11 54 00 -19 34 00 IC2965_GL
11 50 24 -64 54 00 IC2966_DN
11 53 54 -05 09 00 IC2974_GL
11 55 12 -37 42 00 IC2977_GL
11 57 30 -73 41 00 IC2980_GL
12 05 48 -27 56 00 IC2995_GL
12 07 11 -30 01 00 IC3005_GL
12 07 54 -30 20 00 IC3010_GL
12 08 12 +10 22 00 IC3011_GL
12 09 00 -31 31 00 IC3015_GL
12 12 48 +13 59 00 IC3044_GL
12 13 42 +13 26 00 IC3050_GL
12 14 54 +13 28 00 IC3059_GL
12 15 06 +14 02 00 IC3061_GL
12 15 12 +13 01 00 IC3064_GL
12 15 12 +14 26 00 IC3065_DN
12 16 06 +14 24 00 IC3077_DN
12 16 12 +14 13 00 IC3080_DN
12 16 54 +14 31 00 IC3096_DN
12 18 48 -79 44 00 IC3104_GL
12 17 48 +26 01 00 IC3112_GL
12 18 00 +06 39 00 IC3115_GL
12 19 00 +06 11 00 IC3136_GL
12 19 36 -26 09 00 IC3152_GL
12 19 48 +06 00 00 IC3155_GL
12 23 12 +14 23 00 IC3244_GL
12 23 42 -34 38 00 IC3253_GL
12 23 42 +07 03 00 IC3256_GL
12 23 48 +07 11 00 IC3259_GL
12 23 54 +07 07 00 IC3260_GL
12 24 06 +07 03 00 IC3267_GL
12 25 12 -39 47 00 IC3290_GL
12 25 12 +12 43 00 IC3303_GL
12 25 54 +07 33 00 IC3322_GL
12 25 48 +27 33 00 IC3323_GL
12 25 54 +30 51 00 IC3330_GL
12 26 48 +13 11 00 IC3355_GL
12 27 36 -39 20 00 IC3370_GL
12 28 18 +11 47 00 IC3381_GL
12 28 42 +15 00 00 IC3392_GL
12 28 42 +12 55 00 IC3393_GL
12 29 24 +11 26 00 IC3413_GL
12 29 24 +06 46 00 IC3414_GL
12 29 42 +11 24 00 IC3418_GL
12 31 18 +14 07 00 IC3442_GL
12 31 54 +12 39 00 IC3457_GL
12 32 36 +02 40 00 IC3474_GL
12 32 42 +12 46 00 IC3475_GL
12 32 42 +14 03 00 IC3476_GL
12 32 42 +14 12 00 IC3478_GL
12 33 42 +10 59 00 IC3499_GL
12 34 48 +15 13 00 IC3522_GL
12 34 54 +15 34 00 IC3528_GL
12 35 42 +26 17 00 IC3543_GL
12 32 54 +82 33 00 IC3568_PN
12 36 06 +19 19 00 IC3569_GL
12 36 30 +26 12 00 IC3582_GL
12 36 42 +26 50 00 IC3585_GL
12 37 24 +28 12 00 IC3598_GL
12 37 36 +27 08 00 IC3600_GL
12 40 54 -36 45 00 IC3639_GL
12 40 30 +26 32 00 IC3645_GL
12 40 30 +26 31 00 IC3646_GL
12 40 48 +26 44 00 IC3651_GL
12 41 54 +41 17 00 IC3675_GL
12 42 06 +38 30 00 IC3687_GL
12 44 48 +12 21 00 IC3718_GL
12 44 48 +12 04 00 IC3720_GL
12 44 30 +40 44 00 IC3723_GL
12 45 30 +13 20 00 IC3742_GL
12 48 48 +35 20 00 IC3804_GL
12 48 54 +14 54 00 IC3806_GL
12 50 00 -25 55 00 IC3813_GL
12 52 12 -29 50 00 IC3829_GL
12 51 30 -13 19 00 IC3833_GL
12 54 48 +19 11 00 IC3881_GL
12 56 36 -50 19 00 IC3896_GL
12 55 42 +27 15 00 IC3900_GL
12 58 12 -22 53 00 IC3927_GL
12 58 48 +27 49 00 IC3946_GL
12 58 54 +27 50 00 IC3949_GL
12 59 06 +27 47 00 IC3959_GL
12 59 06 +27 51 00 IC3960_GL
12 59 06 +34 52 00 IC3961_GL
12 59 12 +27 47 00 IC3963_GL
13 05 18 -35 20 00 IC3974_GL
13 01 30 -32 17 00 IC3986_GL
12 59 36 +28 54 00 IC3990_GL
13 00 36 +28 03 00 IC4040_GL
13 00 42 +28 00 00 IC4041_GL
13 00 48 +28 05 00 IC4045_GL
13 00 54 +28 00 00 IC4051_GL
13 06 54 -23 55 00 IC4180_GL
13 05 48 +37 36 00 IC4182_GL
13 06 00 +35 58 00 IC4189_GL
13 05 54 +37 37 00 IC4190_GL
13 08 48 -67 39 00 IC4191_PN
13 07 36 -24 01 00 IC4196_GL
13 08 06 -23 48 00 IC4197_GL
13 09 36 -51 58 00 IC4200_GL
13 10 24 -07 10 01 IC4209_GL
13 10 48 +29 42 00 IC4210_DN
13 17 42 -32 06 01 IC4214_GL
13 17 00 -10 46 00 IC4216_GL
13 18 30 -31 38 00 IC4219_GL
13 18 30 -14 36 00 IC4221_GL
13 23 12 -26 18 00 IC4231_GL
13 23 24 -26 07 00 IC4232_GL
13 24 30 -21 08 00 IC4237_GL
13 27 30 -27 19 00 IC4252_GL
13 27 30 -27 52 00 IC4253_GL
13 28 36 +46 56 00 IC4263_GL
13 30 18 -27 56 01 IC4264_GL
13 32 30 -27 08 00 IC4279_GL
13 35 18 -28 01 00 IC4290_GL
13 36 00 -25 53 00 IC4293_GL
13 36 36 -33 58 00 IC4296_GL
13 36 48 -34 04 00 IC4299_GL
13 38 54 -25 51 00 IC4310_GL
13 40 30 -51 04 00 IC4312_GL
13 40 00 -25 28 00 IC4315_GL
13 40 18 -28 54 00 IC4316_GL
13 43 24 -29 48 00 IC4319_GL
13 48 42 -30 13 00 IC4327_GL
13 49 06 -30 18 00 IC4329_GL
13 47 12 -28 20 00 IC4330_GL
14 05 00 -84 16 01 IC4333_GL
13 49 48 +29 40 00 IC4334_PN
13 57 12 -25 15 00 IC4350_GL
13 57 54 -29 19 00 IC4351_GL
13 58 24 -34 31 00 IC4352_GL
14 05 24 -41 49 00 IC4362_GL
14 05 12 -33 46 00 IC4366_GL
14 05 36 -39 12 01 IC4367_GL
14 07 30 -27 01 00 IC4374_GL
14 08 06 -33 19 00 IC4375_GL
14 17 00 -75 39 00 IC4377_GL
14 15 00 -43 58 00 IC4386_GL
14 15 00 -44 00 00 IC4387_GL
14 17 00 -44 59 00 IC4390_GL
14 17 48 -31 21 00 IC4393_GL
14 21 12 -46 18 00 IC4402_GL
14 22 24 -44 09 00 IC4406_PN
14 31 42 -43 25 00 IC4444_GL
14 40 30 -78 49 01 IC4448_GL
14 34 36 -36 17 00 IC4451_GL
14 34 30 -27 31 00 IC4453_GL
14 34 36 +30 17 00 IC4460_GL
14 37 48 -36 53 00 IC4464_GL
14 38 24 -22 22 00 IC4468_GL
14 40 12 -44 19 00 IC4472_GL
14 47 42 -73 18 01 IC4484_GL
15 00 18 -82 13 00 IC4499_OC
14 57 42 -43 08 01 IC4518_GL
15 11 30 -75 52 00 IC4522_GL
15 05 12 -43 31 00 IC4523_GL
15 05 42 -42 27 00 IC4527_GL
15 06 24 -43 14 00 IC4529_GL
15 13 12 -18 08 00 IC4536_GL
15 21 12 -23 39 00 IC4538_GL
15 29 54 -70 35 00 IC4541_GL
15 41 30 -81 38 00 IC4545_GL
15 48 18 -78 11 00 IC4555_GL
15 36 00 +43 29 00 IC4562_GL
15 36 42 +43 33 00 IC4566_GL
15 48 54 -67 19 00 IC4571_GL
15 53 12 -74 50 01 IC4578_GL
16 00 12 -66 23 00 IC4584_GL
16 00 18 -66 19 00 IC4585_GL
16 12 00 -19 28 00 IC4592_DN
16 11 42 +12 04 00 IC4593_PN
16 20 42 -70 09 00 IC4595_GL
16 16 06 -22 38 00 IC4596_GL
16 20 00 -20 02 00 IC4601_DN
16 25 36 -24 28 00 IC4603_DN
16 25 36 -23 26 00 IC4604_DN
16 30 12 -25 06 00 IC4605_DN
16 46 54 -77 29 00 IC4608_GL
16 37 54 +36 04 00 IC4615_GL
16 57 54 -77 00 00 IC4618_GL
16 57 00 -40 20 00 IC4628_DN
17 13 48 -77 32 00 IC4633_GL
17 01 36 -21 50 00 IC4634_PN
17 15 42 -77 29 00 IC4635_GL
17 23 54 -80 04 01 IC4640_GL
17 24 12 -80 09 01 IC4641_GL
17 11 48 -55 24 00 IC4642_PN
17 24 36 -73 56 00 IC4644_GL
17 23 54 -60 00 00 IC4646_GL
17 26 00 -80 12 01 IC4647_GL
17 24 42 -49 57 00 IC4651_OC
17 26 24 -59 44 01 IC4652_GL
17 27 06 -60 53 00 IC4653_GL
17 37 06 -74 23 00 IC4654_GL
17 37 42 -63 44 00 IC4656_GL
17 21 36 +75 51 00 IC4660_GL
17 51 00 -74 02 00 IC4661_GL
17 47 06 -64 38 01 IC4662_GL
17 45 30 -44 54 00 IC4663_PN
17 49 00 -63 15 00 IC4664_GL
17 46 18 +05 43 00 IC4665_OC
17 55 06 -21 48 00 IC4670_DN
18 03 18 -27 06 01 IC4673_PN
18 08 12 -62 24 00 IC4674_GL
18 11 24 -56 15 00 IC4679_GL
18 13 30 -64 29 00 IC4680_GL
18 16 24 -71 35 00 IC4682_GL
18 09 06 -23 25 00 IC4684_DN
18 09 18 -23 59 00 IC4685_DN
18 13 36 -57 44 00 IC4686_GL
18 13 42 -57 44 00 IC4687_GL
18 13 42 -57 45 00 IC4689_GL
18 14 48 -58 42 01 IC4692_GL
18 15 24 -58 13 00 IC4694_GL
18 20 18 -64 44 00 IC4696_GL
18 18 30 -45 59 00 IC4699_PN
18 16 30 -16 44 00 IC4701_DN
18 23 06 -59 14 00 IC4702_GL
18 27 54 -71 37 00 IC4704_GL
18 28 12 -71 42 01 IC4705_GL
18 28 42 -66 59 00 IC4710_GL
18 31 06 -71 42 00 IC4712_GL
18 30 00 -67 13 00 IC4713_GL
18 30 54 -66 39 01 IC4714_GL
18 26 12 -18 26 01 IC4715_DN
18 33 18 -57 58 00 IC4717_GL
18 33 48 -60 08 00 IC4718_GL
18 33 12 -56 44 01 IC4719_GL
18 33 30 -58 24 00 IC4720_GL
18 34 30 -58 30 00 IC4721_GL
18 34 30 -57 48 00 IC4722_GL
18 31 36 -19 15 00 IC4725_OC
18 37 54 -62 42 01 IC4727_GL
18 37 54 -62 32 01 IC4728_GL
18 40 00 -67 26 01 IC4729_GL
18 38 48 -63 21 00 IC4730_GL
18 38 42 -62 57 00 IC4731_GL
18 33 54 -22 39 00 IC4732_PN
18 38 24 -57 29 00 IC4734_GL
18 38 36 -57 54 00 IC4736_GL
18 43 00 -68 22 00 IC4740_GL
18 41 54 -63 52 00 IC4742_GL
18 42 36 -64 57 00 IC4745_GL
18 44 00 -61 59 00 IC4754_GL
18 39 00 +05 27 00 IC4756_OC
18 43 54 -57 10 00 IC4757_GL
18 45 42 -63 05 00 IC4759_GL
18 43 54 -52 51 00 IC4761_GL
18 47 18 -63 20 00 IC4765_GL
18 47 42 -63 24 00 IC4767_GL
18 47 42 -63 10 00 IC4769_GL
18 51 18 -69 55 00 IC4773_GL
18 48 12 -57 56 00 IC4774_GL
18 48 25 -57 11 00 IC4775_GL
18 45 48 -33 21 00 IC4776_PN
18 50 00 -61 43 00 IC4778_GL
18 50 54 -55 29 00 IC4782_GL
18 52 54 -59 15 00 IC4785_GL
18 56 06 -68 41 01 IC4787_GL
18 56 18 -68 34 01 IC4789_GL
18 56 30 -54 13 01 IC4796_GL
18 56 30 -54 18 01 IC4797_GL
18 58 18 -62 07 00 IC4798_GL
18 58 42 -63 08 01 IC4800_GL
18 59 36 -64 40 00 IC4801_GL
19 01 06 -61 50 01 IC4804_GL
19 01 30 -57 32 00 IC4806_GL
19 02 18 -56 56 00 IC4807_GL
19 01 06 -45 19 01 IC4808_GL
19 03 00 -56 10 00 IC4810_GL
19 06 12 -56 10 00 IC4817_GL
19 06 00 -55 08 01 IC4818_GL
19 07 06 -59 28 00 IC4819_GL
19 09 12 -63 28 00 IC4820_GL
19 09 30 -55 01 00 IC4821_GL
19 13 12 -62 05 01 IC4824_GL
19 12 18 -57 12 00 IC4826_GL
19 13 18 -60 52 00 IC4827_GL
19 12 36 -56 32 00 IC4829_GL
19 13 48 -59 18 00 IC4830_GL
19 14 42 -62 16 00 IC4831_GL
19 14 06 -56 37 00 IC4832_GL
19 16 18 -60 12 00 IC4836_GL
19 15 18 -54 40 01 IC4837_GL
19 15 36 -54 38 01 IC4839_GL
19 15 54 -56 13 00 IC4840_GL
19 19 30 -60 39 00 IC4842_GL
19 19 00 -56 02 00 IC4844_GL
19 20 24 -60 23 01 IC4845_GL
19 16 30 -09 03 00 IC4846_PN
19 25 30 -57 40 00 IC4851_GL
19 26 24 -60 20 00 IC4852_GL
19 27 30 -54 55 01 IC4856_GL
19 28 36 -58 46 00 IC4857_GL
19 28 36 -58 46 00 IC4858_GL
19 31 30 -67 22 00 IC4860_GL
19 31 42 -67 19 00 IC4862_GL
19 40 06 -77 33 01 IC4864_GL
19 34 36 -61 09 00 IC4866_GL
19 36 00 -61 02 00 IC4869_GL
19 37 36 -65 49 01 IC4870_GL
19 35 42 -57 31 00 IC4871_GL
19 35 42 -57 31 00 IC4872_GL
19 36 24 -47 16 00 IC4874_GL
19 37 42 -52 04 01 IC4875_GL
19 37 42 -52 51 01 IC4876_GL
19 37 54 -51 59 00 IC4877_GL
19 40 30 -56 25 00 IC4880_GL
19 40 24 -55 51 00 IC4881_GL
19 40 24 -55 12 00 IC4882_GL
19 42 00 -55 33 00 IC4883_GL
19 43 54 -60 39 00 IC4885_GL
19 43 06 -51 48 00 IC4886_GL
19 44 54 -54 27 00 IC4888_GL
19 45 18 -54 20 01 IC4889_GL
19 45 36 -56 33 00 IC4890_GL
19 45 18 -54 21 01 IC4891_GL
19 49 30 -70 14 00 IC4892_GL
19 47 00 -51 51 00 IC4894_GL
19 45 00 -14 48 00 IC4895_GL
19 49 18 -51 52 00 IC4897_GL
19 54 24 -58 43 00 IC4901_GL
19 56 48 -60 28 00 IC4906_GL
19 56 42 -50 03 00 IC4909_GL
20 06 48 -77 21 00 IC4912_GL
19 56 48 -37 20 00 IC4913_GL
19 58 30 -52 38 00 IC4915_GL
19 58 18 -50 16 01 IC4916_GL
19 58 54 -52 16 00 IC4917_GL
20 00 12 -55 22 00 IC4919_GL
20 01 00 -52 38 01 IC4923_GL
20 01 48 -53 55 00 IC4927_GL
20 06 42 -71 41 00 IC4929_GL
20 00 48 -38 35 01 IC4931_GL
20 03 30 -54 59 01 IC4933_GL
20 04 36 -57 36 00 IC4935_GL
20 05 54 -61 26 00 IC4936_GL
20 05 18 -56 15 00 IC4937_GL
20 06 12 -60 13 01 IC4938_GL
20 07 00 -53 39 00 IC4941_GL
20 06 48 -52 37 00 IC4942_GL
20 06 30 -48 22 00 IC4943_GL
20 07 06 -54 27 00 IC4944_GL
20 11 18 -71 01 01 IC4945_GL
20 07 30 -53 08 00 IC4947_GL
20 07 18 -48 22 00 IC4949_GL
20 08 24 -56 10 00 IC4950_GL
20 09 30 -61 51 00 IC4951_GL
20 08 36 -55 27 00 IC4952_GL
20 04 48 +29 15 00 IC4954_DN
20 11 30 -45 36 01 IC4956_GL
20 09 36 -55 43 00 IC4957_GL
20 15 24 -70 32 00 IC4960_GL
20 11 30 -53 08 01 IC4961_GL
20 12 06 -55 15 00 IC4963_GL
20 17 24 -73 53 00 IC4964_GL
20 12 30 -56 50 00 IC4965_GL
20 16 24 -70 34 00 IC4967_GL
20 12 54 -53 55 00 IC4969_GL
20 16 54 -70 45 01 IC4970_GL
20 17 42 -70 55 00 IC4972_GL
20 14 00 -52 43 00 IC4975_GL
20 14 42 -53 28 00 IC4979_GL
20 15 30 -57 55 00 IC4980_GL
20 19 42 -70 51 01 IC4981_GL
20 16 06 -52 05 00 IC4983_GL
20 17 12 -55 02 01 IC4986_GL
20 17 19 -52 17 00 IC4987_GL
20 18 24 -41 03 00 IC4991_GL
20 23 30 -71 34 00 IC4992_GL
20 19 42 -53 27 01 IC4994_GL
20 20 00 -52 37 01 IC4995_GL
20 16 30 +37 38 00 IC4996_OC
20 20 12 +16 45 00 IC4997_PN
20 22 12 -38 18 00 IC4998_GL
20 23 54 -26 01 00 IC4999_GL
20 22 24 +06 26 00 IC5000_GL
20 26 18 -54 47 00 IC5001_GL
20 26 42 -54 48 00 IC5002_GL
20 25 18 -25 50 00 IC5005_GL
20 23 42 +06 27 00 IC5006_GL
20 32 42 -72 42 00 IC5008_GL
20 28 36 -36 02 00 IC5011_GL
20 29 30 -56 45 00 IC5012_GL
20 28 36 -36 02 00 IC5013_GL
20 32 06 -57 35 00 IC5017_GL
20 22 12 -38 18 00 IC5018_GL
20 30 48 -36 05 00 IC5019_GL
20 30 36 -33 29 00 IC5020_GL
20 41 07 -76 27 00 IC5022_GL
20 45 00 -76 59 00 IC5025_GL
20 48 30 -78 04 00 IC5026_GL
20 43 24 -65 39 00 IC5028_GL
20 43 42 -57 02 00 IC5034_GL
20 43 12 -29 51 01 IC5039_GL
20 43 36 -29 42 00 IC5041_GL
20 43 12 -29 51 01 IC5046_GL
20 43 36 -29 42 00 IC5047_GL
20 47 24 -38 25 00 IC5049_GL
20 52 06 -69 12 01 IC5052_GL
20 53 36 -71 08 00 IC5053_GL
20 53 42 -71 01 00 IC5054_GL
20 52 00 -57 05 00 IC5063_GL
20 52 36 -57 14 00 IC5064_GL
20 51 48 -29 51 00 IC5065_GL
20 50 48 +42 31 00 IC5068_DN
20 50 48 +44 21 00 IC5070_DN
21 01 18 -72 39 00 IC5071_GL
21 03 18 -72 41 00 IC5073_GL
20 55 54 +47 25 00 IC5076_DN
21 02 36 -16 49 00 IC5078_GL
21 09 12 -63 17 00 IC5084_GL
21 08 30 -29 46 01 IC5086_GL
21 14 19 -73 46 00 IC5087_GL
21 09 24 -22 53 00 IC5088_GL
21 16 12 -64 28 00 IC5092_GL
21 17 48 -66 26 00 IC5094_GL
21 18 24 -63 46 00 IC5096_GL
21 21 42 -65 56 00 IC5100_GL
21 21 54 -65 50 00 IC5101_GL
21 29 12 -74 04 00 IC5103_GL
21 24 24 -40 37 00 IC5105_GL
21 28 36 -70 50 00 IC5106_GL
21 32 54 -72 40 00 IC5108_GL
21 34 06 -36 39 00 IC5114_GL
21 32 30 +44 35 00 IC5117_PN
21 38 48 -64 21 00 IC5120_GL
21 41 18 -63 55 01 IC5121_GL
21 44 48 -72 25 00 IC5123_GL
21 41 48 -52 46 00 IC5125_GL
21 50 24 -74 00 00 IC5130_GL
21 47 24 -34 53 00 IC5131_GL
21 48 18 -34 57 00 IC5135_GL
21 50 24 -31 00 00 IC5139_GL
21 54 18 -67 20 00 IC5140_GL
21 53 18 -59 30 00 IC5141_GL
21 55 18 -65 31 00 IC5142_GL
21 53 24 +47 16 00 IC5146_DN
21 59 24 -65 27 00 IC5147_GL
21 59 30 -39 23 00 IC5148_PN
22 02 54 -51 17 00 IC5152_GL
22 03 18 -33 50 01 IC5156_GL
22 03 24 -34 56 00 IC5157_GL
22 06 24 -67 31 00 IC5158_GL
22 10 06 -64 35 00 IC5165_GL
22 08 48 -27 51 00 IC5168_GL
22 10 12 -36 05 00 IC5169_GL
22 12 30 -47 13 00 IC5170_GL
22 10 54 -46 05 00 IC5171_GL
22 14 48 -69 22 00 IC5173_GL
22 12 42 -38 10 00 IC5174_GL
22 14 54 -66 51 00 IC5176_GL
22 12 30 -22 57 00 IC5178_GL
22 16 06 -36 50 00 IC5179_GL
22 13 24 -46 02 00 IC5181_GL
22 16 06 -36 51 00 IC5184_GL
22 18 48 -36 48 00 IC5186_GL
22 18 24 -59 38 00 IC5188_GL
22 19 00 -59 53 00 IC5190_GL
22 15 00 +37 18 00 IC5191_GL
22 15 12 +37 16 00 IC5192_GL
22 17 06 -15 57 00 IC5194_GL
22 19 48 -60 08 00 IC5197_GL
22 19 30 -37 32 00 IC5199_GL
22 21 24 -46 04 00 IC5201_GL
22 22 54 -65 48 00 IC5202_GL
22 22 36 -59 46 00 IC5203_GL
22 24 06 -66 51 00 IC5206_GL
22 23 30 -60 34 01 IC5207_GL
22 24 36 -65 14 00 IC5208_GL
22 22 30 -18 52 00 IC5210_GL
22 23 30 -38 02 01 IC5212_GL
22 23 54 +50 58 00 IC5217_PN
22 28 06 -60 24 00 IC5218_GL
22 29 54 -65 40 00 IC5222_GL
22 30 30 -46 00 00 IC5224_GL
22 34 06 -64 42 00 IC5227_GL
22 32 24 -14 08 00 IC5228_GL
22 42 18 -30 03 00 IC5237_GL
22 31 06 -38 02 00 IC5239_GL
22 41 54 -44 48 00 IC5240_GL
22 41 24 +23 23 00 IC5243_GL
22 44 12 -64 03 00 IC5244_GL
22 47 06 -64 50 00 IC5249_GL
22 47 18 -65 03 00 IC5250_GL
22 48 06 -68 54 00 IC5252_GL
22 49 48 -68 42 00 IC5256_GL
22 54 18 -39 19 00 IC5260_GL
22 54 24 -20 22 00 IC5261_GL
22 58 12 -69 03 00 IC5263_GL
22 56 54 -36 33 00 IC5264_GL
22 57 12 -36 28 01 IC5265_GL
22 58 18 -65 08 00 IC5266_GL
22 57 12 -43 24 01 IC5267_GL
22 57 42 -36 02 00 IC5269_GL
22 57 54 -35 51 00 IC5270_GL
22 58 00 -33 45 00 IC5271_GL
22 59 30 -37 42 00 IC5273_GL
23 03 00 -69 13 00 IC5279_GL
23 03 48 -65 13 00 IC5280_GL
23 03 18 +08 54 00 IC5283_GL
23 06 48 +19 07 00 IC5284_GL
23 06 54 +22 56 00 IC5285_GL
23 11 42 -68 06 00 IC5288_GL
23 12 54 -23 28 00 IC5290_GL
23 16 12 -42 35 00 IC5294_GL
23 19 36 -64 34 00 IC5302_GL
23 19 18 -42 16 00 IC5308_GL
23 22 00 -42 29 00 IC5313_GL
23 27 36 -67 49 00 IC5323_GL
23 28 18 -67 49 00 IC5324_GL
23 28 42 -41 19 00 IC5325_GL
23 33 12 -45 02 00 IC5328_GL
23 34 30 -36 06 00 IC5332_GL
23 34 54 -65 24 00 IC5333_GL
23 35 48 -67 24 00 IC5335_GL
23 36 24 +21 09 00 IC5337_GL
23 36 30 +21 09 00 IC5338_GL
23 38 06 -68 27 00 IC5339_GL
23 38 36 +27 01 00 IC5342_GL
23 45 00 -42 55 00 IC5348_GL
23 47 30 -28 07 00 IC5353_GL
23 47 42 -28 08 00 IC5358_GL
23 51 36 -28 22 00 IC5362_GL
00 03 12 +15 58 00 IC5381_GL
00 00 00 -00 00 00 IC5381_GL
