00 08 24 +27 43 00 I0001 D*
00 11 00 -12 49 00 I0002 Gx
00 12 06 -00 25 00 I0003 Gx
00 13 23 +17 29 00 I0004 Gx
00 17 24 -09 33 00 I0005 Gx 0.8 14p
00 19 00 -03 16 00 I0006 Gx 0.5 14p
00 19 06 +10 33 00 I0007
00 19 06 -03 13 00 I0008 Gx 0.7 15p
00 19 42 -14 07 00 I0009 Gx 0.4 15p
00 20 24 +59 18 00 I0010 Gx 5.1 10.3
00 20 30 +56 36 00 I0011
00 20 18 -02 39 00 I0012 Gx 0.7 16p
00 20 24 +07 42 00 I0013 Gx 1.6 15p
00 22 36 +10 29 00 I0014
00 28 00 -00 04 00 I0015
00 27 54 -13 05 00 I0016 Gx 0.5 15p
00 28 30 +02 39 00 I0017 Gx 15p
00 28 36 -11 34 00 I0018 Gx 0.6 15p
00 28 42 -11 38 00 I0019 Gx 0.6 15p
00 28 30 -13 00 00 I0020 Gx 0.6 14p
00 29 12 -00 10 00 I0021 Gx 0.4 14p
00 29 36 -09 03 00 I0022 Gx 0.6 15p
00 30 54 -12 44 00 I0023
00 31 12 +30 51 00 I0024 OC
00 31 12 -00 24 00 I0025 Gx 0.8 15p
00 31 48 -13 20 00 I0026
00 33 06 -13 22 00 I0027
00 33 06 -13 27 00 I0028
00 34 12 -02 11 00 I0029 Gx 0.6 15p
00 34 18 -02 05 00 I0030 Gx 0.4 15p
00 34 24 +12 17 00 I0031 Gx 1.4 15p
00 35 00 -02 08 00 I0032 Gx 0.4 15p
00 35 06 -02 08 00 I0033 Gx 0.5 15p
00 35 36 +09 08 00 I0034 Gx 3.4 14p
00 37 42 +10 21 00 I0035 Gx 1.3 15p
00 37 48 -15 26 00 I0036
00 38 30 -15 23 00 I0037 Gx 0.7 15p
00 38 36 -15 26 00 I0038 Gx 0.6 14p
00 39 06 -14 10 00 I0039
00 39 30 +02 26 00 I0040 Gx 1.2 15p
00 39 42 -14 10 00 I0041
00 41 06 -15 26 00 I0042 Gx 0.6 15p
00 42 24 +29 38 01 I0043 Gx 2.1
00 42 12 +00 51 00 I0044 Gx 0.5 14p
00 42 42 +29 40 00 I0045
00 43 00 +27 15 00 I0046 Gx 15p
00 42 54 -13 45 00 I0047 ?
00 43 36 -07 53 00 I0048
00 44 00 +01 51 00 I0049 Gx 1.9
00 46 12 -09 30 00 I0050 Gx 0.6 14p
00 46 24 -13 26 00 I0051 Gx 1.0 13p
00 48 24 +04 06 00 I0052 Gx 1.2 15p
00 50 30 +10 37 00 I0053
00 50 48 -02 17 00 I0054 D*
00 51 42 +07 43 00 I0055 Gx 0.5 14p
00 51 30 -12 51 00 I0056 Gx 1.3
00 54 48 +11 50 00 I0057 Gx 1.1 16p
00 55 06 -13 41 00 I0058 Gx 0.6 15p
00 56 42 +61 04 00 I0059 Nb 10
00 56 06 -13 23 00 I0060 Gx 0.6 15p
00 57 06 +07 31 00 I0061 Gx 1.5 15p
00 58 42 +11 49 00 I0062 Gx 1.0 15p
00 59 30 +60 49 00 I0063 Nb 10
00 59 24 +27 03 00 I0064 Gx 1.3 16p
01 00 54 +47 41 00 I0065 Gx 4.3 13p
01 00 30 +30 48 00 I0066 Gx 1.1 15p
01 00 18 -06 55 00 I0067
01 00 24 -06 57 00 I0068
01 01 24 +31 03 00 I0069 Gx 15p
01 01 06 +00 03 00 I0070
01 01 18 -06 47 00 I0071
01 01 30 -06 46 00 I0072
01 04 54 +04 46 00 I0073 Gx 15p
01 05 54 +04 05 00 I0074 Gx 15p
01 07 12 +10 51 00 I0075 Gx 1.6 15p
01 08 12 -04 32 00 I0076 Gx 0.7 15p
01 08 42 -15 25 00 I0077 Gx
01 08 48 -15 51 00 I0078 Gx
01 08 48 -15 57 00 I0079 Gx 0.7
01 08 54 -15 24 00 I0080 Gx
01 09 12 -01 41 00 I0081
01 09 06 -16 00 00 I0082 Gx
01 10 30 +01 41 01 I0083 Gx 0.5 15p
01 11 30 +01 39 00 I0084 Gx 15p
01 11 48 -00 28 00 I0085
01 13 30 -16 14 00 I0086 Gx
01 14 18 +00 46 00 I0087 Gx 15p
01 14 30 +00 48 00 I0088
01 16 06 +04 18 00 I0089 Gx 2.3
01 16 30 -07 58 00 I0090 Gx 0.5 14p
01 18 42 +02 33 00 I0091
01 19 54 +32 46 00 I0092 Gx 0.7 15p
01 19 00 -17 04 00 I0093 Gx 1.2 14p
01 20 06 +32 42 00 I0094
01 19 18 -12 34 00 I0095
01 20 18 +29 40 00 I0096
01 20 00 +14 51 00 I0097
01 21 00 -12 37 00 I0098 Gx 0.6 15p
01 22 30 -12 57 00 I0099 Gx 0.5 15p
01 22 54 -04 39 00 I0100
01 24 06 +09 56 00 I0101 Gx 1.6 15p
01 24 24 +09 54 00 I0102 Gx 1.0 16p
01 24 36 +02 02 00 I0103 Gx 1.4 15p
01 24 36 -01 27 00 I0104 D*
01 24 42 +02 05 00 I0105 Gx 16p
01 24 42 -01 35 00 I0106
01 25 12 +14 53 00 I0107 Gx 1.2 15p
01 24 42 -12 38 00 I0108 Gx 0.8 15p
01 25 12 +02 04 00 I0109 Gx 1.3 15p
01 25 54 +33 30 00 I0110
01 26 00 +33 29 00 I0111
01 26 00 +11 27 00 I0112 Gx 0.9 14p
01 26 24 +19 12 00 I0113
01 26 18 +09 56 00 I0114 Gx 1.6 16p
01 26 54 +19 13 00 I0115 Gx 0.6 14.2
01 26 48 -04 59 00 I0116
01 27 24 -01 52 00 I0117 S*
01 27 36 -05 00 00 I0118
01 27 54 -02 03 00 I0119 Gx 1.6
01 28 12 -01 55 00 I0120 Gx
01 28 24 +02 31 00 I0121 Gx 1.2 14p
01 28 12 -14 50 00 I0122
01 28 48 +02 27 00 I0123 Gx 0.4 15p
01 29 12 -01 56 00 I0124 S*
01 29 18 -13 18 00 I0125 Gx 0.4 15p
01 29 48 -01 59 00 I0126 Gx 16p
01 29 48 -06 59 00 I0127 Gx 2.1
01 31 18 -12 38 00 I0128 Gx 0.8 14p
01 31 36 -12 41 00 I0129 Gx 1.0 14p
01 31 30 -15 35 00 I0130
01 33 12 +30 45 00 I0131 Nb
01 33 18 +30 57 00 I0132 Nb
01 33 18 +30 53 00 I0133 Nb
01 33 24 +30 53 00 I0134 S*
01 33 12 +30 28 00 I0135 Nb
01 33 12 +30 30 00 I0136 Nb
01 33 36 +30 31 00 I0137 Nb
01 33 00 -00 42 00 I0138 Gx 1.4 15p
01 33 42 +30 28 00 I0139 S*
01 33 42 +30 29 00 I0140 S*
01 32 48 -14 49 00 I0141 Gx 1.0 14p
01 33 54 +30 45 00 I0142 Nb
01 34 06 +30 47 00 I0143 Nb
01 37 42 -13 19 00 I0144 Gx 0.6 15p
01 38 42 +00 44 00 I0145 Gx 0.6 15p
01 38 42 -17 50 00 I0146 Gx 1.4
01 40 00 -14 52 00 I0147 Gx 0.8 14p
01 42 24 +13 39 00 I0148
01 42 24 -16 18 00 I0149 Gx 1.0 14p
01 43 00 +04 12 00 I0150 Gx 1.0 15p
01 44 00 +13 12 00 I0151
01 44 06 +13 02 00 I0152
01 44 36 +12 38 00 I0153
01 45 18 +10 39 00 I0154 Gx 1.3 15p
01 47 30 +59 47 00 I0155
01 45 30 +10 33 00 I0156 Gx 1.8 15p
01 45 42 +12 52 00 I0157
01 45 54 -06 56 00 I0158
01 46 30 -08 39 00 I0159 Gx 0.6 16p
01 46 24 -13 15 00 I0160 Gx 0.8 14p
01 48 42 +10 22 00 I0161
01 48 54 +10 31 00 I0162 Gx 1.9 15p
01 49 18 +20 42 00 I0163 Gx 1.8 14p
01 49 06 -03 55 00 I0164
01 50 12 +27 38 00 I0165 ?
01 52 30 +61 50 00 I0166 OC 5 11.7
01 51 06 +21 55 00 I0167 Gx 3.0
01 50 30 -08 32 00 I0168
01 50 36 -12 41 00 I0169
01 52 00 -08 32 00 I0170
01 55 12 +35 17 00 I0171 Gx 2.5 14p
01 54 54 +00 49 00 I0172 Nb 0.1
01 56 00 +01 17 00 I0173 Gx 1.2
01 56 18 +03 46 00 I0174 Gx 1.7 15p
01 56 18 +01 20 00 I0175 Nb 0.2
01 56 54 -02 01 00 I0176 Gx 2.4 15p
01 57 06 -00 09 00 I0177
01 58 54 +36 37 00 I0178
02 00 12 +38 02 00 I0179
02 00 00 +23 37 00 I0180 Gx 15p
02 00 00 +23 40 00 I0181 Gx 16p
01 59 48 +07 25 00 I0182 Gx 2.0 15p
01 59 36 -05 22 00 I0183 Gx 1.0 15p
01 59 54 -06 50 00 I0184 Gx 1.0 14p
02 00 06 -01 31 00 I0185 Gx 0.5 16p
02 00 24 -01 33 00 I0186 Gx 15p
02 01 54 +26 28 00 I0187
02 02 00 +27 02 00 I0188
02 01 54 +23 33 00 I0189 Gx 0.7 15p
02 02 06 +23 32 00 I0190 Gx 0.3 15p
02 02 30 +18 22 00 I0191
02 02 30 +16 01 00 I0192 Gx 1.1 15p
02 02 42 +11 05 00 I0193
02 03 06 +02 36 00 I0194 Gx 1.7 15p
02 03 42 +14 42 00 I0195 Gx 1.5 14p
02 03 54 +14 43 00 I0196 Gx
02 04 06 +02 47 00 I0197 Gx 1.0 14p
02 06 06 +09 17 00 I0198 Gx 1.4
02 06 18 +09 13 00 I0199 Gx 1.6 15p
02 07 24 +31 10 00 I0200
02 07 18 +09 06 00 I0201
02 07 30 +09 10 00 I0202 Gx 1.6 15p
02 07 30 +09 07 00 I0203
02 07 24 -01 23 00 I0204
02 07 24 -02 06 00 I0205 Gx 1.1 15p
02 07 30 -07 02 00 I0206
02 07 42 -06 59 00 I0207
02 08 24 +06 23 00 I0208 Gx 1.5 13p
02 09 00 -07 04 00 I0209 Gx 0.8 13p
02 09 24 -09 40 00 I0210
02 11 06 +03 52 00 I0211 Gx 2.5
02 13 36 +16 36 00 I0212 Gx 16p
02 14 00 +16 28 00 I0213 Gx 15p
02 14 00 +05 11 00 I0214 Gx 0.9 14p
02 14 12 -06 46 59 I0215 Gx 1.0 15p
02 15 48 -02 01 00 I0216 Gx 16p
02 16 12 -11 56 00 I0217
02 17 06 +01 18 00 I0218 Gx 0.7 15p
02 18 36 -06 55 00 I0219
02 19 12 -12 47 00 I0220
02 22 42 +28 16 00 I0221 Gx 2.2 14p
02 22 42 +11 38 00 I0222 Gx 0.6 14p
02 22 00 -20 45 00 I0223 Gx 1.4
02 24 42 -12 34 00 I0224 Gx 0.5 14p
02 26 30 +01 09 00 I0225 Gx 1.8 15p
02 27 42 +28 11 00 I0226 Gx 2.3 16p
02 28 00 +28 10 00 I0227 Gx 2.3 15p
02 26 42 -14 31 00 I0228 Gx 0.8 14p
02 27 24 -23 49 00 I0229
02 28 48 -10 50 00 I0230
02 30 00 +01 10 01 I0231 Gx 1.1 15p
02 31 12 +01 15 00 I0232 Gx 1.7 14p
02 31 36 +02 49 00 I0233 Gx 15p
02 31 42 -00 08 00 I0234 Gx 15p
02 32 48 +20 39 00 I0235 Gx 0.5 14.7
02 32 54 -00 08 00 I0236
02 33 30 +01 08 01 I0237 Gx 0.5 15p
02 35 18 +12 49 00 I0238 Gx 1.8 14p
02 36 30 +38 58 00 I0239 Gx 4.6 11.2
02 39 06 +41 44 00 I0240
02 37 54 +02 20 00 I0241 Gx 1.2 14p
02 38 30 -06 55 00 I0242 Gx 0.9 15p
02 38 30 -06 55 00 I0243 Gx 0.9 15p
02 39 24 +02 43 00 I0244 Gx 0.6 15p
02 38 54 -14 18 00 I0245 Gx 0.7 14p
02 40 30 +02 29 00 I0246
02 40 06 -11 44 00 I0247 Gx 1.2 14p
02 41 24 +17 48 00 I0248 Gx 1.3 14p
02 41 06 -06 56 00 I0249 Gx 1.9
02 40 54 -13 18 59 I0250 Gx 0.8 15p
02 41 12 -14 58 00 I0251 Gx 0.4 15p
02 41 42 -14 51 00 I0252
02 42 06 -15 03 00 I0253 Gx 0.3 14p
02 42 06 -15 05 00 I0254 Gx 0.5 14p
02 47 06 +16 16 00 I0255 Gx 0.6 16p
02 49 48 +46 59 00 I0256 Gx 2.5 14p
02 49 54 +46 59 00 I0257
02 49 48 +41 03 00 I0258 Gx 1.7 16p
02 50 06 +41 04 00 I0259
02 51 06 +46 57 01 I0260 Gx 1.8 15p
02 49 06 -14 28 00 I0261
02 51 42 +42 50 00 I0262 Gx 2.3 15p
02 50 36 -00 07 00 I0263
02 50 54 -00 10 00 I0264
02 54 42 +41 40 00 I0265 Gx 16p
02 55 00 +42 14 00 I0266 Gx 0.3 15p
02 53 48 +12 50 00 I0267 Gx 2.2
02 55 24 -14 06 00 I0268 Gx 0.6 15p
02 55 24 -14 04 00 I0269 Gx 1.0 15p
02 55 42 -14 12 00 I0270 Gx 1.2 14p
02 56 00 -12 00 00 I0271 Gx 0.8 15p
02 56 06 -14 11 00 I0272 Gx 0.9 15p
02 57 06 +02 47 00 I0273 Gx 1.8 14p
03 00 06 +44 13 00 I0274
03 00 54 +44 21 01 I0275
02 58 42 -15 41 00 I0276 Gx 2.0 14p
02 59 48 +02 46 00 I0277 Gx 1.6
03 01 30 +37 47 00 I0278 Gx 2.3 15p
03 01 12 +16 13 00 I0279 Gx 15p
03 03 18 +42 21 00 I0280 At
03 04 30 +42 21 00 I0281
03 05 12 +41 51 00 I0282
03 03 54 -00 12 00 I0283 Gx 0.4 15p
03 06 12 +42 23 00 I0284 Gx 4.9 13p
03 04 06 -12 01 00 I0285 Gx 1.0 15p
03 04 48 -06 29 00 I0286
03 05 00 -12 05 00 I0287
03 07 30 +42 22 01 I0288 OC
03 10 18 +61 19 01 I0289 Pl 0.6 12p
03 09 42 +40 59 00 I0290 Gx 1.2 15p
03 07 24 -12 36 59 I0291 Gx 0.8 14p
03 10 18 +40 46 00 I0292 Gx 1.2
03 10 54 +41 07 00 I0293 Gx 0.2 15p
03 10 54 +40 38 00 I0294
03 11 00 +40 37 00 I0295
03 11 06 +40 37 00 I0296 Gx 2.8 16p
03 13 18 +42 06 00 I0297 D*
03 11 18 +01 19 00 I0298 Gx
03 11 00 -13 07 00 I0299
03 14 18 +42 25 00 I0300 Gx
03 14 48 +42 13 00 I0301 Gx
03 12 48 +04 42 00 I0302 Gx 2.1
03 12 42 -11 42 00 I0303
03 15 00 +37 54 00 I0304 Gx 1.3 15p
03 15 06 +37 51 00 I0305 Gx 1.0 15p
03 13 00 -11 43 00 I0306
03 13 48 -00 13 00 I0307 Gx 1.9 15p
03 16 18 +41 11 00 I0308 Gx
03 16 06 +40 48 00 I0309 Gx 1.0
03 16 42 +41 20 01 I0310 Gx 1.6
03 16 48 +40 01 00 I0311 Gx 1.9 16p
03 18 06 +41 45 00 I0312 Gx 1.5
03 21 00 +41 54 00 I0313 Gx 1.6
03 18 48 -01 58 00 I0314 Gx 2.1 14p
03 19 06 +04 02 00 I0315 Gx 15p
03 21 24 +41 56 00 I0316 Gx
03 19 00 -12 45 00 I0317 Gx 0.8 14p
03 20 48 -14 34 00 I0318 Gx 0.8 14p
03 23 24 +41 24 00 I0319 Gx
03 26 00 +40 47 00 I0320 Gx
03 24 30 -15 00 00 I0321 Gx 0.4 15p
03 25 54 +03 40 00 I0322 Gx 15p
03 29 30 +41 52 00 I0323
03 26 30 -21 21 00 I0324 Gx 0.9
03 30 48 -07 03 00 I0325
03 30 42 -14 26 00 I0326 Gx 0.4 15p
03 31 06 -14 43 00 I0327 Gx 0.6 15p
03 31 12 -14 40 00 I0328 Gx 0.5 14p
03 32 06 +00 16 00 I0329 Gx 15p
03 32 12 +00 21 00 I0330 Gx 1.0 15p
03 32 24 +00 17 00 I0331 Gx 15p
03 32 42 +01 23 00 I0332 Gx 15p
03 34 00 -05 07 00 I0333
03 45 12 +76 38 01 I0334 Gx 6.0 12p
03 35 30 -34 27 00 I0335 Gx 3.0
03 38 12 +23 28 00 I0336
03 37 06 -06 42 59 I0337
03 37 36 +03 08 00 I0338 Gx 15p
03 38 06 -18 23 00 I0339 S*
03 39 30 -13 07 00 I0340 Gx 1.4 15p
03 41 12 +21 57 00 I0341
03 46 48 +68 06 00 I0342 Gx 17.8 9p
03 40 06 -18 27 00 I0343 Gx 1.8
03 41 30 -04 39 00 I0344 Gx
03 41 12 -18 19 00 I0345 Gx 0.4 15p
03 41 42 -18 16 00 I0346 Gx 1.9
03 42 30 -04 16 59 I0347 Gx 0.7 13p
03 44 30 +32 17 00 I0348 CN 10 7.3
03 46 18 +23 56 00 I0349 Nb
03 44 42 -11 49 00 I0350 Gx 0.8 14p
03 47 30 +35 03 00 I0351 Pl 0.1 12p
03 47 36 -08 44 00 I0352
03 55 00 +25 29 00 I0353 Nb 180
03 53 18 +23 25 00 I0354
03 53 48 +20 00 00 I0355
04 07 48 +69 49 00 I0356 Gx 5.2 11p
04 03 48 +22 09 00 I0357 Gx 1.3 14p
04 03 42 +19 53 00 I0358 Gx 1.4 15p
04 19 00 +28 12 00 I0359 Nb 15
04 13 00 +25 38 00 I0360 Nb 180
04 19 00 +58 18 00 I0361 OC 6 11.7
04 16 42 -12 13 00 I0362 Gx 0.3 14p
04 18 54 +03 03 00 I0363
04 19 06 +03 10 00 I0364 Gx 15p
04 19 12 +03 20 00 I0365 Gx 0.6 14p
04 19 36 +02 21 01 I0366
04 20 36 -14 47 00 I0367 Gx 0.3 15p
04 22 42 -12 37 00 I0368 Gx 0.8 14p
04 23 30 -11 47 00 I0369 Gx 0.5 15p
04 24 06 -09 23 00 I0370 Gx 1.2 14p
04 30 12 -00 33 00 I0371
04 30 06 -05 01 00 I0372 ?
04 30 42 -04 52 00 I0373 Gx 1.0 15p
04 32 30 +16 38 00 I0374 Gx 16p
04 31 06 -12 58 00 I0375
04 31 06 -12 27 00 I0376 Gx 0.8 14p
04 31 18 -12 27 00 I0377
04 31 30 -12 18 00 I0378
04 31 54 -07 14 59 I0379 Gx 0.9 15p
04 31 42 -12 56 00 I0380 Gx 0.6 15p
04 44 24 +75 39 00 I0381 Gx 3.4 14p
04 37 54 -09 31 00 I0382 Gx 2.0 13p
04 39 00 +09 54 00 I0383
04 39 18 -07 49 59 I0384
04 39 30 -07 06 00 I0385
04 40 00 -09 27 00 I0386
04 41 42 -07 04 59 I0387 Gx 1.5
04 42 00 -07 18 00 I0388 Gx 0.4 15p
04 42 00 -07 18 00 I0389 Gx 0.4 15p
04 42 06 -07 13 00 I0390 Gx 0.7 15p
04 57 24 +78 11 00 I0391 Gx 1.7 12.7
04 46 24 +03 30 00 I0392 Gx 1.5 15p
04 47 54 -15 32 00 I0393 Gx 0.3 15p
04 48 54 -06 16 59 I0394 ?
04 49 36 +00 15 00 I0395
04 58 00 +68 19 00 I0396 Gx 3.0 13p
05 01 06 +40 26 00 I0397
04 58 12 -07 47 00 I0398 Gx 1.5
05 01 48 -04 18 00 I0399 Gx 14.5
05 03 42 -15 46 00 I0400
05 04 18 -10 05 00 I0401
05 06 18 -09 08 00 I0402
05 15 18 +39 58 00 I0403
05 13 18 +09 45 00 I0404 Gx 16p
05 16 12 +34 16 00 I0405 Nb 30
05 17 48 +39 53 00 I0406 OC
05 17 42 -15 31 00 I0407
05 17 54 -25 05 00 I0408
05 19 36 +03 18 01 I0409 Gx 0.6 15p
05 22 36 +33 31 00 I0410 CN 40
05 20 18 -25 20 00 I0411 Gx 0.5 15p
05 21 54 +03 29 01 I0412 Gx 1.6 14p
05 22 00 +03 29 01 I0413 Gx 1.2 14p
05 21 54 +03 20 01 I0414 Gx 0.4 15p
05 21 18 -15 33 00 I0415
05 23 54 -17 16 00 I0416 Gx 1.7
05 28 06 +34 26 00 I0417 Nb 13
05 27 30 -12 42 00 I0418 Pl 0.2 11p
05 31 00 +30 09 00 I0419
05 32 18 -04 30 00 I0420
05 32 12 -08 05 00 I0421
05 32 18 -17 13 00 I0422
05 33 24 -00 36 59 I0423 Nb 6
05 33 42 -00 19 00 I0424
05 37 06 +32 26 00 I0425
05 36 48 -00 15 00 I0426 Nb 5
05 36 36 -06 40 00 I0427
05 36 36 -06 31 00 I0428
05 38 18 -07 03 00 I0429
05 38 30 -07 05 00 I0430 Nb 11
05 40 18 -01 26 59 I0431 Nb 5
05 40 54 -01 29 00 I0432 Nb 8
05 40 30 -11 37 59 I0433 Gx 0.4 14p
05 41 00 -02 24 00 I0434 Nb 60
05 43 00 -02 19 00 I0435 Nb 5
05 53 42 +38 38 00 I0436
05 51 36 -12 34 00 I0437
05 53 00 -17 53 00 I0438 Gx 3.2
05 56 36 +32 02 00 I0439
06 18 54 +80 04 01 I0440 Gx 2.1 14p
06 02 42 -12 30 00 I0441 Gx 1.1 14p
06 36 30 +82 58 00 I0442 Gx 1.4 14p
06 16 54 +22 47 01 I0443 Nb 50
06 20 24 +23 16 00 I0444 Nb 8
06 37 18 +67 51 00 I0445 Gx 1.2 14p
06 31 00 +10 27 00 I0446 Nb 5
06 31 12 +10 02 00 I0447
06 32 42 +07 19 00 I0448 Nb 15
06 45 42 +71 21 00 I0449 Gx 2.0
06 52 12 +74 26 00 I0450 Gx 1.3
06 52 54 +74 29 00 I0451 Gx 1.6
06 48 36 -16 54 00 I0452 Gx
06 49 06 -17 02 00 I0453 S*
06 51 06 +12 54 00 I0454
07 35 00 +85 33 01 I0455 Gx 1.2 14p
07 00 18 -30 10 00 I0456 Gx 2.3
07 09 24 +50 09 00 I0457 Gx 0.3 16p
07 10 30 +50 06 01 I0458 Gx 1.0 14p
07 10 36 +50 11 01 I0459
07 10 42 +50 13 01 I0460 Gx 0.4 16p
07 10 42 +50 05 01 I0461 Gx 0.6 16p
07 11 00 +50 11 00 I0462
07 10 54 +50 08 00 I0463 Gx 15p
07 11 00 +50 09 00 I0464 Gx 0.6 15p
07 11 30 +50 15 00 I0465 Gx 0.8 15p
07 08 36 -04 19 00 I0466 Nb 1
07 30 00 +79 52 01 I0467 Gx 3.5 12p
07 17 30 -13 09 00 I0468 Nb 20
07 56 00 +85 10 00 I0469 Gx 2.3
07 23 30 +46 05 00 I0470
07 43 36 +49 39 00 I0471 Gx 0.8 14p
07 43 48 +49 36 00 I0472 Gx 1.9 14p
07 42 24 +09 15 00 I0473
07 46 06 +26 29 00 I0474
07 47 12 +30 31 00 I0475 Gx 0.5 15p
07 47 18 +26 57 00 I0476 Gx 15p
07 52 06 +23 28 00 I0477 Gx 15p
07 53 42 +26 29 00 I0478 Gx 15p
07 54 24 +27 00 00 I0479 Gx 15p
07 55 18 +26 47 00 I0480
07 59 00 +24 09 00 I0481 Gx 1.1 15p
07 59 48 +25 21 00 I0482 Gx 0.6 15p
07 59 54 +25 55 00 I0483
07 59 54 +26 40 00 I0484 Gx 15p
08 00 18 +26 42 00 I0485 Gx 1.4 15p
08 00 18 +26 37 00 I0486 Gx 1.0 15p
07 59 12 -00 40 00 I0487
08 00 48 +25 54 01 I0488
08 01 36 +26 00 00 I0489
08 03 18 +25 48 00 I0490 Gx 16p
08 03 48 +26 32 00 I0491 Gx 15p
08 05 42 +26 10 00 I0492 Gx 1.3
08 07 24 +25 06 00 I0493
08 06 24 +01 02 00 I0494 Gx 1.4 14p
08 08 18 +09 00 00 I0495 Gx 15p
08 09 42 +25 52 00 I0496 Gx 0.3 15p
08 10 06 +24 53 00 I0497 Gx 0.5 15p
08 09 24 +05 16 00 I0498 Gx 1.4 15p
08 46 00 +85 43 01 I0499 Gx 1.9 14p
08 12 36 -16 03 00 I0500 Gx 0.7 15p
08 18 48 +24 32 00 I0501 Gx 15p
08 22 00 +08 45 00 I0502 Gx 0.4 15p
08 22 12 +03 15 00 I0503 Gx 1.1 14p
08 22 36 +04 15 01 I0504 Gx 1.1 14p
08 23 18 +04 22 00 I0505 Gx 1.4 15p
08 23 24 +04 18 00 I0506 Gx 0.4 15p
08 25 36 -00 26 59 I0507 ?
08 28 24 +25 07 01 I0508 Gx 15p
08 32 00 +24 00 00 I0509 Gx 1.9
08 32 06 -02 10 00 I0510 Gx 1.1 15p
08 40 48 +73 29 00 I0511 Gx 1.7
09 04 00 +85 30 00 I0512 Gx 3.6 12p
08 33 00 -12 21 00 I0513 Gx 0.6 14p
08 35 24 -02 03 00 I0514 Gx 15p
08 35 30 -01 54 00 I0515 Gx 1.2 16p
08 35 48 -01 52 00 I0516 Gx 16p
08 36 18 -02 04 00 I0517 Gx 15p
08 37 06 +00 41 01 I0518 OC
08 40 36 +02 36 00 I0519 Gx 15p
08 53 42 +73 29 00 I0520 Gx 2.3 13p
08 46 48 +02 33 00 I0521
08 54 30 +57 10 00 I0522 Gx 1.0 14p
08 53 12 +09 09 00 I0523 Gx 1.4 15p
08 58 12 -19 11 00 I0524
09 01 18 -01 52 00 I0525 Gx 1.0 15p
09 02 36 +10 50 00 I0526 Gx 0.7 15p
09 09 36 +37 35 00 I0527 Gx 1.9 15p
09 09 24 +15 48 00 I0528 Gx 1.7 15p
09 18 30 +73 46 00 I0529 Gx 3.7 13p
09 15 18 +11 53 01 I0530 Gx 2.1 14p
09 17 54 -00 17 00 I0531 Gx 1.8 15p
09 19 00 -16 45 59 I0532 ?
09 20 24 -04 00 00 I0533
09 21 12 +03 09 00 I0534 Gx 1.9 15p
09 22 12 -01 03 00 I0535 Gx 16p
09 24 36 +25 07 00 I0536 Gx 1.2 15p
09 25 24 -12 23 00 I0537 Gx 1.0 14p
09 27 24 +23 01 00 I0538 Gx 0.5
09 29 06 -02 33 00 I0539 Gx 1.2 14p
09 30 12 +07 54 00 I0540 Gx 1.4 15p
09 30 30 -04 15 00 I0541
09 31 12 -13 10 00 I0542 Gx 1.0 15p
09 30 54 -14 44 00 I0543 Gx 1.2 13p
09 35 54 +24 54 00 I0544 Gx 0.7 15p
09 36 06 +24 57 00 I0545 Gx 0.4 15p
09 34 54 -16 23 00 I0546 Gx 0.6 14p
09 36 12 -12 25 00 I0547 Gx 1.2 13p
09 38 18 +09 26 00 I0548 Gx 15p
09 40 42 +03 59 00 I0549
09 40 30 -06 56 00 I0550 Gx 0.6 14p
09 40 54 +06 56 00 I0551 Gx 0.9 14p
09 41 18 +10 38 00 I0552 Gx 1.1 14p
09 40 42 -05 26 00 I0553 Gx
09 41 48 +12 26 00 I0554
09 41 54 +12 17 00 I0555 Gx 1.3 14p
09 43 42 +11 04 00 I0556 Gx 0.9 14p
09 44 06 +10 59 00 I0557 Gx 0.5 15p
09 45 00 +29 27 00 I0558 Gx 0.9 15p
09 44 42 +09 37 00 I0559 Gx 0.8 15p
09 45 54 -00 16 00 I0560 Gx 1.5 15p
09 46 00 +03 08 00 I0561 Gx 0.4 15p
09 46 06 -03 58 00 I0562 Gx 1.5
09 46 18 +03 03 00 I0563 Gx 1.1
09 46 24 +03 04 00 I0564 Gx 1.9
09 47 48 +15 51 00 I0565 Gx 1.7 15p
09 50 00 -00 14 00 I0566 Gx 15p
09 50 30 +12 49 00 I0567
09 51 06 +15 44 00 I0568 Gx 1.5 15p
09 51 30 +10 55 00 I0569 Gx 0.2 15p
09 51 48 +15 46 00 I0570 Gx 16p
09 52 30 +15 46 00 I0571 Gx 0.3 15p
09 52 30 +15 50 00 I0572 Gx 0.4 15p
09 53 36 -12 31 00 I0573 Gx 1.2 15p
09 54 24 -06 58 00 I0574 Gx 0.5 15p
09 54 36 -06 51 00 I0575 Gx
09 55 06 +11 02 00 I0576 Gx 15p
09 56 06 +10 30 00 I0577 Gx 0.7 14p
09 56 18 +10 29 00 I0578 Gx 1.3 15p
09 56 36 -14 09 00 I0579
09 58 00 +10 27 00 I0580 Gx 0.6 15p
09 58 12 +15 56 00 I0581 Gx 1.1 15p
09 59 00 +17 49 00 I0582 Gx 1.1 15p
09 59 06 +17 50 00 I0583 Gx 1.0 15p
09 59 06 +10 22 00 I0584 Gx 0.3 15p
09 59 42 +13 02 00 I0585 Gx 0.2 15p
09 59 54 -06 55 00 I0586 Gx 0.4 15p
10 03 00 -02 24 00 I0587
10 02 12 +03 03 00 I0588 Gx 1.1 15p
10 04 24 -05 41 00 I0589
10 05 54 +00 38 00 I0590 Gx 1.1 14p
10 07 30 +12 16 00 I0591 Gx 1.4 14p
10 07 54 -02 29 59 I0592 Gx 1.0 14p
10 08 18 -02 32 00 I0593 Gx 0.8 14p
10 08 36 -00 40 00 I0594 Gx 1.1 15p
10 09 42 +11 00 00 I0595 Gx 15p
10 10 36 +10 02 00 I0596 Gx 0.8 15p
10 10 12 -06 54 00 I0597
10 13 06 +43 14 00 I0598
10 13 18 -05 38 00 I0599 Gx 1.0 14p
10 17 12 -03 30 00 I0600 Gx 2.3
10 18 12 +07 02 01 I0601 Gx 0.6 15p
10 18 18 +07 03 00 I0602 Gx 1.1
10 19 24 -05 39 00 I0603 Gx 0.4 14p
10 23 48 +57 02 00 I0604
10 22 24 +01 12 00 I0605 Gx 0.7 14p
10 23 30 +10 58 01 I0606 Gx 0.4 15p
10 24 12 +16 45 00 I0607 Gx 1.5 15p
10 24 18 -06 02 00 I0608 Gx 0.7 15p
10 25 30 -02 13 00 I0609 Gx 1.6 14p
10 26 30 +20 14 00 I0610 Gx 2.1
10 26 30 +20 14 00 I0611 Gx
10 27 06 +11 03 00 I0612 Gx 0.3 15p
10 27 06 +11 01 00 I0613 Gx 0.3 15p
10 26 54 -03 27 00 I0614 Gx 0.7 15p
10 27 18 +11 05 00 I0615 Gx 1.4 15p
10 32 48 +15 52 00 I0616 Gx 1.1 15p
10 32 48 -12 38 00 I0617 Gx 0.1 16p
10 32 48 -12 44 00 I0618
10 33 30 +12 33 00 I0619
10 33 30 +11 53 00 I0620 Gx 15p
10 33 18 +02 40 00 I0621 Gx 15p
10 34 36 +11 11 00 I0622 Gx 2.9 14p
10 35 24 +03 33 01 I0623 Gx 1.1 15p
10 36 18 -08 21 00 I0624 Gx 3.3
10 36 30 -23 55 00 I0625
10 37 00 -07 01 00 I0626 Gx 14p
10 37 18 -03 22 00 I0627 Gx 0.4 14p
10 37 36 +05 35 00 I0628 Gx 1.0 15p
10 37 00 -27 34 00 I0629 Gx 3.0
10 38 30 -07 10 00 I0630 Gx 13p
10 39 00 -07 03 00 I0631
10 39 12 -00 25 00 I0632 Gx 1.0 15p
10 39 24 -00 24 00 I0633 Gx 0.6 14p
10 40 54 +05 59 00 I0634 Gx 1.3 15p
10 41 42 +15 39 00 I0635 Gx 1.3 15p
10 41 54 +04 20 00 I0636 Gx 1.1 15p
10 42 24 +15 20 00 I0637 Gx 15p
10 43 48 +15 53 00 I0638 Gx 15p
10 45 54 +16 56 00 I0639 Gx 0.7 15p
10 46 48 +34 45 00 I0640
10 47 48 +34 40 00 I0641
10 48 06 +18 11 00 I0642 Gx 1.6 14p
10 49 24 +12 13 01 I0643 Gx 15p
10 51 30 +55 23 00 I0644 Gx
10 50 12 -06 03 00 I0645
10 51 36 +55 28 00 I0646 Gx
10 50 36 -12 52 00 I0647
10 51 00 +12 17 00 I0648 Gx 0.8 15p
10 50 54 +01 11 00 I0649 Gx 0.6 15p
10 50 42 -13 27 00 I0650
10 51 00 -02 08 00 I0651 Gx 0.8
10 51 00 -12 38 00 I0652
10 52 12 -00 33 00 I0653 Gx 2.3 14p
10 53 54 -11 44 00 I0654
10 54 24 -00 22 00 I0655 Nb 1
10 55 06 +17 36 00 I0656 OC
10 57 54 -04 54 00 I0657
10 58 18 +08 15 00 I0658 Gx 0.3 15p
10 58 06 -06 16 00 I0659
10 58 30 +01 23 00 I0660 Gx 16p
10 58 54 +01 40 00 I0661 Gx 16p
10 59 24 +01 36 00 I0662 Gx 16p
11 00 36 +10 27 00 I0663 Gx 16p
11 00 42 +10 33 00 I0664 Gx 1.0 15p
11 00 30 -13 52 00 I0665
11 01 18 +10 29 00 I0666 Gx 15p
11 06 30 +15 05 01 I0667 Gx 15p
11 06 36 +15 02 00 I0668 Gx 0.6 15p
11 07 18 +06 18 00 I0669 Gx 1.6 14p
11 07 24 +06 43 00 I0670 Gx 1.3 15p
11 07 36 +00 47 00 I0671 Gx 1.6 15p
11 08 00 -12 29 00 I0672 Gx 0.5 15p
11 09 30 -00 05 00 I0673
11 11 06 +43 38 00 I0674 Gx 1.8 14p
11 10 42 +03 41 00 I0675
11 12 42 +09 04 00 I0676 Gx 2.2 13p
11 13 54 +12 19 00 I0677 Gx 1.6 14p
11 14 06 +06 35 00 I0678 Gx 0.2 15p
11 16 36 -13 58 00 I0679
11 18 00 -01 56 00 I0680 Gx 0.6 15p
11 18 36 -12 09 00 I0681
11 21 12 +20 13 00 I0682
11 21 24 +02 45 00 I0683 Gx
11 21 36 +02 50 00 I0684
11 22 06 +17 45 00 I0685 Gx
11 23 06 +05 39 00 I0686 Gx 15p
11 24 18 +47 51 00 I0687 Gx 0.7 15p
11 23 42 -09 48 00 I0688
11 23 36 -13 50 00 I0689
11 24 18 -08 21 00 I0690
11 26 42 +59 09 00 I0691 Gx 0.7 14p
11 25 54 +09 59 00 I0692 Gx 0.8 14p
11 26 48 -05 00 00 I0693 Gx 0.6 15p
11 28 30 +58 34 00 I0694 Gx 1.2
11 28 00 -11 43 00 I0695
11 28 36 +09 05 00 I0696 Gx 1.0 14p
11 28 36 -01 37 00 I0697 Gx 15p
11 29 00 +09 06 00 I0698 Gx 1.0 14p
11 29 06 +08 59 00 I0699 Gx 1.3 15p
11 29 18 +20 33 00 I0700 Gx 0.8 15p
11 30 48 +20 28 00 I0701 Gx 0.7
11 30 54 -04 56 00 I0702
11 31 48 -11 36 00 I0703
11 31 54 -11 33 00 I0704
11 32 54 +50 14 00 I0705 Gx 0.3 15p
11 33 06 -13 22 00 I0706 Gx 1.2 15p
11 33 36 +21 22 00 I0707 Gx 0.6 14p
11 33 54 +49 03 00 I0708 Gx 1.7 14p
11 34 12 +49 02 00 I0709 Gx 15p
11 34 24 +25 51 00 I0710 Gx 16p
11 34 42 +48 57 00 I0711 Gx 15p
11 34 48 +49 04 00 I0712 Gx 1.6
11 34 48 +16 51 00 I0713
11 36 30 -09 51 00 I0714
11 36 54 -08 22 00 I0715
11 39 06 -00 13 00 I0716 Gx 1.7 15p
11 39 24 -10 39 00 I0717 ?
11 39 54 +08 52 00 I0718 Gx 1.2 15p
11 40 18 +09 00 00 I0719 Gx 1.7 14p
11 42 18 +08 46 00 I0720 Gx 1.0 15p
11 42 30 -08 22 00 I0721 Gx 1.1 15p
11 42 36 +09 04 00 I0722
11 43 00 -08 19 00 I0723
11 43 24 +09 02 00 I0724
11 43 30 -01 40 00 I0725 Gx 15p
11 43 48 +33 18 00 I0726
11 44 30 +10 46 00 I0727 Gx 1.6 15p
11 44 54 -01 36 00 I0728 Gx 1.3 15p
11 45 12 +33 19 00 I0729 Gx 15p
11 45 36 +03 13 00 I0730 Gx 0.6 15p
11 46 00 +49 34 00 I0731
11 46 00 +20 26 00 I0732 Gx 0.4 15p
11 46 00 -08 10 00 I0733
11 46 12 -08 17 00 I0734 Gx 0.8 16p
11 48 12 +10 13 00 I0735
11 48 24 +12 43 00 I0736 Gx 0.4 15p
11 48 30 +12 43 00 I0737 Gx 0.6 15p
11 48 54 -04 41 00 I0738
11 50 24 +23 49 00 I0739
11 50 36 +55 21 00 I0740 Gx 2.7 13p
11 50 30 -04 49 00 I0741 Gx 0.5 15p
11 51 00 +20 48 00 I0742 Gx 1.3 15p
11 53 24 -13 16 00 I0743
11 54 06 +23 12 00 I0744 Gx 16p
11 54 18 +00 08 00 I0745 Gx 0.7 14p
11 55 36 +25 53 00 I0746 Gx 1.3 14p
11 57 06 -08 18 00 I0747
11 57 30 +07 28 00 I0748 Gx 0.3 15p
11 58 36 +42 44 00 I0749 Gx 2.5 12.2
11 58 54 +42 43 00 I0750 Gx 2.9 11.8
11 58 54 +42 34 00 I0751 Gx 1.5
11 59 18 +42 33 00 I0752 Gx 15p
11 59 12 -00 30 00 I0753 Gx 0.6 14p
11 59 24 -01 38 00 I0754 Gx 0.9 14p
12 01 12 +14 06 00 I0755 Gx 2.7
12 03 00 +04 50 00 I0756 Gx 2.1 15p
12 03 24 +52 39 00 I0757 D* 13p
12 04 12 +62 30 00 I0758 Gx 2.0 13p
12 05 12 +20 15 00 I0759
12 05 54 -29 18 00 I0760 Gx 1.6
12 06 00 -12 40 00 I0761 Gx 0.6 15p
12 08 06 +25 45 00 I0762 Gx 0.6 15p
12 08 12 +25 49 00 I0763 Gx 0.8 15p
12 10 12 -29 44 00 I0764 Gx 4.8 12p
12 10 30 +16 08 00 I0765 D*
12 10 54 -12 40 00 I0766 Gx 1.2 14p
12 11 06 +12 05 00 I0767 Gx 0.6 15p
12 11 54 +12 08 00 I0768 Gx 1.6 15p
12 12 30 +12 07 00 I0769 Gx 2.5 13p
12 13 00 -04 33 00 I0770
12 15 12 +13 11 00 I0771 Gx 15p
12 15 12 +23 57 00 I0772 Gx 15p
12 18 06 +06 08 00 I0773 Gx 1.8
12 18 48 -06 46 00 I0774
12 18 54 +12 55 00 I0775 Gx 1.4 13.3
12 19 00 +08 51 00 I0776 Gx 2.1 14p
12 19 24 +28 18 00 I0777 Gx 1.3 14p
12 19 24 +56 00 00 I0778
12 19 48 +29 53 00 I0779
12 19 54 +25 46 00 I0780 Gx 1.3 14p
12 20 06 +14 58 00 I0781 Nb 1
12 21 36 +05 45 00 I0782 Gx 0.6 15p
12 21 36 +15 45 00 I0783 Gx 1.5 13.6
12 22 36 -04 39 00 I0784
12 23 00 -13 14 00 I0785 Gx 0.8 15p
12 23 12 -13 13 00 I0786 Gx 1.0 15p
12 25 30 +16 06 00 I0787 Gx 1.0 15p
12 26 06 +16 12 00 I0788
12 26 18 +07 27 00 I0789 Gx 15p
12 26 30 +09 01 00 I0790 Gx 0.5 15p
12 27 00 +22 38 00 I0791 Gx 1.2 14p
12 27 06 +16 20 00 I0792 Gx 1.8 15p
12 28 00 +09 26 00 I0793
12 28 06 +12 06 00 I0794 Gx 1.7
12 28 30 +23 18 00 I0795 Gx 15p
12 29 24 +16 24 00 I0796 Gx 1.4 14p
12 31 54 +15 07 00 I0797 Gx 1.2 14p
12 32 30 +15 24 00 I0798 Gx 15p
12 33 42 -07 24 00 I0799
12 33 54 +15 21 00 I0800 Gx 1.7
12 33 48 +52 15 00 I0801 Gx 1.2 15p
12 35 48 +74 15 00 I0802 Nb 1
12 39 36 +16 36 00 I0803 Gx 0.7 15p
12 41 18 -05 01 00 I0804 Gx
12 41 18 +13 44 00 I0805
12 42 12 -17 20 00 I0806 Gx 0.6 15p
12 42 18 -17 22 01 I0807 Gx 0.3 15p
12 41 54 +19 57 00 I0808 OC
12 42 06 +11 45 00 I0809 Gx 1.1 15p
12 42 06 +12 36 00 I0810 Gx 1.7 15p
12 44 48 -10 12 00 I0811
12 44 54 -04 26 00 I0812
12 45 12 +23 03 00 I0813 Gx 1.1 14p
12 45 36 -08 06 00 I0814
12 46 24 +11 53 00 I0815 Gx 0.4 15p
12 46 42 +09 51 00 I0816 Gx 1.0 15p
12 46 54 +09 52 00 I0817 Gx 0.3 15p
12 46 36 +29 44 00 I0818 Gx 1.3
12 47 12 +30 44 00 I0819
12 47 12 +30 43 00 I0820
12 47 24 +29 48 00 I0821 Gx 1.4
12 47 48 +30 05 00 I0822 Gx 0.4 16p
12 47 48 +27 12 00 I0823 ?
12 49 42 -04 34 00 I0824 Gx 0.5 15p
12 50 18 -05 23 00 I0825
12 51 18 +31 04 00 I0826 Gx 0.6 15p
12 52 00 +16 17 00 I0827 Gx 1.0 15p
12 52 18 -08 08 00 I0828
12 52 24 -15 31 00 I0829 Gx 0.4 15p
12 51 12 +53 41 00 I0830 Gx 0.8 14p
12 52 42 +26 29 00 I0831 Gx 15p
12 53 48 +26 27 00 I0832 Gx
12 56 42 -06 44 00 I0833
12 56 30 +26 20 00 I0834
12 56 54 +26 29 00 I0835 Gx 0.6
12 56 00 +63 37 00 I0836 Gx 1.4 15p
12 57 30 +26 30 00 I0837 Gx 15p
12 58 12 +26 24 00 I0838 Gx 14p
12 58 24 +28 09 00 I0839 Gx
12 58 42 +10 37 00 I0840 Gx 1.0 15p
12 59 48 +21 49 00 I0841
13 00 36 +29 01 00 I0842 Gx 15p
13 01 36 +29 08 00 I0843 Gx 15p
13 03 18 -30 31 00 I0844 Gx 1.3
13 05 18 +12 07 00 I0845
13 05 18 +23 06 00 I0846 Gx 15p
13 06 00 +53 41 00 I0847
13 07 00 +16 02 00 I0848 Gx 0.8 15p
13 07 36 -00 56 00 I0849 Gx 1.2 14p
13 07 48 -00 51 00 I0850 Gx 0.8
13 08 30 +21 02 00 I0851 Gx 1.0 15p
13 07 36 +60 09 00 I0852 Gx 1.1 15p
13 08 36 +52 46 00 I0853 Gx 1.3
13 09 48 +24 35 00 I0854 Gx 0.6 15p
13 10 36 -04 29 00 I0855
13 10 42 +20 32 00 I0856
13 13 48 +17 05 00 I0857
13 14 54 +17 13 00 I0858 Gx 1.7 15p
13 15 00 +17 13 00 I0859 Gx 15p
13 15 06 +24 36 00 I0860 Gx 0.5 15p
13 15 06 +34 19 00 I0861 Gx 1.1 16p
13 16 12 +20 02 00 I0862 Gx 0.3 15p
13 17 12 -17 16 00 I0863 Gx 2.4
13 17 12 +20 42 00 I0864 Gx 1.1 16p
13 17 36 -05 50 01 I0865
13 17 12 +20 42 00 I0866 Gx 1.1 16p
13 17 12 +20 39 00 I0867 Gx 1.5 15p
13 17 24 +20 36 00 I0868 Gx 15p
13 17 30 +20 41 00 I0869
13 17 30 +20 36 00 I0870
13 17 54 +04 24 00 I0871 Gx 2.1 15p
13 18 12 +06 21 00 I0872
13 18 18 +04 28 00 I0873 Gx 15p
13 19 00 -27 38 00 I0874 Gx 1.2
13 17 06 +57 32 00 I0875 Gx 1.9 13p
13 18 30 +04 29 00 I0876 Gx 0.6 15p
13 19 00 +06 05 00 I0877
13 19 00 +06 07 00 I0878
13 19 42 -27 26 00 I0879 Gx 1.3
13 19 06 +06 07 00 I0880
13 20 00 +15 51 00 I0881 Gx 1.7 15p
13 20 12 +15 54 00 I0882 Gx 15p
13 20 36 +34 08 00 I0883 Gx 1.7
13 22 54 -12 44 00 I0884
13 22 36 +21 19 00 I0885 Gx 0.8 15p
13 23 54 -04 24 00 I0886
13 24 12 -12 28 01 I0887
13 25 48 +13 45 00 I0888
13 26 36 +11 52 00 I0889 Gx 15p
13 28 24 -16 05 00 I0890
13 30 00 +00 18 00 I0891 Gx 0.3 15p
13 31 48 -02 43 00 I0892 Gx 1.3 14p
13 31 48 -02 36 00 I0893 Gx 1.2 15p
13 32 06 +17 03 00 I0894 Gx 1.0 15p
13 32 18 +35 40 00 I0895
13 34 06 +04 52 00 I0896 Gx 1.0 15p
13 33 54 +17 43 00 I0897 Gx 1.0 15p
13 34 12 +13 17 00 I0898 Gx 15p
13 34 54 -08 05 00 I0899 Gx 0.3 15p
13 34 42 +09 21 00 I0900 Gx 1.7
13 35 42 +13 20 00 I0901 Gx 1.3 16p
13 36 00 +49 58 00 I0902 Gx 2.2 15p
13 38 24 -00 14 00 I0903 Nb 0.3
13 38 36 +00 32 00 I0904 Gx 1.1 15p
13 40 06 +23 10 00 I0905 Gx 0.8 15p
13 40 06 +23 22 00 I0906 Gx 0.8 16p
13 39 30 +50 43 00 I0907
13 41 12 -04 19 00 I0908 Gx 0.8 15p
13 40 48 +24 29 00 I0909 Gx 15p
13 41 06 +23 17 00 I0910 Gx 0.5 15p
13 41 24 +23 15 00 I0911 Gx 0.4 16p
13 41 24 +23 15 00 I0912 Gx 0.6 16p
13 41 30 +23 10 00 I0913 Gx 1.0 16p
13 41 42 +23 11 59 I0914 Gx 0.6 15p
13 43 30 -17 20 00 I0915
13 42 36 +24 28 00 I0916 Gx 0.5 15p
13 42 42 +55 38 00 I0917
13 42 48 +55 36 00 I0918
13 42 54 +55 35 00 I0919
13 45 30 -12 34 00 I0920 Gx 0.4 15p
13 43 12 +55 40 00 I0921
13 43 18 +55 36 00 I0922 Nb 0.1
13 43 18 +55 37 00 I0923
13 45 36 -12 27 00 I0924
13 43 24 +55 36 00 I0925
13 43 30 +55 39 00 I0926
13 45 54 -12 28 00 I0927
13 43 42 +55 37 00 I0928 Nb 0.1
13 43 42 +55 39 00 I0929
13 43 48 +55 41 00 I0930
13 43 48 +55 37 00 I0931 Nb 0.1
13 43 48 +55 38 00 I0932
13 45 18 +23 13 00 I0933 Gx 1.3 15p
13 44 00 +55 37 00 I0934
13 44 00 +55 36 00 I0935
13 44 00 +55 37 00 I0936
13 44 30 +55 39 00 I0937
13 44 36 +55 37 00 I0938
13 47 42 +03 24 00 I0939 Gx 1.0 15p
13 47 54 +03 27 00 I0940 Gx 15p
13 48 30 +24 00 00 I0941 Gx 15p
13 47 36 +56 36 00 I0942 Gx 0.3 15p
13 50 30 +03 11 00 I0943 Gx 0.6 15p
13 51 30 +14 05 00 I0944 Gx 1.7 15p
13 48 00 +72 03 00 I0945 Gx 0.5 16p
13 52 06 +14 06 00 I0946 Gx 1.0 14p
13 52 42 +00 48 00 I0947 Gx 1.7 14p
13 52 24 +14 05 00 I0948 Gx 1.2 14p
13 52 12 +22 31 00 I0949 Gx 1.2 15p
13 52 24 +14 29 00 I0950 Gx 1.4 15p
13 51 42 +51 00 00 I0951 Gx 1.4 14p
13 53 42 +03 22 00 I0952 Gx 1.4 15p
13 55 00 -30 21 00 I0953
13 50 00 +71 10 00 I0954 Gx 1.3
13 55 42 -30 16 00 I0955
13 54 42 +20 43 00 I0956 Gx 16p
13 56 06 -30 14 00 I0957
13 55 48 +05 02 00 I0958 ?
13 56 00 +13 30 00 I0959 Gx 1.8 14p
13 56 00 +17 31 00 I0960 Gx 0.8 15p
13 55 48 +25 50 00 I0961 Gx 15p
13 57 18 +12 03 00 I0962
13 57 24 +17 25 00 I0963 Gx 0.7 15p
13 57 42 +17 31 00 I0964 Gx 0.3 15p
13 57 48 +17 31 00 I0965 Gx 0.8 15p
13 58 12 +05 24 00 I0966 Gx 1.6 15p
13 58 24 +14 27 00 I0967 Gx 0.7 15p
14 00 36 -02 57 00 I0968
14 01 48 -04 11 00 I0969
14 02 30 +14 33 00 I0970 Gx 1.2 15p
14 03 48 -10 08 00 I0971
14 04 24 -17 15 00 I0972 Pl 0.7 15p
14 06 30 -05 29 00 I0973 S*
14 06 36 -05 31 00 I0974 S*
14 07 12 +15 21 00 I0975
14 08 42 -01 09 00 I0976 Gx 1.5 14p
14 08 42 -03 00 00 I0977 Gx 0.6 15p
14 09 00 -02 58 00 I0978 Gx 0.8 15p
14 09 18 +14 51 00 I0979
14 10 24 -07 21 00 I0980
14 10 30 -04 10 00 I0981 Gx 0.6 15p
14 10 00 +17 41 59 I0982 Gx 1.5
14 10 06 +17 44 00 I0983 Gx 5.5
14 10 06 +18 22 00 I0984 Gx 1.9 14p
14 11 30 -03 14 00 I0985 Gx 0.5 15p
14 11 24 +01 20 00 I0986
14 11 30 +19 11 00 I0987 Gx 1.2 15p
14 14 30 +03 11 00 I0988 Gx 15p
14 14 48 +03 07 00 I0989 Gx 1.3 14p
14 15 42 +39 47 00 I0990 Gx 0.6 15p
14 17 42 -13 53 00 I0991 Gx 1.4 13p
14 18 18 +00 52 59 I0992 Gx 1.6 15p
14 18 06 +11 16 00 I0993
14 18 18 +11 10 59 I0994 Gx 1.4 15p
14 16 36 +57 48 00 I0995 Gx 1.4 14p
14 17 00 +57 39 00 I0996
14 19 54 -04 27 00 I0997 Gx 1.0 14p
14 20 12 -04 28 00 I0998
14 19 36 +17 52 00 I0999 Gx 0.8 14p
