14 19 42 +17 51 00 I1000 Gx 0.8 14p
14 20 42 +05 08 00 I1001
14 20 42 +05 11 00 I1002
14 20 54 +05 27 00 I1003
14 20 54 +17 39 00 I1004
14 18 18 +71 36 00 I1005
14 23 00 +23 47 00 I1006 Gx 1.0 15p
14 24 36 +04 32 00 I1007 Gx 15p
14 25 00 +28 20 00 I1008
14 26 18 +12 21 00 I1009 Gx 15p
14 27 18 +01 02 00 I1010 Gx 2.3 15p
14 28 06 +01 00 00 I1011 Gx 0.4 15p
14 27 12 +30 59 00 I1012
14 27 48 +25 50 00 I1013
14 28 18 +13 47 00 I1014 Gx 2.8 13p
14 28 18 +15 25 00 I1015 Gx 0.6 15p
14 28 48 +04 50 00 I1016
14 28 06 +25 52 00 I1017 Gx 1.1 15p
14 28 18 +25 51 00 I1018 Gx 2.3 14p
14 28 06 +25 56 00 I1019 Gx 0.4 15p
14 28 48 +26 02 00 I1020 Gx 1.2 15p
14 29 12 +20 40 00 I1021 Gx 1.2 15p
14 30 00 +03 45 59 I1022 Gx 1.2 15p
14 32 24 -35 48 00 I1023
14 31 24 +03 00 00 I1024 Gx 1.6 14p
14 31 30 +07 04 00 I1025 Gx 15p
14 31 12 +31 13 00 I1026 S*
14 29 48 +53 57 00 I1027
14 32 30 +41 51 00 I1028
14 32 30 +49 54 00 I1029 Gx 3.0
14 33 42 +31 41 59 I1030
14 34 36 +48 02 00 I1031
14 34 42 +47 57 00 I1032
14 34 48 +47 56 00 I1033
14 37 12 +14 39 59 I1034 Gx 16p
14 38 06 +09 20 00 I1035 Gx 0.7 15p
14 38 18 +18 07 00 I1036 Gx 16p
14 38 24 +18 10 00 I1037 Gx 0.8 15p
14 39 24 +11 55 00 I1038 Gx 15p
14 40 30 +03 25 00 I1039 Gx 16p
14 40 18 +09 28 00 I1040 Gx 15p
14 40 36 +03 21 00 I1041
14 40 36 +03 26 00 I1042
14 40 42 +03 21 00 I1043
14 41 30 +09 26 00 I1044 Gx 1.0 15p
14 40 42 +42 45 00 I1045
14 37 48 +69 00 00 I1046 Gx 0.8 15p
14 42 24 +19 10 00 I1047 Gx 0.6 16p
14 42 54 +04 53 00 I1048 Gx 2.5 14p
14 39 36 +62 02 00 I1049
14 44 06 +18 01 00 I1050 Gx 15p
14 44 12 +19 01 00 I1051 Gx 15p
14 44 12 +20 37 00 I1052 Gx 1.1 15p
14 45 36 +16 57 00 I1053 Gx 0.5 15p
14 46 30 +01 16 00 I1054 Gx 1.2 15p
14 47 24 -13 44 00 I1055 Gx 2.6
14 45 48 +50 25 00 I1056 Gx 2.0 14p
14 46 00 +50 22 00 I1057
14 49 06 +17 02 00 I1058 Gx 1.6 15p
14 50 42 -00 52 00 I1059 Gx 16p
14 51 54 -07 13 00 I1060 Gx 1.0 14p
14 51 12 +18 44 59 I1061
14 51 18 +18 41 00 I1062 Gx 0.3 15p
14 52 12 +04 41 00 I1063
14 52 12 +04 40 00 I1064
14 49 18 +63 16 00 I1065 Gx 1.3 13.4
14 53 00 +03 18 00 I1066 Gx 1.6 14p
14 53 06 +03 20 00 I1067 Gx 2.3
14 53 30 +03 04 00 I1068 Gx 0.2 15p
14 51 00 +54 23 00 I1069
14 53 54 +03 29 00 I1070 Gx 15p
14 54 12 +04 45 00 I1071 Gx 1.2 14p
14 54 12 +04 51 00 I1072 Gx 0.5 15p
14 54 12 +04 48 00 I1073 Gx 15p
14 52 00 +51 17 00 I1074 Gx 1.0 15p
14 54 48 +18 06 00 I1075 Gx 1.3 15p
14 55 00 +18 02 00 I1076 Gx 1.2
14 57 24 -19 13 00 I1077 Gx 2.0
14 56 30 +09 21 00 I1078
14 56 36 +09 22 00 I1079
14 58 06 -06 42 00 I1080 Gx 0.4 14p
14 58 54 -19 14 00 I1081 Gx 1.6
14 58 54 +07 00 00 I1082 Gx 15p
14 55 36 +68 24 00 I1083 Gx 0.7 16p
15 01 18 -07 27 00 I1084 Gx 0.4 14p
15 02 42 +17 14 00 I1085 Gx 1.2 15p
15 03 24 +17 05 00 I1086
15 06 42 +03 46 00 I1087
15 06 42 +03 46 00 I1088
15 07 24 +07 07 59 I1089 Gx 15p
15 03 42 +42 41 00 I1090 Gx 0.4
15 08 12 -11 09 00 I1091 Gx 1.4
15 07 30 +09 22 59 I1092 Gx 15p
15 07 42 +14 33 00 I1093 Gx 1.0 15p
15 07 42 +14 38 00 I1094 Gx 0.5 15p
15 08 30 +14 01 00 I1095
15 08 30 +19 11 00 I1096 Gx 1.1 15p
15 08 30 +19 11 00 I1097 Gx 1.1 15p
15 06 24 +55 36 00 I1098 S*
15 06 54 +56 31 00 I1099 Gx 1.4
15 06 18 +63 00 00 I1100 Gx 1.0 14p
15 10 54 +05 46 00 I1101
15 11 06 +04 18 00 I1102 Gx 1.2 15p
15 11 36 +19 12 00 I1103
15 12 48 -05 05 00 I1104 S*
15 13 18 +04 16 00 I1105
15 14 00 +04 43 00 I1106 Gx 15p
15 14 12 +04 43 00 I1107 Gx 15p
15 16 48 -45 39 00 I1108
15 17 06 +05 15 00 I1109 Gx 15p
15 12 06 +67 22 00 I1110 Gx 1.3 15p
15 14 24 +54 32 00 I1111
15 17 54 +07 13 00 I1112 Gx 15p
15 18 18 +12 29 00 I1113 Gx 0.6 15p
15 11 18 +75 27 00 I1114
15 22 24 -04 28 00 I1115 S*
15 21 54 +08 26 00 I1116 Gx 1.2 15p
15 24 24 +15 27 00 I1117
15 25 06 +13 26 00 I1118 Gx 0.8 15p
15 25 42 -03 39 00 I1119 Gx 0.5 15p
15 26 12 +18 52 00 I1120
15 27 48 +06 49 00 I1121 Gx 16p
15 29 30 +07 35 00 I1122 Gx 0.2 15p
15 28 54 +42 53 00 I1123
15 30 00 +23 38 00 I1124
15 33 06 -01 38 00 I1125 Gx 1.7 14p
15 35 00 +05 00 00 I1126
15 35 54 +23 29 00 I1127
15 37 54 -01 33 00 I1128
15 32 00 +68 15 00 I1129 Gx 1.2 14p
15 37 48 +17 15 00 I1130 Gx 0.6 15p
15 38 54 +12 05 00 I1131 Gx 1.0
15 40 00 +20 40 00 I1132 Gx 1.1 14p
15 41 12 +15 34 00 I1133 Gx 1.3 15p
15 44 54 +16 58 00 I1134 Gx 0.4 15p
15 45 36 +17 42 00 I1135 Gx 0.6 15p
15 47 36 -01 33 00 I1136 Gx 15p
15 48 54 +08 35 00 I1137
15 48 12 +26 11 59 I1138 Gx 1.0 15p
15 29 36 +82 36 00 I1139 Gx 16p
15 49 06 +19 04 00 I1140
15 49 36 +12 24 00 I1141
15 49 24 +18 09 00 I1142
15 30 42 +82 28 00 I1143 Gx 1.8
15 51 18 +43 25 00 I1144 Gx 0.6 15p
15 46 12 +72 27 00 I1145
15 48 30 +69 23 00 I1146 Gx 0.9 14p
15 50 06 +69 33 00 I1147 Gx 0.4 15p
15 56 54 +22 25 00 I1148
15 58 00 +12 05 00 I1149
15 58 18 +15 52 00 I1150
15 58 30 +17 27 00 I1151 Gx 13p
15 56 42 +48 05 00 I1152 Gx 1.0 14p
15 56 48 +48 10 00 I1153
15 52 30 +70 23 00 I1154 Gx 1.8 15p
16 00 36 +15 42 00 I1155 Gx 1.3
16 00 36 +19 44 00 I1156 Gx 15p
16 01 00 +15 31 00 I1157 Gx 0.6 16p
16 01 30 +01 42 59 I1158 Gx 2.9 13p
16 01 00 +15 25 00 I1159
16 01 06 +15 29 00 I1160
16 01 18 +15 39 00 I1161 Gx 0.6 15p
16 01 18 +17 41 00 I1162 Gx 15p
16 01 30 +15 29 59 I1163 Gx 0.2 15p
15 55 06 +70 35 00 I1164
16 02 06 +15 42 00 I1165
16 02 06 +26 20 00 I1166 Gx 15p
16 03 54 +14 57 00 I1167 Gx 0.5
16 04 00 +14 53 59 I1168 Gx 0.5 16p
16 04 12 +13 44 59 I1169 Gx 1.0 14p
16 04 30 +17 43 00 I1170 Gx 0.3
16 04 54 +17 59 00 I1171 S*
16 04 54 +17 52 00 I1172 Gx 15p
16 05 12 +17 25 00 I1173 Gx 1.3
16 05 24 +15 02 00 I1174 Gx 1.0 14p
16 05 18 +18 08 00 I1175 ?
16 05 24 +17 58 00 I1176 Gx 15p
16 05 18 +18 19 00 I1177 Gx
16 05 30 +17 36 00 I1178 Gx 1.4
16 05 24 +17 45 00 I1179 Gx 0.6 16p
16 05 24 +18 07 00 I1180 ?
16 05 36 +17 35 00 I1181 Gx 1.1
16 05 36 +17 48 00 I1182 Gx 0.6 16p
16 05 36 +17 46 00 I1183 Gx 0.9 14.3
16 05 42 +17 47 00 I1184 Gx 0.1 16p
16 05 42 +17 43 00 I1185 Gx 0.8 13.9
16 05 42 +17 22 00 I1186 Gx 0.8
15 59 18 +70 34 00 I1187 Gx 0.3 16p
16 06 06 +17 27 00 I1188 Gx 0.5
16 06 12 +18 11 00 I1189 Gx 0.6
16 06 18 +18 14 00 I1190 ?
16 06 30 +18 16 00 I1191 Gx 0.5
16 06 36 +17 46 00 I1192 Gx 0.7
16 06 30 +17 43 00 I1193 Gx 0.4
16 06 42 +17 45 59 I1194 Gx 0.5 14.3
16 06 42 +17 11 59 I1195 Gx 0.6
16 08 00 +10 47 00 I1196 Gx 1.1 15p
16 08 18 +07 32 00 I1197 Gx 2.8 15p
16 08 36 +12 20 00 I1198 Gx 0.6 15p
16 10 36 +10 02 00 I1199 Gx 1.3 15p
16 04 30 +69 42 00 I1200 Gx 1.4 14p
16 05 48 +69 37 00 I1201 Gx 1.1 16p
16 13 00 +09 52 00 I1202 Gx 1.7 14p
16 15 18 -22 20 00 I1203
16 07 06 +69 56 00 I1204
16 14 18 +09 31 00 I1205 Gx 0.6 15p
16 15 18 +11 18 00 I1206 Gx 1.1 15p
16 19 24 -29 39 01 I1207
16 15 42 +36 32 00 I1208 Gx 15p
16 18 42 +15 34 00 I1209 Nb 0.3
16 14 30 +62 32 59 I1210 Gx 1.6 14p
16 16 48 +53 01 00 I1211 Gx 1.2 14p
16 15 30 +64 14 00 I1212 Gx 15p
16 22 00 -01 31 01 I1213
16 16 12 +65 58 00 I1214 Gx 1.1 15p
16 15 36 +68 25 00 I1215 Gx 1.3 14p
16 16 00 +68 22 00 I1216 Gx 1.1 15p
16 16 06 +69 41 00 I1217
16 16 48 +68 13 00 I1218 Gx 0.9 15p
16 24 24 +19 28 00 I1219 Gx 1.4 15p
16 29 12 +08 27 00 I1220
16 34 42 +46 24 00 I1221 Gx 1.3 15p
16 35 06 +46 13 00 I1222 Gx 1.9
16 35 24 +49 16 00 I1223
16 42 54 +19 15 00 I1224 Gx 0.7 15p
16 36 54 +67 38 00 I1225 Gx 1.5 15p
16 41 06 +46 00 00 I1226 Gx 15p
16 40 06 +58 37 00 I1227 ?
16 42 00 +65 34 00 I1228 Gx 1.6 14p
16 45 00 +51 17 00 I1229 Gx 1.0 15p
16 45 18 +51 13 00 I1230
16 46 54 +58 27 00 I1231 Gx 2.4 14p
16 49 06 +46 04 59 I1232
16 48 24 +63 09 00 I1233
16 52 54 +56 54 00 I1234
16 52 06 +63 07 00 I1235 Gx 15p
16 58 30 +20 01 59 I1236 Gx 1.2
16 56 18 +55 02 00 I1237 Gx 2.1
17 00 36 +23 05 00 I1238
17 00 48 +23 01 00 I1239 Gx 2.1 14p
17 01 00 +61 02 59 I1240
17 01 24 +63 42 00 I1241 Gx 1.7 14p
17 08 42 +04 02 00 I1242 Gx 1.0 15p
17 10 36 +10 47 00 I1243 ?
17 10 36 +36 17 00 I1244 Gx 1.2 15p
17 12 36 +38 02 00 I1245 Gx 1.7 15p
17 14 18 +20 14 00 I1246
17 16 24 -12 47 00 I1247 S*
17 11 48 +60 00 00 I1248 Gx 1.5
17 14 54 +35 31 00 I1249 Gx 15p
17 14 24 +57 25 00 I1250
17 10 06 +72 24 00 I1251 Gx 1.7 14p
17 15 48 +57 23 00 I1252
17 19 48 +18 40 00 I1253
17 11 30 +72 24 00 I1254 Gx 1.9 13.9
17 23 06 +12 41 00 I1255 Gx 1.1 14p
17 23 48 +26 28 00 I1256 Gx 1.7 14p
17 27 06 -07 06 00 I1257
17 27 18 +58 31 00 I1258 Gx 1.2
17 27 24 +58 33 00 I1259 Gx 1.5
17 27 24 +58 29 00 I1260
17 23 30 +71 17 00 I1261
17 33 00 +43 45 00 I1262 Gx 1.5 15p
17 33 06 +43 49 00 I1263 Gx 1.7 15p
17 33 18 +43 38 00 I1264 Gx 1.4 16p
17 36 42 +42 05 00 I1265 Gx 2.1 14p
17 45 36 -46 06 00 I1266
17 38 42 +59 23 00 I1267 Gx 1.7
17 50 42 +17 13 00 I1268
17 52 06 +21 34 00 I1269 Gx 1.9
17 47 48 +62 13 00 I1270 S*
18 05 30 -24 27 01 I1271
18 04 54 +25 05 00 I1272 OC
18 05 00 +25 07 00 I1273 OC
18 09 30 -23 44 00 I1274 Nb 9
18 10 00 -23 50 01 I1275 Nb 10
18 10 42 -07 12 00 I1276 Gb 7.1
18 10 12 +30 59 59 I1277 OC
18 10 30 +31 09 00 I1278
18 11 06 +36 02 00 I1279
18 12 12 +25 40 00 I1280 Gx 0.4 15p
18 11 36 +36 01 00 I1281 ?
18 14 06 +21 06 00 I1282 ?
18 17 18 -19 44 00 I1283 Nb
18 17 42 -19 40 00 I1284 Nb 10
18 16 06 +25 06 00 I1285 OC
18 16 12 +55 34 00 I1286 Gx 1.5 15p
18 31 18 -10 50 00 I1287 Nb 44
18 29 24 +39 43 00 I1288 Gx 1.3 14p
18 29 48 +40 00 00 I1289
18 38 30 -24 07 00 I1290
18 33 54 +49 16 00 I1291 Gx 2.4 14p
18 44 48 -27 49 01 I1292
18 41 42 +56 19 00 I1293
18 49 54 +40 15 00 I1294
18 54 36 -08 50 00 I1295 Pl 1.4 15p
18 53 18 +33 04 00 I1296 Gx 1.3 15p
19 17 24 -39 37 00 I1297 Pl 0.1
19 18 30 -01 37 00 I1298 OC
19 22 36 +20 45 00 I1299 OC
19 24 06 +52 39 00 I1300 ?
19 26 36 +49 45 00 I1301 Gx 1.4
19 30 54 +35 47 00 I1302 Gx 1.0 13.3
19 31 30 +35 53 00 I1303 Gx 1.5 14.2
19 35 30 +41 02 00 I1304
19 39 18 +20 13 00 I1305
19 41 42 +37 39 00 I1306 ?
19 42 48 +27 29 59 I1307 ?
19 45 06 -14 43 00 I1308
20 03 06 -17 14 00 I1309 Gx 2.0
20 10 00 +34 58 00 I1310
20 10 18 +41 13 00 I1311 CN 60 13p
20 16 48 +18 01 00 I1312
20 18 42 -16 57 00 I1313 Gx 2.6
20 17 42 +25 11 00 I1314
20 17 24 +30 41 00 I1315
20 22 24 +06 32 00 I1316
20 23 18 +00 40 00 I1317 Gx 0.9 13.4
20 22 12 +40 15 00 I1318 240
20 26 00 -18 31 00 I1319 Gx 0.6 14p
20 26 24 +02 55 00 I1320 Gx 1.0 14p
20 28 12 -18 18 00 I1321 Gx 0.6 15p
20 30 06 -15 13 00 I1322
20 30 30 -15 11 00 I1323 D*
20 32 12 -09 04 00 I1324
20 32 48 +09 53 00 I1325
20 33 00 +09 54 00 I1326
20 35 42 +00 01 00 I1327 Gx 15p
20 42 00 -19 38 00 I1328 Gx 0.8 15p
20 43 42 +15 35 00 I1329
20 46 18 -14 02 00 I1330 Gx 0.8 15p
20 47 54 -09 59 00 I1331 Gx 1.8 14p
20 51 54 -13 43 00 I1332 Gx 0.8 15p
20 52 18 -16 15 01 I1333
20 52 12 -16 17 01 I1334 Gx 1.1 15p
20 53 06 -16 20 00 I1335
20 55 06 -18 04 00 I1336 Gx 0.6 15p
20 56 54 -16 35 00 I1337
20 57 00 -16 30 00 I1338
20 57 54 -17 57 00 I1339 Gx 1.9
20 56 12 +31 04 00 I1340 Nb 25
21 00 24 -13 58 00 I1341 Gx 0.5 15p
21 00 24 -14 30 00 I1342
21 01 12 -15 24 00 I1343
21 01 18 -13 22 00 I1344 Gx 0.6 15p
21 01 24 -13 24 00 I1345
21 01 42 -13 52 00 I1346
21 01 42 -13 19 00 I1347 Gx 1.3
21 01 42 -13 21 00 I1348
21 01 48 -13 16 01 I1349
21 02 00 -13 51 01 I1350 Gx 0.6 15p
21 01 54 -13 12 01 I1351
21 01 54 -13 23 01 I1352
21 01 54 -13 16 01 I1353
21 02 00 -13 45 01 I1354
21 02 00 -13 10 01 I1355
21 02 54 -15 48 00 I1356
21 05 54 -10 43 00 I1357
21 06 30 -16 12 00 I1358
21 08 42 +12 26 59 I1359 Gx 1.1 15p
21 10 48 +05 04 00 I1360 Gx
21 11 30 +05 03 00 I1361 Gx 1.1 15p
21 11 48 +02 20 00 I1362 Gx 16p
21 10 36 +46 51 00 I1363 ?
21 13 18 +02 47 00 I1364 Gx 0.3 15p
21 13 54 +02 35 00 I1365 Gx 0.2 15p
21 14 06 +01 45 00 I1366 Gx 16p
21 14 12 +02 59 00 I1367 Gx 15p
21 14 18 +02 10 00 I1368
21 12 06 +47 44 00 I1369 OC 4 6.8
21 15 12 +02 12 00 I1370 Gx 15p
21 20 18 -04 53 00 I1371 Gx 0.8 15p
21 20 18 -05 37 00 I1372
21 20 36 +01 05 00 I1373 Gx 0.3 15p
21 21 00 +01 43 00 I1374 Gx 16p
21 21 00 +04 00 00 I1375 Gx 15p
21 24 42 -05 45 00 I1376
21 25 24 +04 19 00 I1377 Gx 0.6 14p
21 23 00 +55 27 00 I1378
21 26 00 +03 06 00 I1379 Gx 16p
21 27 06 +02 43 00 I1380 Gx 15p
21 27 36 -01 11 00 I1381 Gx 0.5 15p
21 26 54 +18 39 00 I1382
21 27 42 -01 05 00 I1383 Gx 16p
21 27 48 -01 22 00 I1384 Gx 0.6 14p
21 28 54 -01 04 00 I1385 Gx 0.4 15p
21 29 36 -21 12 00 I1386 Gx 2.1
21 29 36 -01 21 00 I1387 Gx 0.4 15p
21 29 54 -00 38 01 I1388 Gx 0.4 15p
21 32 06 -18 01 00 I1389
21 32 30 -01 52 00 I1390 Gx 15p
21 35 06 -00 30 00 I1391 Gx 16p
21 35 36 +35 24 00 I1392 Gx 1.7 13p
21 40 12 -22 25 00 I1393
21 40 12 +14 38 00 I1394 Gx 0.8 15p
21 41 42 +04 07 00 I1395 Gx 15p
21 39 06 +57 30 00 I1396 CN 170 3.5
21 44 00 -04 53 00 I1397
21 45 54 +09 28 00 I1398 Gx 0.8 15p
21 46 06 +04 24 00 I1399 Gx 16p
21 44 12 +52 57 00 I1400
21 46 54 +01 42 00 I1401 Gx 2.2
21 44 48 +53 16 00 I1402
21 50 30 -02 43 00 I1403
21 50 54 -09 16 00 I1404
21 50 48 +02 01 00 I1405 Gx 1.0 15p
21 51 00 +01 59 00 I1406 Gx 15p
21 52 18 +03 26 00 I1407 Gx 15p
21 53 12 -13 21 00 I1408 Gx 0.6 15p
21 53 18 -07 30 00 I1409
21 56 00 -02 53 00 I1410
21 56 06 -01 31 00 I1411 Gx 0.9 14p
21 58 18 -17 11 00 I1412 Gx 1.6
21 58 30 -03 06 01 I1413
21 58 18 +08 24 00 I1414
21 58 42 +01 21 00 I1415 S*
21 58 48 +01 27 00 I1416
22 00 24 -13 09 00 I1417 Gx 1.4
22 02 00 +04 21 00 I1418 Gx 0.8 14p
22 03 00 -09 55 00 I1419
22 02 36 +19 45 00 I1420 Gx 1.6 14p
22 03 06 -09 57 01 I1421 Gx 0.3 15p
22 03 00 +02 37 00 I1422 Gx 16p
22 03 12 +04 17 59 I1423 Gx 1.1 15p
22 03 12 +11 12 59 I1424 Gx 1.0 15p
22 03 24 +02 37 00 I1425 Gx 15p
22 03 54 -09 55 00 I1426
22 03 18 +15 06 59 I1427
22 04 24 +02 38 00 I1428 Gx 16p
22 06 54 +10 06 00 I1429
22 08 30 -13 34 00 I1430
22 07 42 -13 30 00 I1431
22 10 06 +03 41 00 I1432
22 12 12 -12 46 00 I1433 Gx 0.4 15p
22 10 30 +52 50 00 I1434 OC 8 9p
22 13 30 -22 06 00 I1435 Gx 0.9 14p
22 13 54 -10 11 00 I1436 Gx 0.2 15p
22 15 42 +02 03 00 I1437 Gx 1.1 15p
22 16 30 -21 26 00 I1438 Gx 2.4
22 16 42 -21 29 00 I1439 Gx 1.8
22 16 30 -16 00 00 I1440 Gx 0.6 15p
22 15 18 +37 18 00 I1441 Gx 0.9
22 16 30 +54 03 00 I1442 OC 9.1
22 19 06 -20 56 00 I1443 Gx 1.7
22 22 18 +05 08 00 I1444 Gx 1.1 16p
22 25 30 -17 15 00 I1445 Gx 2.1
22 29 06 -01 12 00 I1446
22 30 00 -05 09 00 I1447
22 34 36 -12 56 00 I1448 Gx 1.0 14p
22 35 06 -08 47 00 I1449
22 38 00 +34 33 00 I1450 S*
22 46 12 -10 22 00 I1451 Gx 0.4 15p
22 45 54 +16 51 00 I1452
22 46 48 -13 27 00 I1453 Gx 0.6 15p
22 42 36 +80 27 00 I1454 Pl 0.6 15p
22 53 54 +01 23 00 I1455 Gx 1.0 15p
22 55 18 -12 43 00 I1456
22 55 24 -05 33 00 I1457 S*
22 56 48 -07 23 00 I1458 Gx 1.2 14p
22 57 12 -36 28 01 I1459 Gx 10.0
22 57 06 +04 41 00 I1460 Gx 0.4 14.4
22 58 36 +15 10 00 I1461 Gx
22 58 36 +08 24 00 I1462
22 59 18 -10 32 00 I1463 D*
23 03 12 -09 00 00 I1464
23 02 54 +16 35 00 I1465 OC
23 03 42 -02 46 00 I1466
23 04 54 -03 13 00 I1467 Gx 0.7 15p
23 05 12 -03 11 00 I1468 Gx 0.6 15p
23 06 30 -13 32 01 I1469
23 05 12 +60 15 00 I1470 Nb 15
23 08 42 -12 39 00 I1471 Gx 0.7 14p
23 09 12 +17 14 00 I1472 Gx 0.9 15p
23 11 06 +29 38 00 I1473 Gx 2.1 14p
23 12 48 +05 47 00 I1474 Gx 1.1 15p
23 14 00 -28 25 00 I1475
23 15 18 +30 33 00 I1476 OC
23 17 12 -06 56 00 I1477 Gx 0.6 15p
23 18 12 +10 18 00 I1478 Gx 1.7 15p
23 18 42 -10 25 00 I1479 Gx 0.8 14p
23 19 00 +11 19 00 I1480 OC
23 19 24 +05 54 00 I1481 Gx 0.9 14p
23 20 48 +01 44 00 I1482 Gx 0.3 14p
23 22 24 +11 18 00 I1483 Gx 0.6 15p
23 22 42 +11 23 00 I1484
23 22 42 +11 21 00 I1485 Gx 0.3 15p
23 23 48 +09 39 00 I1486 Gx 1.6 13p
23 24 36 +14 38 00 I1487
23 24 48 +15 20 00 I1488
23 26 30 -12 31 00 I1489 Gx 0.4 14p
23 29 00 -04 08 00 I1490
23 29 24 -16 18 00 I1491 Gx 0.5 15p
23 30 42 -03 02 00 I1492 Gx 0.8 14p
23 30 30 +14 27 00 I1493
23 30 48 -12 44 00 I1494
23 30 48 -13 30 00 I1495 Gx 1.0 13p
23 30 42 -02 57 00 I1496
23 28 48 +11 59 00 I1497
23 32 00 -05 00 00 I1498 Gx 1.4 14p
23 32 00 -13 27 00 I1499 D*
23 33 18 +04 34 00 I1500 Gx 15p
23 34 48 -03 08 00 I1501 Gx 1.0 14p
23 36 12 +75 40 00 I1502 Gx 1.3 15p
23 38 30 +04 49 00 I1503 Gx 1.0 14p
23 41 18 +04 02 00 I1504 Gx 1.9 14p
23 41 36 -03 34 00 I1505
23 44 48 +04 44 00 I1506 Gx 0.6 15p
23 45 36 +01 42 00 I1507 Gx 1.4 15p
23 45 54 +12 04 00 I1508 Gx 2.0
23 47 12 -15 17 00 I1509 Gx 1.3 15p
23 50 42 +02 07 00 I1510 Gx 0.6 15p
23 51 00 +27 05 00 I1511
23 51 00 +27 03 00 I1512
23 53 30 +11 20 00 I1513 Gx 1.0 15p
23 54 12 -13 35 00 I1514 Gx 0.8 15p
23 56 12 -00 59 00 I1515 Gx 1.2
23 56 18 -00 55 00 I1516 Gx 1.6
23 56 24 -00 17 00 I1517 Gx 15p
23 57 06 +12 28 00 I1518
23 57 06 +12 28 00 I1519
23 58 00 -14 02 00 I1520 Gx 0.5 14p
23 59 00 -07 09 00 I1521
23 59 06 +01 43 00 I1522 Gx 15p
23 59 06 +06 52 00 I1523
23 59 18 -04 09 00 I1524 Gx 1.9
23 59 24 +46 54 00 I1525 Gx 2.1
00 01 36 +11 21 00 I1526 Gx 15p
00 02 24 +04 07 00 I1527
00 05 06 -03 07 00 I1528
00 05 12 -11 30 00 I1529
00 07 18 +32 37 00 I1530 Gx 1.8
00 09 36 -32 17 00 I1531 Gx 1.9
00 09 54 -64 22 00 I1532 Gx 1.6
00 10 36 -07 25 00 I1533
00 13 48 +48 09 00 I1534
00 14 00 +48 09 00 I1535
00 14 12 +48 08 00 I1536 Gx 0.7 15p
00 16 00 -39 19 00 I1537
00 18 00 +30 04 00 I1538 ?
00 18 24 +30 06 00 I1539
00 19 48 +23 43 00 I1540
00 20 00 +22 01 00 I1541 Gx 15p
00 20 36 +22 37 00 I1542 Gx 0.7 15p
00 20 54 +21 53 00 I1543 Gx 0.8 14p
00 21 18 +23 02 00 I1544
00 21 18 +21 59 00 I1545
00 21 30 +22 30 00 I1546
00 21 36 +22 31 00 I1547 ?
00 21 54 +22 01 00 I1548 Gx 16p
00 23 12 +06 59 00 I1549
00 24 24 +38 12 00 I1550 Gx 0.6 15p
00 27 36 +08 53 00 I1551 Gx 2.7 15p
00 29 36 +21 29 00 I1552 Gx 1.1 15p
00 32 42 -25 35 00 I1553 Gx 1.0 14p
00 33 06 -32 16 00 I1554 Gx 1.6
00 34 36 -30 01 00 I1555 Gx 1.5
00 35 06 -09 34 00 I1556 ?
00 35 30 -02 51 00 I1557 Gx 0.6 16p
00 35 48 -25 22 00 I1558 Gx 3.4
00 36 54 +23 59 00 I1559 Gx 0.9
00 37 42 +02 40 00 I1560
00 38 30 -24 20 00 I1561 Gx 1.3 14p
00 38 36 -24 17 00 I1562 Gx 2.1
00 39 00 -09 01 00 I1563 Gx 0.6
00 39 12 +05 58 00 I1564
00 39 24 +06 43 00 I1565 Gx 1.7
00 39 24 +06 48 00 I1566 Gx 0.6 15p
00 39 36 +06 37 00 I1567
00 39 54 +06 50 00 I1568 Gx 0.8 15p
00 40 24 +06 42 00 I1569 Gx 0.2 15p
00 40 36 +06 45 00 I1570
00 40 42 -00 19 00 I1571 Gx 1.3 15p
00 41 12 +16 16 00 I1572
00 42 12 -23 32 00 I1573
00 43 06 -22 15 00 I1574 Gx 2.5
00 43 36 -04 09 00 I1575
00 44 12 -25 06 00 I1576 Gx 0.6 15p
00 44 36 -08 08 00 I1577
00 44 30 -25 04 00 I1578 Gx 0.6 14p
00 45 36 -26 34 00 I1579 Gx 0.8 15p
00 46 18 +29 55 00 I1580
00 46 06 -25 54 00 I1581
00 46 18 -24 18 00 I1582 Gx 1.2 15p
00 47 12 +23 05 00 I1583
00 47 24 +27 49 00 I1584 Gx 1.8 15p
00 47 18 +23 03 00 I1585
00 47 54 +22 22 00 I1586 Gx
00 48 48 -23 34 00 I1587 Gx 0.8 15p
00 51 00 -23 33 00 I1588
00 51 30 -34 28 00 I1589
00 53 06 +56 35 00 I1590 OC
00 52 06 -22 41 00 I1591 Gx 1.3
00 53 30 +05 46 00 I1592 Gx 1.1 15p
00 54 42 +32 30 00 I1593
00 53 42 -47 39 00 I1594 Gx 1.2
00 53 48 -45 11 00 I1595 Gx 1.2
00 54 42 +21 31 00 I1596 Gx 2.5 15p
00 53 30 -58 07 00 I1597 Gx 1.4
00 54 42 +05 46 00 I1598 Gx 1.3 15p
00 54 30 -23 29 00 I1599 Gx 0.8 15p
00 55 00 -23 31 00 I1600 Gx 0.7 15p
00 55 36 -24 09 00 I1601
00 55 54 -09 59 00 I1602 Gx 0.7 14p
00 57 00 -45 25 00 I1603 Gx 1.3
00 58 00 -16 15 00 I1604
00 57 36 -48 54 00 I1605 Gx 1.6
00 58 24 -12 11 00 I1606
00 58 54 +00 36 00 I1607 Gx 1.1 14p
00 59 24 -34 20 00 I1608 Gx 1.7
00 59 48 -40 20 00 I1609 Gx 1.4
01 01 42 -15 34 00 I1610 Gx 1.2 14p
00 59 42 -72 21 00 I1611
01 00 00 -72 23 00 I1612
01 04 48 +02 07 00 I1613 Gx 12.0 9.3
01 05 06 +33 13 00 I1614
01 04 06 -51 08 00 I1615 Gx 1.2
01 04 54 -27 26 00 I1616 Gx 1.7
01 04 18 -51 02 00 I1617 Gx 1.5
01 06 00 +32 25 00 I1618 Gx 1.2 16p
01 07 24 +33 04 00 I1619 Gx 15p
01 07 06 +13 58 00 I1620 Gx 1.2 14p
01 06 24 -46 43 00 I1621
01 07 30 -17 30 00 I1622
01 07 42 -17 28 00 I1623
01 05 18 -72 02 00 I1624
01 07 42 -46 54 00 I1625 Gx 2.1
01 06 06 -73 17 00 I1626
01 08 12 -46 06 00 I1627 Gx 2.5
01 08 48 -28 35 00 I1628 Gx 1.4
01 09 24 +02 34 00 I1629 Gx 16p
01 08 18 -46 45 00 I1630 Gx 1.7
01 08 48 -46 29 00 I1631 Gx 1.3
01 10 42 +17 41 00 I1632
01 09 54 -45 56 00 I1633 Gx 3.0
01 11 06 +17 39 00 I1634
01 11 06 +17 39 00 I1635
01 11 36 +33 21 00 I1636
01 11 00 -30 26 00 I1637 Gx 1.8
01 12 18 +33 21 00 I1638 Gx 0.4 15p
01 11 48 -00 39 00 I1639 Gx 0.8 14p
01 11 54 -00 37 00 I1640 Gx 15p
01 09 18 -71 46 00 I1641
01 12 24 +15 45 00 I1642
01 12 12 -00 24 00 I1643 Gx 15p
01 09 12 -73 12 00 I1644
01 12 30 +15 44 00 I1645
01 12 42 +15 41 00 I1646 Gx 0.5 15p
01 13 12 +38 53 00 I1647 Gx 15p
01 13 42 +33 13 00 I1648
01 11 48 -55 51 00 I1649 Gx 1.6
01 12 18 -50 24 00 I1650 Gx 1.5
01 13 30 +02 06 00 I1651
01 15 00 +31 58 00 I1652 Gx 1.4 14p
01 15 06 +33 23 00 I1653 Gx 1.1 13.5
01 15 12 +30 12 00 I1654 Gx 1.6 14p
01 11 54 -71 20 00 I1655 OC
01 15 36 +33 05 00 I1656
01 14 06 -32 39 00 I1657 Gx 2.1
01 15 48 +31 05 00 I1658
01 16 06 +30 21 00 I1659 Gx 1.6 15p
01 12 36 -71 45 00 I1660
01 16 12 +33 05 00 I1661
01 12 36 -73 27 00 I1662 OC
01 14 06 -32 39 00 I1663
01 14 18 -69 48 00 I1664 ?
01 17 42 +34 42 01 I1665
01 18 30 +32 28 00 I1666
01 17 36 -17 06 59 I1667
01 18 48 +33 11 00 I1668 Gx 16p
01 20 06 +33 12 00 I1669 Gx 16p
01 19 12 -16 51 00 I1670
01 19 36 -17 06 00 I1671
01 20 42 +29 42 00 I1672 Gx 1.8 14p
01 20 48 +33 01 00 I1673
01 19 00 -50 39 00 I1674
01 21 00 +34 16 00 I1675 Gx 0.8 14p
01 21 00 +30 16 00 I1676 Gx 16p
01 21 12 +33 14 00 I1677 Gx 0.9 15p
01 21 00 +05 34 00 I1678 Gx 15p
01 21 48 +33 28 00 I1679 Gx 0.5 15p
01 21 54 +33 18 00 I1680 Gx 0.6 15p
01 21 24 +00 05 00 I1681 Gx 15p
01 22 12 +33 13 00 I1682
01 22 36 +34 27 00 I1683 Gx 1.7 14p
01 22 54 +33 23 00 I1684
01 23 00 +33 11 00 I1685 Gx 1.9 13p
01 23 12 +33 26 00 I1686
01 23 24 +33 17 00 I1687 Gx 0.4 16p
01 23 24 +33 04 00 I1688
01 23 48 +33 04 00 I1689 Gx 0.7 15p
01 23 48 +33 10 00 I1690 Gx 15p
01 24 30 +33 23 00 I1691
01 24 36 +33 15 00 I1692 Gx 16p
01 24 00 -01 39 00 I1693 Gx
01 24 48 +01 36 00 I1694 Gx 15p
01 25 00 +08 44 00 I1695
01 24 54 -01 37 00 I1696 Gx 1.4
01 25 06 +00 27 00 I1697 Gx 15p
01 25 24 +14 51 00 I1698
01 25 24 +14 57 00 I1699
01 25 30 +14 52 00 I1700
01 25 48 +18 11 00 I1701 Gx 1.6 15p
01 25 54 +16 36 00 I1702 Gx 1.5 14p
01 26 24 -01 38 00 I1703 Gx 2.3
01 26 54 +14 43 00 I1704
01 26 42 -03 30 00 I1705
01 27 12 +14 47 00 I1706 Gx 1.4
01 28 48 +33 36 00 I1707
01 24 54 -71 11 00 I1708
01 27 54 -35 43 00 I1709 Gx 2.7
01 30 48 +21 26 00 I1710
01 30 54 +17 11 00 I1711 Gx 2.7 15p
01 31 24 -06 52 00 I1712
01 32 42 +35 20 00 I1713 Gx 2.2 13p
01 32 54 -13 30 00 I1714
01 33 36 +12 34 00 I1715 Gx 0.8 14p
01 33 30 -12 19 00 I1716 S*
01 32 30 -67 32 00 I1717
01 38 24 +33 21 00 I1718
01 37 36 -33 55 00 I1719 Gx 2.1
01 40 24 -28 55 00 I1720 Gx 1.3
01 41 24 +08 30 00 I1721 Gx 1.2 14p
01 43 00 -34 11 00 I1722 Gx 1.8
01 43 12 +08 53 00 I1723 Gx 3.5
01 43 12 -34 15 00 I1724 Gx 1.6
01 45 12 +21 47 00 I1725
01 45 18 +04 37 00 I1726 Gx 15p
01 47 30 +27 20 00 I1727 Gx 6.2 11.6
01 47 42 -33 36 00 I1728 Gx 1.4
01 47 54 -26 53 00 I1729 Gx 1.9
01 50 00 +21 58 00 I1730 Gx 0.6 15p
01 50 12 +27 12 00 I1731 Gx 1.7
01 50 48 +35 55 00 I1732 Gx 1.7 15p
01 50 42 +33 06 00 I1733
01 49 18 -32 45 00 I1734 Gx 1.5
01 50 54 +33 06 00 I1735
01 50 54 +18 18 00 I1736 Gx 1.4 15p
01 51 42 +36 15 01 I1737
01 51 06 -09 47 00 I1738 Gx 1.2
01 50 24 -34 03 00 I1739
01 51 18 -29 57 00 I1740
01 51 54 -16 46 59 I1741 Gx 0.7 14p
01 53 12 +22 43 00 I1742 Gx 0.7 15p
01 52 54 +12 43 00 I1743 Gx 2.1
01 53 36 +19 50 00 I1744 Gx 1.4 15p
01 53 00 -16 40 00 I1745
01 54 18 +04 48 00 I1746 Gx 1.9
01 57 36 +63 20 00 I1747 Pl 0.2 14p
01 56 06 +17 39 00 I1748 Gx 1.2 15p
01 56 12 +06 45 00 I1749 Gx 1.2 15p
01 56 24 +04 05 00 I1750 Gx 1.1 15p
01 56 24 +05 38 00 I1751
01 57 18 +28 37 00 I1752
01 57 18 +28 36 00 I1753
01 56 54 +04 02 00 I1754 Gx 1.1 15p
01 57 12 +14 34 00 I1755 Gx 1.6 15p
01 57 00 -00 28 00 I1756
01 57 06 -00 29 00 I1757
01 56 54 -16 32 00 I1758
01 57 54 -32 59 00 I1759 Gx 1.8
01 57 30 -32 00 00 I1760
01 58 54 +00 34 00 I1761 Gx 15p
01 57 48 -33 14 00 I1762 Gx 1.7
01 58 48 -27 47 00 I1763
02 00 24 +24 34 00 I1764 Gx 1.7 14p
02 00 36 +31 51 00 I1765
02 01 12 +31 47 01 I1766
02 00 00 -11 07 00 I1767
02 00 48 -25 02 00 I1768 Gx 1.9
02 00 54 -31 55 00 I1769
02 02 12 +09 59 00 I1770
02 02 18 +09 58 00 I1771
02 02 36 +07 44 00 I1772 Gx 0.6 15p
02 04 00 +30 49 00 I1773 Gx 1.4 15p
02 03 54 +15 18 00 I1774 Gx 2.1 15p
02 05 18 +13 31 00 I1775 Gx 0.6 15p
02 05 12 +06 06 00 I1776 Gx 2.3 14p
02 06 06 +15 12 00 I1777 Gx 16p
02 06 18 +09 13 00 I1778
02 06 30 +03 41 00 I1779 Gx 15p
02 07 00 +14 44 00 I1780 Gx 0.6 15p
02 06 54 -00 31 00 I1781 Gx 15p
02 07 18 -25 27 00 I1782 Gx 2.2
02 10 06 -32 56 00 I1783 Gx 13p
02 16 12 +32 39 00 I1784 Gx 1.6 13.2
02 16 24 +32 39 00 I1785
02 16 00 +05 09 00 I1786 Gx 15p
02 16 12 -11 57 00 I1787
02 15 48 -31 12 00 I1788 Gx 2.5 12.4
02 18 12 +32 24 01 I1789
02 17 36 +12 30 00 I1790
02 17 42 +12 29 00 I1791 Gx 1.2 15p
02 19 00 +34 29 00 I1792 Gx 1.7 15p
02 21 36 +32 34 00 I1793 Gx 1.8 15p
02 21 30 +15 46 00 I1794 Nb
02 26 30 +62 04 00 I1795 Nb 20
02 22 48 -41 22 00 I1796 Gx 1.5
02 25 30 +20 24 00 I1797 Gx 1.2 15p
02 26 18 +13 27 00 I1798
02 28 42 +45 58 00 I1799 Gx 1.3 15p
02 28 36 +31 24 00 I1800 OC
02 28 12 +19 35 00 I1801
02 28 42 +23 07 00 I1802
02 29 18 +23 09 00 I1803
02 29 24 +23 10 00 I1804
02 32 42 +61 27 00 I1805 CN 60 6.5
02 29 36 +22 57 00 I1806
02 30 24 +22 57 00 I1807 Gx 16p
02 30 30 -04 14 00 I1808 Gx 0.6 14p
02 31 36 +22 55 00 I1809 Gx 1.2 15p
02 29 24 -43 04 00 I1810 Gx 1.4
02 30 36 -34 16 00 I1811 Gx 1.9
02 29 30 -42 49 00 I1812 Gx 2.1
02 30 48 -34 13 00 I1813 Gx 1.6
02 31 06 -36 02 00 I1814 Gx 2.1
02 34 18 +32 26 00 I1815 Gx 2.0 14p
02 31 54 -36 40 00 I1816 Gx 1.9
02 33 48 +11 12 00 I1817
02 34 06 -11 02 00 I1818
02 35 42 +04 03 00 I1819 Gx 15p
02 35 48 +06 03 00 I1820 Gx 15p
02 36 24 +13 46 00 I1821 Gx 15p
02 35 42 -08 34 00 I1822
02 38 36 +32 04 00 I1823 Gx 2.3 15p
02 41 18 +61 37 00 I1824 OC
02 38 54 +09 06 00 I1825 Gx 1.4 15p
02 39 06 -27 27 00 I1826 Gx 1.7
02 39 42 +01 33 00 I1827 Gx 1.2 14p
02 40 24 +19 18 00 I1828 Gx 1.6 13p
02 40 42 +19 19 01 I1829
02 39 06 -27 27 00 I1830 Gx 1.8 12.8
02 44 06 +63 36 01 I1831
02 41 54 +19 02 00 I1832 Gx 0.4 15p
02 41 36 -28 10 00 I1833 Gx 1.6
02 42 48 +03 07 00 I1834
02 43 48 +14 53 00 I1835
02 43 18 +03 06 00 I1836 Gx 15p
02 43 30 +00 07 00 I1837
02 44 42 +19 27 00 I1838 Gx 0.6 16p
02 44 48 +15 15 00 I1839 Gx 1.1 15p
02 43 48 -15 42 00 I1840 Gx 0.6 15p
02 45 36 +18 56 00 I1841 Gx 15p
02 45 24 +11 28 00 I1842 Gx 16p
02 45 24 +02 53 00 I1843 Gx 1.7 14p
02 45 48 +03 15 00 I1844 Gx 0.7 15p
02 44 54 -27 57 00 I1845
02 47 42 +13 15 01 I1846 Gx 1.1 15p
02 47 54 +14 30 01 I1847 Gx 16p
02 51 12 +60 26 01 I1848 CN 60 6.5
02 48 12 +09 22 00 I1849
02 48 42 +13 14 00 I1850
02 51 48 +58 19 00 I1851 ?
02 49 00 +13 13 00 I1852 Gx 1.3 15p
02 48 00 -13 59 00 I1853 Gx 0.8 14p
02 49 18 +19 18 00 I1854 Gx
02 49 18 +13 22 00 I1855
02 48 54 -00 46 00 I1856 Gx 1.3
02 49 42 +14 37 00 I1857 Gx 1.0 15p
02 49 06 -31 17 00 I1858 Gx 1.7
02 48 48 -31 11 00 I1859 Gx 1.2 14p
02 49 36 -31 11 00 I1860 Gx 1.9
02 53 18 +25 29 00 I1861
02 52 00 -33 20 00 I1862 Gx 3.2
02 54 54 +08 47 00 I1863 Gx 16p
02 53 12 -34 12 00 I1864
02 55 24 +08 49 00 I1865 Gx 1.6 15p
02 54 54 -15 38 00 I1866 Gx 0.4 14p
02 55 54 +09 18 00 I1867 Gx 2.2 15p
02 56 06 +09 21 00 I1868
02 58 06 +05 50 00 I1869 Gx 16p
02 57 54 -02 20 59 I1870 Gx 2.9
03 06 24 +60 41 00 I1871 ? 4
03 04 36 +42 49 00 I1872 OC
03 03 48 +09 31 00 I1873
03 06 24 +36 00 00 I1874 Gx 0.9 14p
03 03 54 -39 26 00 I1875 Gx 1.8
03 04 30 -27 26 00 I1876 Gx 0.7 14.4
03 03 12 -50 31 00 I1877 Gx 3.0
03 03 42 -52 06 00 I1878
03 03 54 -52 06 00 I1879
03 06 30 -09 43 00 I1880 Gx 1.0 15p
03 09 12 +38 38 00 I1881 Gx 3.0 16p
03 07 48 +03 09 00 I1882 Gx 1.0 15p
03 09 42 +40 54 00 I1883 Gx 1.1 16p
03 09 42 +40 59 00 I1884
03 06 42 -32 52 00 I1885 Gx 1.5
03 08 00 -04 24 00 I1886 Gx 0.3 15p
03 10 12 +40 45 00 I1887
03 11 00 +41 08 00 I1888
03 11 00 +40 37 00 I1889
03 10 00 +19 13 00 I1890 Gx 0.2 15p
03 10 12 +19 36 00 I1891
03 08 24 -23 03 00 I1892 Gx 1.9
03 10 18 +19 37 00 I1893
03 10 30 +19 36 01 I1894 Gx 16p
03 09 36 -25 15 00 I1895 Gx 1.8
03 08 00 -54 14 00 I1896
03 10 48 -10 49 00 I1897 Gx 0.5 14p
03 10 18 -22 24 00 I1898 Gx 3.2
03 11 48 -25 19 00 I1899
03 16 00 +37 08 00 I1900 Gx 0.6 15p
03 16 06 +37 07 00 I1901
03 16 12 +37 11 00 I1902 Gx 16p
03 13 06 -50 36 00 I1903
03 15 00 -30 43 00 I1904 Gx 1.8
03 18 48 +41 22 00 I1905 T*
03 16 06 -34 22 00 I1906 Gx 1.5
03 19 54 +41 33 00 I1907 Gx
03 15 06 -54 49 00 I1908 Gx 1.6
03 17 18 -33 41 00 I1909 Gx 1.3
03 18 00 -21 26 00 I1910
03 20 48 +35 18 00 I1911
03 16 48 -50 39 00 I1912
03 19 36 -32 27 59 I1913 Gx 1.7
03 19 24 -49 36 00 I1914 Gx 3.8
03 19 42 -50 41 59 I1915
03 20 18 -49 03 00 I1916
03 22 12 -53 12 00 I1917
03 26 12 +04 32 00 I1918 Gx 15p
03 26 00 -32 54 00 I1919 Gx 2.0
03 24 12 -52 43 00 I1920
03 24 42 -50 42 00 I1921
03 24 42 -50 44 00 I1922
03 24 48 -50 34 00 I1923
03 25 00 -51 41 00 I1924
03 25 18 -51 15 00 I1925
03 25 12 -51 41 00 I1926
03 25 12 -51 43 00 I1927
03 27 30 -21 34 00 I1928 Gx 1.5
03 25 30 -51 15 00 I1929
03 28 48 +04 24 00 I1930
03 28 48 +01 43 00 I1931 Gx 0.8 14p
03 25 54 -51 20 00 I1932
03 25 42 -52 47 00 I1933 Gx 2.5 13p
03 31 24 +42 48 01 I1934 Gx 1.3 16p
03 26 12 -50 01 00 I1935 Gx 1.3
03 26 24 -51 19 00 I1936
03 26 48 -48 42 00 I1937
03 27 12 -53 01 00 I1938
03 27 48 -51 04 00 I1939
03 27 42 -52 08 00 I1940
03 32 12 +24 26 00 I1941
03 28 00 -52 40 00 I1942
03 38 42 -44 06 00 I1943 Gx 2.1
03 29 42 -48 00 00 I1944
03 29 18 -52 38 00 I1945
03 29 24 -52 37 00 I1946
03 30 36 -50 19 00 I1947
03 30 54 -47 58 00 I1948
03 31 00 -47 59 00 I1949
03 31 06 -50 26 00 I1950 Gx 1.3
03 31 06 -53 08 00 I1951
03 33 24 -23 43 00 I1952 Gx 2.4
03 33 42 -21 29 00 I1953 Gx 2.8 12p
03 31 36 -51 55 00 I1954 Gx 3.6 12p
03 31 24 -57 12 59 I1955
03 35 36 +05 05 00 I1956 Gx 1.4 16p
03 32 12 -52 27 00 I1957
03 32 48 -51 27 00 I1958
03 33 12 -50 25 00 I1959 Gx 2.5
03 32 36 -57 12 00 I1960 Gx 1.2
03 33 36 -48 57 00 I1961
03 35 36 -21 17 00 I1962 Gx 2.3
03 35 30 -34 27 00 I1963 Gx 3.0
03 33 36 -53 10 00 I1964
03 33 12 -56 33 00 I1965 Gx 1.3
03 34 06 -51 19 00 I1966
03 37 42 +03 17 00 I1967 Gx 0.8 14p
03 34 42 -50 38 00 I1968
03 36 12 -45 11 00 I1969
03 36 30 -43 57 00 I1970 Gx 3.3
03 36 00 -52 38 00 I1971
03 36 24 -52 01 00 I1972
03 36 24 -51 59 00 I1973
03 36 42 -49 34 00 I1974
03 39 06 -15 30 00 I1975
03 37 12 -47 26 00 I1976
03 40 48 +17 45 00 I1977 Gx 1.7 15p
03 37 06 -50 08 59 I1978 Gx 1.2
03 36 42 -57 56 00 I1979
03 37 00 -57 58 00 I1980 Gx 1.2
03 40 30 -26 52 00 I1981 Gx 1.9
03 37 42 -57 47 00 I1982 Gx 1.4
03 40 54 -22 34 00 I1983 Gx 4.0
03 39 54 -47 04 59 I1984
03 44 36 +32 10 00 I1985
03 40 36 -45 22 00 I1986
03 40 12 -55 03 00 I1987 Gx 1.5
03 42 48 -39 53 00 I1988
03 41 54 -50 57 00 I1989 Gx 1.2
03 47 30 +24 37 00 I1990
03 44 42 -51 33 00 I1991
03 45 06 -51 01 00 I1992
03 47 06 -33 43 00 I1993 Gx 2.5
03 45 48 -51 40 00 I1994
03 50 18 +25 35 00 I1995
03 45 00 -57 20 00 I1996
03 44 54 -59 08 00 I1997 Gx 1.3
03 51 30 +01 11 00 I1998 Gx 16p
03 47 42 -56 57 00 I1999
