03 49 06 -48 52 00 I2000 Gx 3.8
03 50 54 -48 37 59 I2001
03 54 24 +10 43 00 I2002 Gx 1.4 15p
03 56 24 +33 52 00 I2003 Pl 0.1 13p
03 51 48 -49 25 00 I2004
03 57 36 +36 48 00 I2005 Gx 16p
03 54 06 -35 59 00 I2006 Gx 2.3 12p
03 55 24 -28 10 00 I2007 Gx 1.8
03 55 24 -28 10 00 I2008
03 53 36 -48 58 59 I2009 Gx 1.9
03 52 00 -59 56 00 I2010 Gx 1.2
03 52 30 -57 29 00 I2011
03 52 48 -58 38 00 I2012
03 56 42 -17 06 00 I2013
03 55 24 -56 45 00 I2014 Gx 1.4
03 58 00 -40 27 00 I2015
04 01 54 +20 13 00 I2016 Gx 16p
03 56 42 -59 24 00 I2017 Gx 1.3
03 57 54 -52 47 00 I2018 Gx 1.2
04 02 00 +05 38 00 I2019 Gx 1.1 15p
03 59 00 -54 03 00 I2020
03 59 24 -52 40 00 I2021
03 58 42 -59 02 00 I2022
03 59 42 -52 41 00 I2023
04 00 06 -53 22 00 I2024 Gx 1.1
04 00 24 -53 04 00 I2025 Gx 1.1
04 03 54 -11 11 00 I2026
04 06 42 +37 07 01 I2027 Gx 1.2 16p
04 01 18 -52 42 00 I2028 Gx 1.1
04 01 18 -52 48 00 I2029 Gx 1.3
04 04 54 -19 14 00 I2030
04 05 54 -05 37 00 I2031
04 07 06 -55 20 00 I2032 Gx 1.5
04 07 12 -53 41 00 I2033 Gx 1.3
04 06 36 -57 58 00 I2034 Gx 1.2
04 09 00 -45 31 00 I2035 Gx 12p
04 10 00 -39 42 00 I2036
04 08 18 -58 45 00 I2037 Gx 1.5
04 08 54 -56 00 00 I2038 Gx 1.7
04 09 00 -56 01 00 I2039 Gx 1.3
04 13 00 -32 33 00 I2040 Gx 1.6
04 12 36 -32 49 00 I2041 Gx 1.5
04 11 42 -47 16 00 I2042
04 11 12 -53 41 00 I2043 Gx 1.3
04 11 12 -54 31 00 I2044
04 14 36 -13 10 00 I2045
04 11 24 -54 40 00 I2046
04 14 54 -13 11 00 I2047
04 14 18 -33 07 00 I2048 ?
04 12 06 -58 33 00 I2049 Gx 1.1
04 13 54 -53 29 00 I2050 Gx 1.4
03 52 00 -83 50 00 I2051 Gx 2.6
04 15 00 -54 20 00 I2052
04 15 48 -49 22 00 I2053
04 07 12 -78 15 00 I2054
04 17 48 -48 55 00 I2055
04 16 30 -60 13 00 I2056 Gx 1.9 12p
04 21 54 +04 03 01 I2057 Gx 15p
04 17 54 -55 56 00 I2058 Gx 2.7
04 20 24 -31 44 00 I2059 Gx 1.4
04 17 54 -56 37 00 I2060 Gx 1.3
04 24 00 +21 05 00 I2061
04 32 48 +71 54 00 I2062 Gx 8.8 12p
04 22 54 -15 44 00 I2063
04 23 30 -15 41 00 I2064
04 21 30 -55 56 00 I2065 Gx 1.2
04 23 30 -54 45 00 I2066
04 30 48 +35 27 00 I2067
04 26 36 -42 06 00 I2068 Gx 1.3
04 25 54 -48 12 00 I2069
04 24 36 -57 58 59 I2070 Gx 1.7
04 26 12 -53 08 00 I2071
04 26 54 -48 22 00 I2072
04 26 36 -53 11 00 I2073 Gx 1.4
04 31 18 +07 42 00 I2074 OC
04 31 00 -05 48 00 I2075 Gx 2.0
04 28 06 -48 13 00 I2076
04 32 06 +00 34 00 I2077
04 31 54 -04 40 59 I2078
04 28 30 -53 44 00 I2079 Gx 1.3
04 32 18 -05 45 00 I2080
04 29 00 -53 37 00 I2081 Gx 1.5
04 29 06 -53 50 00 I2082 Gx 12.8
04 30 42 -53 59 00 I2083 Gx 1.1
04 32 06 -48 17 00 I2084
04 31 24 -54 25 00 I2085 Gx 2.4
04 31 36 -53 38 00 I2086
04 40 00 +25 44 00 I2087 Nb 4
04 43 42 +27 16 00 I2088
04 32 36 -75 33 00 I2089
04 44 42 -34 00 00 I2090
04 46 36 -04 40 59 I2091 At
04 46 48 -04 57 00 I2092 D*
04 47 36 -02 43 00 I2093 D*
04 48 24 -05 22 00 I2094
04 48 42 -05 08 00 I2095 Gx 1.3 15p
04 49 36 -04 59 00 I2096 T*
04 50 18 -05 05 00 I2097
04 50 42 -05 26 00 I2098 Gx 2.0 14p
04 50 48 -04 54 00 I2099 Gx 0.6 15p
04 51 12 -04 50 00 I2100 D*
04 51 36 -06 15 00 I2101 Gx 1.5 14p
04 51 54 -04 58 00 I2102 Gx 1.1 15p
04 39 48 -76 50 00 I2103 Gx 1.7
04 56 30 -15 47 00 I2104 Gx 2.2
04 49 24 -69 12 00 I2105 Nb
04 56 36 -28 30 00 I2106 Gx 2.0
04 58 18 +08 15 00 I2107 ?
04 57 18 -15 17 00 I2108 Gx 1.2 14p
04 59 00 -00 19 00 I2109
04 59 00 -00 19 00 I2110
04 51 54 -69 24 00 I2111 Nb
05 00 30 +04 23 00 I2112 Gx 15p
04 59 36 -15 50 00 I2113 Gx 2.3 13p
04 54 35 -69 12 00 I2114
04 57 06 -66 24 00 I2115 Nb
04 57 24 -66 25 00 I2116 Nb
04 57 12 -68 27 00 I2117 Nb
05 06 54 -07 13 00 I2118 Nb 180
05 07 12 -20 21 00 I2119
05 18 12 +37 36 00 I2120 Pl 0.8
05 19 42 -25 03 59 I2121 Gx 2.1
05 19 00 -37 05 00 I2122 Gx 2.0
05 21 54 +03 30 01 I2123
05 21 54 +03 30 01 I2124
05 24 24 -26 58 59 I2125
05 21 54 -67 57 00 I2126
05 21 54 -67 58 00 I2127
05 22 48 -68 03 00 I2128 Nb
05 31 18 -23 03 59 I2129
05 31 48 -23 09 00 I2130 Gx 2.2
05 32 18 -17 13 00 I2131
05 32 30 -13 55 00 I2132 Gx 1.3 14p
05 42 12 +69 23 00 I2133 ?
05 23 00 -75 27 00 I2134
05 33 12 -36 24 00 I2135 Gx 2.5
05 33 12 -36 24 00 I2136 Gx 2.5
05 34 18 -23 20 00 I2137
05 34 18 -23 33 00 I2138 Gx 1.0 14p
05 35 18 -17 56 00 I2139 T*
05 33 12 -75 22 00 I2140 OC
05 42 18 -51 02 00 I2141
05 33 06 -78 00 00 I2142
05 46 54 -18 44 00 I2143 Gx 2.5
05 50 12 +23 52 00 I2144
05 40 24 -69 40 00 I2145 Nb
05 37 48 -74 46 00 I2146 OC
05 47 48 -30 30 00 I2147
05 39 12 -75 31 00 I2148
05 56 18 +46 07 01 I2149 Pl 0.1 11p
05 51 18 -38 19 00 I2150 Gx 2.3
05 52 36 -17 47 00 I2151 Gx 2.1
05 57 54 -23 11 00 I2152 Gx 1.9
06 00 06 -33 55 00 I2153 Gx 2.5
06 01 06 -23 39 59 I2154 Gx 3.3
06 00 48 -34 01 00 I2155
06 04 48 +24 09 00 I2156 OC
06 05 00 +24 00 00 I2157 OC 7 8.4
06 05 18 -27 51 00 I2158 Gx 1.6
06 09 54 +20 24 00 I2159 Nb
05 55 30 -76 55 00 I2160 Gx 1.9
05 57 12 -75 08 00 I2161
06 12 54 +17 59 00 I2162 Nb 15
06 16 30 -21 23 00 I2163 Gx
06 06 54 -75 22 00 I2164 Gx 1.3
06 21 42 -12 58 59 I2165 Pl 0.1 13p
06 27 00 +59 05 00 I2166 Gx 2.9 13p
06 31 18 +10 27 00 I2167
06 33 48 +44 41 00 I2168 OC
06 31 12 +09 54 00 I2169 Nb 25
06 34 06 +44 42 00 I2170
06 44 24 -17 56 00 I2171 Gx 1.8
06 46 54 +01 20 00 I2172
06 50 48 +33 26 00 I2173
07 09 06 +75 21 00 I2174 Gx 1.2
06 59 42 +35 17 00 I2175
07 07 30 +32 28 00 I2176 Gx 0.4 15p
07 05 06 -10 42 00 I2177 Nb 120
07 07 36 +32 31 00 I2178 Gx 16p
07 15 30 +64 56 01 I2179 Gx 1.0 12.6
07 11 18 +26 23 00 I2180 Gx 1.2 15p
07 13 12 +19 00 01 I2181 Gx 1.0 15p
07 14 12 +18 57 00 I2182
07 16 54 -20 25 00 I2183
07 29 24 +72 08 00 I2184 Gx 1.3
07 23 12 +32 30 00 I2185 Gx 0.5 15p
07 22 42 +21 32 01 I2186
07 22 42 +21 29 01 I2187
07 22 42 +21 30 01 I2188
07 25 00 +08 55 00 I2189
07 29 54 +37 31 00 I2190
07 30 18 +24 18 01 I2191 Gx 0.7 15p
07 33 18 +31 22 00 I2192
07 33 18 +31 27 00 I2193
07 33 42 +31 19 00 I2194 Gx 1.0 15p
07 28 24 -51 15 00 I2195
07 34 06 +31 24 00 I2196 Gx 1.5 14p
07 34 18 +31 24 00 I2197 Gx 0.5 14p
07 34 06 +23 58 00 I2198 Gx 15p
07 34 54 +31 13 00 I2199
07 28 18 -62 22 00 I2200 Gx 1.1
07 36 12 +33 07 00 I2201 Gx 1.3 15p
07 27 54 -67 33 59 I2202 Gx 2.1
07 40 36 +34 13 00 I2203 Gx 1.2 14p
07 41 12 +34 13 00 I2204 Gx 1.1 15p
07 46 54 +26 53 00 I2205 Gx 15p
07 45 48 -34 22 00 I2206
07 49 48 +33 57 00 I2207 Gx 2.0 15p
07 52 30 +27 30 00 I2208
07 56 12 +60 18 00 I2209 Gx 1.1 13.8
07 57 06 +56 40 00 I2210 Gx 15p
07 57 42 +32 34 00 I2211 Gx 0.8 14p
07 59 00 +32 37 00 I2212 Gx 0.5 15p
07 59 00 +27 28 00 I2213 Gx 0.7 15p
07 59 54 +33 18 00 I2214 Gx 0.8 14p
07 59 36 +24 55 00 I2215 OC
07 59 30 +05 36 00 I2216
08 00 48 +27 30 01 I2217 Gx 0.6 14p
08 01 36 +24 26 00 I2218 Gx 16p
08 02 36 +27 27 00 I2219 Gx 1.5 14p
07 56 48 -59 07 00 I2220 Nb
08 05 06 +37 27 00 I2221
08 05 12 +37 29 00 I2222
08 05 48 +37 28 00 I2223
08 05 48 +37 28 00 I2224
08 06 24 +35 56 00 I2225
08 06 12 +12 32 01 I2226 Gx 1.4
08 07 19 +36 02 00 I2227
08 07 06 +08 02 00 I2228 Gx 0.4 15p
08 09 42 +25 53 00 I2229
08 10 54 +25 41 00 I2230 Gx 16p
08 11 00 +05 05 00 I2231 Gx 2.0 15p
08 12 54 +36 15 00 I2232
08 14 00 +45 44 00 I2233 Gx 4.7 13.0
08 13 54 +35 30 00 I2234
08 13 36 +24 05 00 I2235
08 13 36 +24 03 00 I2236
08 14 06 +24 41 00 I2237
08 14 06 +24 40 00 I2238
08 14 06 +23 52 00 I2239 Gx 1.0 15p
08 14 48 +24 28 00 I2240
08 15 06 +24 08 00 I2241
08 15 12 +24 08 00 I2242
08 15 18 +23 58 00 I2243
08 15 24 +24 33 00 I2244
08 15 30 +24 32 00 I2245
08 16 00 +23 51 00 I2246
08 16 06 +24 12 00 I2247
08 16 06 +23 08 00 I2248 Gx 0.4 15p
08 16 36 +24 30 00 I2249
08 16 30 +23 38 00 I2250
08 16 42 +23 57 00 I2251
08 16 42 +24 42 00 I2252
08 16 30 +21 25 00 I2253 Gx 15p
08 16 42 +24 47 00 I2254 Gx 15p
08 16 42 +23 27 00 I2255
08 16 48 +24 11 00 I2256 Gx 0.6 15p
08 17 12 +23 39 01 I2257
08 17 18 +23 35 00 I2258
08 17 18 +23 34 00 I2259
08 17 30 +24 40 00 I2260
08 17 36 +23 31 00 I2261
08 17 24 +18 27 00 I2262 ?
08 17 42 +23 35 00 I2263
08 17 48 +23 43 00 I2264
08 17 48 +24 12 00 I2265
08 17 42 +18 25 00 I2266 ?
08 18 00 +24 44 00 I2267 Gx 2.3 15p
08 18 06 +24 48 00 I2268 Gx 15p
08 18 12 +23 03 00 I2269 Gx 16p
08 18 00 +19 06 00 I2270 ?
08 18 24 +24 31 00 I2271 Gx 15p
08 18 06 +18 44 00 I2272 ?
08 18 12 +18 24 00 I2273 ?
08 18 12 +18 40 00 I2274 T*
08 18 12 +18 25 00 I2275 ?
08 18 30 +18 29 00 I2276 ?
08 18 30 +18 39 00 I2277 ?
08 18 36 +18 28 00 I2278 ?
08 18 36 +18 34 00 I2279 ?
08 18 42 +18 27 00 I2280 ?
08 18 54 +18 55 00 I2281 ?
08 19 18 +24 48 00 I2282
08 19 18 +24 47 00 I2283
08 19 00 +18 36 00 I2284 ?
08 19 06 +18 55 00 I2285
08 19 06 +18 57 00 I2286
08 19 06 +19 24 00 I2287
08 19 18 +23 46 00 I2288 Gx 0.3 15p
08 19 06 +18 32 00 I2289 ?
08 19 18 +19 19 00 I2290 ?
08 19 18 +18 30 00 I2291 ?
08 19 24 +19 34 00 I2292
08 19 36 +21 23 00 I2293 Gx 0.8 15p
08 19 24 +18 59 00 I2294
08 19 24 +18 25 00 I2295
08 19 30 +18 54 00 I2296
08 20 06 +18 23 00 I2297
08 20 06 +18 24 00 I2298
08 20 12 +19 20 00 I2299
08 20 12 +18 25 00 I2300
08 20 12 +18 26 00 I2301
08 20 18 +19 21 00 I2302
08 20 18 +19 25 00 I2303
08 20 36 +19 26 00 I2304
08 20 42 +19 27 00 I2305
08 20 42 +19 07 00 I2306
08 20 42 +19 26 00 I2307
08 20 54 +19 21 00 I2308 Gx 0.3 16p
08 20 48 +18 23 00 I2309 Gx 16p
08 20 48 +18 28 00 I2310
08 18 48 -25 22 00 I2311 Gx 2.2
08 20 54 +18 31 00 I2312
08 20 54 +18 31 00 I2313
08 21 06 +18 46 00 I2314
08 21 12 +18 55 00 I2315
08 21 18 +19 46 00 I2316
08 21 24 +18 51 00 I2317
08 21 30 +18 37 00 I2318
08 21 36 +18 29 00 I2319
08 21 36 +18 40 00 I2320
08 21 42 +18 28 00 I2321
08 21 42 +18 29 00 I2322
08 21 42 +18 37 00 I2323
08 22 00 +19 12 00 I2324
08 22 06 +18 55 00 I2325
08 22 12 +19 01 00 I2326
08 21 24 +03 10 00 I2327 Gx 1.5 14p
08 22 18 +19 37 00 I2328
08 22 24 +19 24 00 I2329 Gx 2.2 15p
08 22 24 +18 51 00 I2330
08 22 36 +19 41 01 I2331
08 22 42 +19 55 01 I2332
08 23 00 +19 05 00 I2333
08 23 00 +18 37 00 I2334
08 23 06 +19 25 00 I2335
08 23 18 +18 32 00 I2336
08 23 18 +18 32 00 I2337
08 23 36 +21 20 00 I2338 Gx 0.6
08 23 36 +21 20 00 I2339 Gx 1.2
08 23 36 +18 44 00 I2340 Gx 0.8 15p
08 23 42 +21 26 00 I2341 Gx 1.6
08 23 30 +18 35 00 I2342
08 23 54 +19 01 00 I2343
08 23 54 +18 39 00 I2344
08 24 06 +19 57 00 I2345
08 24 12 +19 42 00 I2346
08 24 12 +18 46 00 I2347
08 24 24 +20 32 00 I2348 Gx 0.6 16p
08 24 18 +19 00 00 I2349
08 24 30 +19 33 00 I2350
08 24 36 +18 36 00 I2351 Gx 1.1 14p
08 24 42 +19 36 00 I2352
08 24 36 +18 39 00 I2353
08 24 42 +18 40 00 I2354
08 24 54 +20 28 00 I2355
08 25 00 +19 30 00 I2356
08 25 06 +19 31 00 I2357
08 25 06 +19 30 00 I2358
08 25 18 +20 20 00 I2359 Gx 1.1 14p
08 25 12 +19 27 00 I2360
08 25 42 +27 53 00 I2361 Gx 1.7 15p
08 25 42 +19 57 00 I2362
08 25 48 +19 27 00 I2363 Gx
08 25 54 +19 46 00 I2364
08 26 18 +27 52 00 I2365
08 26 18 +27 50 00 I2366 Gx 1.4 15p
08 24 12 -18 46 00 I2367 Gx 2.3
08 26 00 +19 53 00 I2368
08 26 18 +20 14 00 I2369
08 26 24 +19 38 00 I2370
08 26 36 +19 48 00 I2371
08 26 42 +19 53 00 I2372
08 26 54 +20 22 00 I2373 Gx 1.4 15p
08 28 18 +30 26 01 I2374
08 26 18 -13 18 00 I2375
08 28 25 +30 24 01 I2376
08 26 24 -13 18 00 I2377
08 28 31 +30 26 01 I2378 Gx 0.9
08 26 24 -13 18 00 I2379
08 28 37 +30 25 00 I2380 Gx 0.4 15p
08 28 24 +19 47 01 I2381
08 28 42 +22 04 00 I2382 Gx 0.4 15p
08 29 36 +30 41 00 I2383 Gx 16p
08 34 30 +32 26 00 I2384 Gx 0.4 16p
08 35 06 +37 17 00 I2385 Gx 0.6 15p
08 34 48 +25 49 00 I2386
08 38 36 +30 47 00 I2387 Gx 1.2 15p
08 40 00 +19 38 01 I2388 Gx 16p
08 48 00 +73 32 00 I2389 Gx 1.7 13.4
08 41 48 +19 42 00 I2390 Gx 16p
08 40 12 -53 03 59 I2391 OC 50 2.5
08 44 30 +18 17 00 I2392 Gx
08 46 48 +28 11 00 I2393 Gx 1.4 15p
08 47 06 +28 16 00 I2394 Gx 1.7 15p
08 41 06 -48 12 00 I2395 OC 8 4.6
08 46 42 +17 39 00 I2396 D*
08 46 42 +17 40 00 I2397 ?
08 46 42 +17 45 00 I2398 Gx
08 47 48 +18 54 00 I2399 Gx
08 48 00 +38 06 00 I2400 Gx 0.6 15p
08 48 06 +37 45 00 I2401 Gx 1.3 15p
08 48 06 +31 49 00 I2402 Gx 0.4 15p
08 46 12 -15 20 59 I2403
08 48 06 +29 30 00 I2404 Gx 15p
08 48 42 +37 14 00 I2405 Gx 0.4 15p
08 48 06 +17 42 00 I2406 Gx
08 48 06 +17 37 00 I2407 Gx
08 48 18 +19 02 00 I2408 S*
08 48 24 +18 20 00 I2409 Gx
08 48 30 +19 01 00 I2410 Gx
08 48 30 +19 03 00 I2411 Gx
08 49 24 +18 33 00 I2412 D*
08 49 30 +18 45 00 I2413 D*
08 49 48 +18 48 00 I2414 Gx
08 50 00 +18 39 00 I2415 T*
08 50 30 +18 34 00 I2416 D*
08 51 12 +18 48 00 I2417 Gx
08 51 24 +17 57 00 I2418 Gx
08 52 12 +18 06 01 I2419 S*
08 51 30 +03 05 00 I2420 Gx 15p
08 54 24 +32 41 00 I2421 Gx 2.6
08 54 24 +20 14 00 I2422 Gx 0.4 16p
08 54 48 +20 14 00 I2423 Gx 1.1 15p
08 56 48 +39 23 00 I2424
08 55 48 -03 24 00 I2425 S*
08 58 30 +02 54 00 I2426 Gx 0.3 15p
09 01 00 +37 52 00 I2427 Gx 16p
09 03 12 +30 35 00 I2428 Gx 1.9 15p
09 03 48 +29 18 00 I2429 Gx 0.4 15p
09 04 30 +27 57 00 I2430 Gx 1.1 14p
09 04 30 +14 36 00 I2431 Gx 0.6 14p
09 04 36 +05 31 00 I2432 Gx 15p
09 05 30 +22 37 00 I2433 Gx 0.8 15p
09 07 12 +37 12 00 I2434 Gx 1.9 14p
09 06 48 +26 16 00 I2435 Gx 1.0 15p
09 05 24 -19 10 00 I2436 D*
09 05 30 -19 12 00 I2437 Gx 2.4
09 14 00 +73 26 00 I2438 OC
09 08 36 +32 35 01 I2439 Gx 15p
09 15 30 +73 28 01 I2440
09 10 00 +22 52 00 I2441
09 10 06 +22 51 00 I2442
09 11 30 +28 49 00 I2443 Gx 0.6 15p
09 12 48 +30 14 00 I2444 Gx 0.9 15p
09 13 12 +31 48 00 I2445 Gx 1.0 15p
09 13 30 +28 58 00 I2446 Gx 1.7 15p
09 13 30 +28 45 00 I2447
09 07 06 -69 57 00 I2448 Pl 0.1 12p
09 15 12 +30 00 00 I2449
09 15 42 +25 27 00 I2450
09 15 42 +23 29 00 I2451 Gx 16p
09 15 54 +23 27 00 I2452 Gx 16p
09 15 48 +20 56 00 I2453 Gx 15p
09 16 00 +17 49 00 I2454 Gx 1.2 14p
09 16 48 +20 07 00 I2455
09 17 30 +34 47 00 I2456
09 17 06 +20 05 00 I2457 Gx 1.2 14p
09 21 36 +64 14 00 I2458 Gx 0.4 15p
09 19 06 +34 53 00 I2459
09 19 18 +33 51 00 I2460 ?
09 19 54 +37 10 00 I2461 Gx 2.7 15p
09 22 54 +22 41 00 I2462
09 23 00 +22 37 00 I2463 Gx 16p
09 23 24 +22 35 00 I2464 Gx 0.6 15p
09 23 36 +24 27 00 I2465
09 23 42 +24 31 00 I2466 Gx 15p
09 24 54 +38 20 00 I2467
09 25 00 +38 20 00 I2468
09 23 00 -32 27 00 I2469 Gx 5.1
09 25 00 +03 23 00 I2470
09 25 12 -06 50 00 I2471 Gx 0.7 14p
09 26 30 +21 23 00 I2472 Gx 15p
09 27 24 +30 26 00 I2473 Gx 1.6 15p
09 27 12 +23 02 00 I2474
09 27 54 +29 48 00 I2475 Nb 0.5
09 27 54 +29 59 00 I2476 Gx 1.7
09 27 54 +29 42 00 I2477
09 27 54 +30 01 00 I2478 Nb 0.1
09 28 06 +30 00 00 I2479 Nb 0.3
09 28 12 +29 43 00 I2480 Nb 0.2
09 27 24 +03 56 00 I2481 Gx 0.9 14p
09 27 00 -12 06 00 I2482 Gx 2.0 13p
09 29 30 +31 00 00 I2483 Gx 16p
09 26 48 -42 51 00 I2484
09 27 12 -39 17 00 I2485
09 30 18 +26 39 00 I2486 Gx 1.1 15p
09 30 12 +20 06 00 I2487 Gx 2.0
09 27 36 -56 59 00 I2488 OC 15 7p
09 31 12 -05 53 00 I2489
09 33 06 +29 55 00 I2490 Nb 0.3
09 35 12 +34 44 00 I2491 Gx 1.1 15p
09 33 12 -37 54 00 I2492
09 36 18 +37 23 00 I2493 Gx 0.5 15p
09 36 06 -12 26 00 I2494
09 38 12 +28 03 00 I2495 Gx 0.7 15p
09 38 42 +34 43 00 I2496 Gx 15p
09 41 06 +34 42 00 I2497
09 41 18 +28 06 00 I2498 Gx 15p
09 41 24 +27 54 01 I2499
09 42 18 +36 20 00 I2500 ?
09 38 48 -60 05 00 I2501 Pl 0.4 11p
09 43 12 +33 08 00 I2502
09 43 12 +33 11 00 I2503
09 38 36 -69 05 00 I2504
09 45 06 +27 16 00 I2505
09 45 12 +27 15 00 I2506
09 44 36 -31 47 00 I2507 Gx 1.7
09 47 06 +33 30 00 I2508 Gx 16p
09 46 54 +05 43 00 I2509 S*
09 47 42 -32 50 00 I2510 Gx 1.5
09 49 24 -32 51 00 I2511 Gx 3.1
09 49 24 -32 51 00 I2512 Gx 3.1
09 50 00 -32 53 00 I2513 Gx 3.0
09 50 00 -32 53 00 I2514 Gx 3.0
09 54 36 +37 24 00 I2515 Gx 1.1 15p
09 54 48 +37 41 00 I2516 Gx 15p
09 52 42 -33 44 00 I2517
09 56 00 +37 09 00 I2518 Gx 16p
09 56 00 +34 02 00 I2519 Gx 16p
09 56 24 +27 14 00 I2520 Gx 0.7 14p
09 57 18 +34 01 00 I2521 Gx 0.5 15p
09 55 12 -33 08 00 I2522 Gx 2.8 13p
09 55 12 -33 13 00 I2523 Gx 1.6
09 57 30 +33 37 00 I2524 Gx 0.7 15p
09 58 24 +37 06 01 I2525 Gx 16p
09 57 06 -32 15 00 I2526 Gx 1.9
10 00 06 +38 10 00 I2527 Gx 15p
09 59 06 -27 08 00 I2528 Gx 2.0
09 59 30 -22 50 00 I2529 Gx 2.3
10 01 30 +37 12 00 I2530 Gx 15p
09 59 54 -29 37 00 I2531 Gx 6.3
10 00 06 -34 14 00 I2532 Gx 1.8
10 00 30 -31 15 00 I2533 Gx 1.7
10 01 30 -34 07 00 I2534 Gx 2.8
10 04 30 +38 03 00 I2535 Gx 0.7 14p
10 03 30 -33 57 00 I2536 Gx 1.9
10 03 54 -27 34 00 I2537 Gx 2.7 12.2
10 03 54 -34 48 00 I2538 Gx 1.6
10 04 18 -31 22 00 I2539 Gx 1.7
10 06 54 +31 28 00 I2540 Gx 0.8 15p
10 05 48 -17 27 00 I2541 Gx 1.2 14p
10 07 55 +34 10 01 I2542
10 08 24 +37 50 00 I2543 Gx 16p
10 08 24 +33 21 00 I2544 Gx 15p
10 06 36 -33 51 00 I2545
10 07 06 -33 15 00 I2546
10 10 06 +36 31 00 I2547
10 07 54 -35 13 59 I2548 Gx 2.4
10 10 12 +36 28 00 I2549
10 10 24 +27 57 00 I2550 Gx 1.1 15p
10 10 42 +24 25 00 I2551 Gx 1.3 15p
10 10 48 -34 51 00 I2552 Gx 1.8
10 09 18 -62 37 00 I2553 Pl 0.2 13p
10 08 54 -67 02 00 I2554 Gx 2.7
10 11 42 -31 39 00 I2555 Gx 2.4
10 12 36 -34 44 00 I2556 Gx 2.1
10 16 06 +38 05 00 I2557 Gx 0.3 15p
10 14 42 -34 20 00 I2558 Gx 1.6
10 14 48 -34 04 00 I2559 Gx 1.8
10 16 18 -33 34 00 I2560 Gx 4.1
10 19 06 +34 40 00 I2561 Gx 1.1 15p
10 18 48 +16 08 00 I2562 Gx 0.6 15p
10 18 54 -32 36 00 I2563 Gx 1.6
10 21 24 +36 27 00 I2564
10 21 18 +27 56 00 I2565 Gx
10 22 24 +36 36 00 I2566 Gx 0.7 15p
10 22 00 +24 39 00 I2567 Gx 0.7 16p
10 22 30 +36 38 00 I2568
10 22 54 +24 36 00 I2569
10 21 36 -33 37 00 I2570 Gx 1.3
10 21 36 -34 16 00 I2571 Gx 4.3
10 25 00 +28 06 00 I2572 Gx 1.0 16p
10 23 30 -35 26 59 I2573 Gx 1.5
10 28 24 +68 25 00 I2574 Gx 12.3 10.6
10 25 24 -32 39 00 I2575
10 26 00 -32 55 00 I2576
10 28 00 +32 46 00 I2577 Gx 0.5 15p
10 27 24 -33 53 00 I2578 Gx 1.4
10 29 18 +26 07 01 I2579
10 28 18 -31 31 00 I2580 Gx 2.1
10 27 24 -57 38 00 I2581 OC 8 4.3
10 29 12 -30 21 00 I2582 Gx 1.5
10 31 12 +26 03 00 I2583 Gx 0.3 15p
10 29 54 -34 55 00 I2584 Gx 1.5
10 30 24 -35 22 00 I2585 Gx 2.7
10 31 00 -28 43 00 I2586 Gx 1.6
10 31 00 -34 34 00 I2587 Gx 2.4
10 31 48 -30 23 00 I2588 Gx 1.5
10 32 06 -24 03 00 I2589
10 36 18 +26 58 00 I2590 Gx 1.1 15p
10 36 36 +35 02 00 I2591 Gx 1.5 14p
10 35 06 -43 42 00 I2592 Gx 1.9
10 36 18 -12 43 00 I2593
10 36 06 -24 19 00 I2594 Gx 2.2
10 37 36 -11 07 00 I2595
10 34 12 -73 14 00 I2596 Gx 1.4
10 37 48 -27 05 00 I2597 Gx 3.0
10 39 42 +26 44 00 I2598 Gx 15p
10 37 24 -58 37 00 I2599
10 46 42 +72 19 00 I2600 Gx 0.4 16p
10 47 06 +72 18 00 I2601 Gx 15p
10 43 12 -64 24 00 I2602 OC 50 1.9
10 48 24 +32 56 00 I2603 S*
10 49 24 +32 47 01 I2604 Gx 1.4
10 49 48 +32 58 00 I2605 ?
10 50 18 +37 57 00 I2606 Gx 15p
10 50 18 +38 00 00 I2607 Gx 0.7 15p
10 50 18 +32 46 00 I2608 Gx
10 50 18 -12 06 00 I2609
10 52 12 +33 04 00 I2610 ?
10 52 42 +10 07 00 I2611 S*
10 53 36 +32 46 00 I2612 Gx
10 54 18 +32 58 00 I2613
11 01 36 +38 48 00 I2614
11 02 00 +37 56 00 I2615
11 02 12 +38 46 00 I2616 Gx 0.2 15p
11 02 12 +38 39 00 I2617 Gx 0.8 15p
11 02 00 +27 46 00 I2618
11 02 12 +37 57 00 I2619 Gx 16p
11 02 18 +38 30 00 I2620 Gx 1.1 15p
11 00 18 -65 15 00 I2621 Pl 0.1
11 03 30 -16 14 00 I2622
11 03 48 -20 06 00 I2623
11 07 18 -19 28 00 I2624 Gx 3.0
11 07 18 -19 33 00 I2625 Gx 1.5
11 09 00 +26 55 00 I2626 Gx 16p
11 09 54 -23 44 00 I2627 Gx 2.7 12.0
11 11 36 +12 08 00 I2628 Gx 15p
11 12 36 +12 06 00 I2629
11 12 42 +12 19 00 I2630
11 09 48 -76 37 00 I2631
11 13 06 +11 40 00 I2632
11 13 12 +11 36 00 I2633
11 13 30 +10 30 00 I2634 Gx 0.4 15p
11 13 30 +11 28 00 I2635
11 13 36 +11 27 00 I2636
11 13 48 +09 36 00 I2637 Gx 0.9 14p
11 13 54 +10 34 00 I2638 Gx 1.1 15p
11 13 54 +09 39 00 I2639
11 14 06 +11 00 00 I2640
11 14 12 +09 24 00 I2641
11 14 12 +10 16 00 I2642
11 14 30 +10 08 00 I2643
11 14 30 +10 46 00 I2644
11 14 30 +11 54 00 I2645 Gx 16p
11 14 36 +12 32 00 I2646
11 14 42 +12 09 00 I2647
11 14 42 +10 14 00 I2648 Gx 16p
11 14 48 +11 08 00 I2649 Gx 0.6 15p
11 14 54 +13 51 00 I2650
11 14 54 +12 15 00 I2651
11 14 54 +12 27 00 I2652
11 14 54 +10 33 00 I2653
11 15 06 +12 30 00 I2654
11 15 06 +12 10 00 I2655
11 15 06 +12 23 00 I2656
11 15 12 +13 42 00 I2657
11 15 12 +13 00 00 I2658 S*
11 15 30 +12 53 00 I2659 S*
11 15 30 +12 26 00 I2660
11 15 30 +13 37 00 I2661 Gx 15p
11 15 30 +12 46 00 I2662 S*
11 15 36 +12 36 00 I2663 S*
11 15 36 +12 34 00 I2664 S*
11 15 42 +11 43 00 I2665
11 15 42 +13 47 00 I2666 Gx 0.7 15p
11 15 42 +12 07 00 I2667
11 15 30 -14 11 00 I2668 Gx 1.0 14p
11 15 54 +13 26 00 I2669
11 16 00 +11 47 00 I2670
11 16 06 +13 08 00 I2671
11 16 06 +10 10 00 I2672
11 16 06 +10 10 00 I2673
11 16 12 +11 03 00 I2674 Gx 1.4 15p
11 16 12 +12 15 00 I2675
11 16 18 +09 50 00 I2676
11 16 18 +12 13 00 I2677
11 16 24 +11 57 00 I2678
11 16 24 +12 01 00 I2679
11 16 24 +09 49 00 I2680
11 16 36 +11 12 00 I2681 Gx 15p
11 16 36 +09 25 00 I2682
11 16 54 +12 06 00 I2683
11 17 00 +13 06 00 I2684 Gx 15p
11 17 00 +10 06 00 I2685
11 17 06 +12 57 00 I2686
11 17 12 +10 10 00 I2687
11 17 18 +13 29 01 I2688
11 17 18 +12 58 01 I2689
11 17 24 +12 59 01 I2690
11 17 24 +12 02 01 I2691
11 17 36 +10 46 00 I2692
11 17 36 +13 33 00 I2693
11 17 36 +13 23 00 I2694 Gx 15p
11 17 48 +13 44 00 I2695
11 17 48 +12 45 00 I2696
11 17 54 +13 24 00 I2697
11 17 54 +11 53 00 I2698
11 17 54 +11 55 00 I2699
11 17 54 +12 03 00 I2700
11 18 00 +11 07 00 I2701
11 18 00 +09 25 00 I2702
11 18 06 +17 39 00 I2703 Gx
11 18 06 +12 28 00 I2704 Gx 15p
11 18 06 +11 54 00 I2705
11 18 30 +12 33 00 I2706
11 18 30 +09 29 00 I2707
11 18 36 +12 43 00 I2708 Gx 15p
11 18 42 +12 34 00 I2709
11 18 48 +13 34 00 I2710
11 18 48 +13 44 00 I2711
11 18 54 +09 38 00 I2712
11 19 12 +12 10 00 I2713
11 17 54 -62 42 00 I2714 OC 12 8p
11 19 12 +11 57 00 I2715
11 19 18 +11 42 00 I2716
11 19 18 +12 03 00 I2717
11 19 24 +12 01 00 I2718
11 19 30 +12 04 00 I2719
11 19 36 +12 05 00 I2720
11 19 42 +12 09 00 I2721
11 19 42 +13 58 00 I2722
11 19 48 +12 02 00 I2723
11 19 48 +10 43 00 I2724
11 20 00 +13 26 00 I2725
11 20 00 +13 25 00 I2726 S*
11 20 00 +12 02 00 I2727
11 20 06 +13 25 00 I2728 S*
11 20 06 +13 25 00 I2729
11 20 06 +12 22 00 I2730
11 20 12 +13 34 00 I2731 S*
11 20 12 +12 24 00 I2732
11 20 24 +13 52 00 I2733 D*
11 20 24 +12 27 00 I2734
11 21 00 +34 21 00 I2735 Gx 1.2 15p
11 20 54 +12 25 00 I2736
11 21 06 +14 18 00 I2737
11 21 18 +34 22 00 I2738 Gx 0.6
11 21 12 +11 55 00 I2739
11 21 18 +08 45 00 I2740
11 21 18 +09 09 00 I2741
11 21 18 +10 27 00 I2742
11 21 24 +08 42 00 I2743
11 21 42 +34 22 00 I2744 Gx 0.4 15p
11 21 30 +13 26 00 I2745 Gx 15p
11 21 36 +11 44 00 I2746
11 21 42 +08 48 00 I2747
11 21 42 +08 48 00 I2748
11 21 42 +08 35 00 I2749 Gx 16p
11 21 54 +09 40 00 I2750
11 22 06 +34 23 00 I2751 Gx 16p
11 22 00 +14 08 00 I2752 Nb 0.3
11 22 00 +09 53 00 I2753
11 22 00 +14 09 00 I2754 Nb 0.5
11 22 00 +13 48 00 I2755 S*
11 22 00 +09 58 00 I2756
11 22 00 +08 24 00 I2757 Gx 15p
11 22 00 +07 49 00 I2758 Gx 15p
11 22 12 +24 19 00 I2759
11 22 12 +12 40 00 I2760
11 22 18 +14 11 00 I2761 Nb 0.1
11 22 18 +12 44 00 I2762 Gx 15p
11 22 18 +13 04 00 I2763
11 27 06 -28 59 00 I2764 Gx 1.7
11 22 24 +14 13 00 I2765 Nb 0.1
11 22 24 +12 54 00 I2766
11 22 24 +13 05 00 I2767
11 22 24 +12 32 00 I2768
11 22 24 +14 12 00 I2769 Nb 0.1
11 22 24 +09 13 00 I2770
11 22 30 +12 31 00 I2771
11 22 30 +13 36 00 I2772
11 22 36 +13 34 00 I2773
11 22 36 +12 31 00 I2774
11 22 42 +12 31 00 I2775
11 22 42 +13 20 00 I2776
11 22 42 +12 02 00 I2777 Gx 15p
11 22 42 +12 31 00 I2778
11 22 48 +13 21 00 I2779
11 22 48 +10 09 00 I2780
11 22 48 +12 21 00 I2781
11 22 54 +13 27 00 I2782 Gx 1.1 15p
11 22 54 +08 53 00 I2783
11 23 12 +13 07 00 I2784
11 23 18 +13 23 00 I2785
11 23 18 +13 23 00 I2786
11 23 18 +13 39 00 I2787 Gx 1.0 15p
11 23 24 +12 42 00 I2788
11 23 30 +14 11 00 I2789 D*
11 23 36 +09 33 00 I2790
11 23 36 +12 54 00 I2791
11 23 42 +11 24 00 I2792
11 23 48 +09 27 00 I2793
11 24 06 +12 48 00 I2794
11 24 06 +12 08 00 I2795
11 24 06 +09 21 00 I2796
11 24 24 +11 42 00 I2797
11 24 24 +12 25 00 I2798
11 24 24 +13 51 00 I2799 Nb 0.4
11 24 30 +12 12 00 I2800
11 24 30 +10 11 00 I2801
11 24 30 +12 13 00 I2802
11 24 36 +09 51 00 I2803
11 24 54 +13 13 00 I2804 Gx 0.8 15p
11 25 00 +14 01 00 I2805 S*
11 25 18 +09 39 00 I2806
11 25 18 +11 32 00 I2807
11 25 30 +09 08 00 I2808
11 25 36 +08 32 00 I2809
11 25 48 +14 40 00 I2810 Nb 1
11 25 48 +09 10 00 I2811
11 25 54 +11 32 00 I2812
11 26 06 +11 15 00 I2813
11 26 06 +09 40 00 I2814
11 26 18 +12 48 00 I2815
11 26 18 +10 38 00 I2816
11 26 18 +09 09 00 I2817
11 26 30 +12 55 00 I2818
11 26 30 +13 51 00 I2819 Gx 16p
11 26 24 +10 14 00 I2820
11 26 36 +13 58 00 I2821
11 26 36 +11 26 00 I2822 Gx 1.7 15p
11 26 42 +12 50 00 I2823 Gx 15p
11 27 06 +14 05 00 I2824
11 27 00 +08 27 00 I2825
11 27 06 +13 14 00 I2826 Gx 15p
11 27 12 +11 31 00 I2827
11 27 12 +08 43 00 I2828 Gx 1.0 15p
11 27 12 +10 18 00 I2829 Gx 15p
11 27 24 +07 48 00 I2830 Gx 15p
11 27 24 +08 59 00 I2831
11 27 24 +13 59 00 I2832
11 27 24 +13 36 00 I2833
11 27 30 +13 34 00 I2834
11 27 30 +12 09 00 I2835
11 27 36 +09 05 00 I2836
11 27 42 +10 19 00 I2837
11 27 48 +14 01 00 I2838
11 27 48 +10 49 00 I2839
11 27 48 +13 26 00 I2840
11 27 48 +12 36 00 I2841
11 27 48 +09 39 00 I2842
11 28 00 +13 11 00 I2843 Gx 15p
11 28 00 +11 27 00 I2844
11 28 00 +12 32 00 I2845
11 28 00 +11 09 00 I2846 Gx 0.8 15p
11 28 06 +13 56 00 I2847
11 28 12 +13 02 00 I2848
11 28 12 +09 06 00 I2849
11 28 12 +09 04 00 I2850
11 28 18 +11 24 00 I2851
11 28 12 +09 48 00 I2852
11 28 18 +09 08 00 I2853 Gx 1.0 15p
11 28 18 +08 58 00 I2854
11 28 24 +09 41 00 I2855
11 28 12 -12 53 00 I2856 Gx 0.7 14p
11 28 30 +09 06 00 I2857
11 28 36 +13 40 00 I2858
11 28 42 +09 07 00 I2859
11 28 42 +14 02 00 I2860
11 29 00 +38 51 00 I2861 Gx 0.2 14p
11 28 42 +10 08 00 I2862
11 28 54 +09 06 00 I2863
11 29 00 +12 22 00 I2864
11 29 00 +09 07 00 I2865 S*
11 29 00 +09 03 00 I2866 S*
11 29 00 +09 05 00 I2867
11 29 06 +09 06 00 I2868
11 29 06 +09 01 00 I2869
11 29 06 +11 52 00 I2870 Gx 1.4 18p
11 29 18 +08 36 00 I2871 Gx 0.7 15p
11 29 00 -62 57 00 I2872 Nb 12
11 29 30 +13 12 00 I2873 Gx 0.6 15p
11 29 30 +10 38 00 I2874 OC
11 29 36 +12 59 00 I2875
11 29 36 +09 01 00 I2876
11 29 36 +12 51 00 I2877 Gx 16p
11 29 36 +09 58 00 I2878
11 29 42 +09 01 00 I2879
11 29 54 +13 12 00 I2880
11 29 54 +12 31 00 I2881
11 30 12 +11 59 00 I2882
11 30 18 +10 55 00 I2883
11 27 42 -79 44 00 I2884
11 30 24 +09 46 00 I2885
11 30 24 +11 34 00 I2886
11 30 30 +09 23 00 I2887 Gx 15p
11 30 36 +09 55 00 I2888
11 30 36 -13 05 00 I2889
11 30 48 +13 11 00 I2890
11 30 48 +12 41 00 I2891
11 30 48 +10 35 00 I2892
11 30 54 +13 23 00 I2893 Gx 16p
11 31 00 +13 13 00 I2894 Gx 16p
11 31 00 +09 59 00 I2895
11 31 12 +12 21 00 I2896
11 31 18 +11 33 00 I2897
11 31 18 +13 20 00 I2898
11 31 18 +10 38 00 I2899
11 31 30 +13 10 00 I2900
11 31 30 +12 42 00 I2901
11 31 36 +14 13 00 I2902
11 31 42 +12 38 00 I2903
11 31 42 +13 11 00 I2904
11 31 48 +09 06 00 I2905
11 31 48 +13 08 00 I2906
11 31 48 +09 54 00 I2907
11 31 48 +12 56 00 I2908
11 31 48 +11 28 00 I2909
11 31 54 -09 45 00 I2910 Gx 0.3 15p
11 32 06 +12 59 00 I2911
11 32 06 +11 43 00 I2912
11 31 48 -30 25 00 I2913 Gx 0.4 14p
11 32 12 +13 30 00 I2914 Gx 15p
11 32 18 +14 29 01 I2915
11 32 18 +11 41 01 I2916
11 32 18 +10 57 01 I2917
11 32 24 +13 15 01 I2918
11 32 36 +14 11 01 I2919
11 32 48 +12 34 00 I2920
11 32 48 +10 18 00 I2921
11 32 54 +12 55 00 I2922
11 32 54 +13 10 00 I2923
11 32 54 +09 01 00 I2924
11 33 12 +34 16 00 I2925
11 33 06 +12 26 00 I2926
11 33 06 +13 05 00 I2927
11 33 30 +34 18 00 I2928 Gx 1.2 15p
11 33 30 +12 08 00 I2929
11 33 42 +10 05 00 I2930 Gx 16p
11 33 48 +12 28 00 I2931
11 33 54 +10 33 00 I2932
11 34 12 +34 18 00 I2933 Gx 1.4 15p
11 34 18 +13 20 00 I2934 Gx 0.6 15p
11 34 48 +10 15 00 I2935
11 34 54 +13 01 00 I2936
11 35 06 +10 06 00 I2937
11 35 36 +13 41 00 I2938 Gx 15p
11 35 36 +10 42 00 I2939
11 36 00 +21 46 00 I2940 D*
11 36 12 +10 03 00 I2941 Gx 0.8 15p
11 36 12 +11 49 00 I2942
11 36 42 +54 51 00 I2943 Gx 0.4 14.8
11 36 36 -63 02 00 I2944 CN 75 4.5
11 37 06 +12 55 00 I2945 Gx 1.2 15p
11 37 30 +32 14 00 I2946 Gx 15p
11 37 30 +31 22 00 I2947 Gx 0.6 15p
11 38 48 -63 32 00 I2948 Nb 60
11 40 54 -46 29 00 I2949
11 41 36 +37 58 00 I2950 Gx 15p
11 43 24 +19 44 00 I2951 Gx 1.4 15p
11 44 18 +33 20 00 I2952
11 44 24 +33 20 00 I2953
11 45 12 +26 46 00 I2954 Gx 1.3 15p
11 45 06 +19 36 00 I2955 Gx 1.3 14p
11 45 12 +26 46 00 I2956 Gx 1.3 15p
11 45 36 +33 18 00 I2957
11 45 42 +33 09 00 I2958 Gx 0.5 16p
11 46 06 +33 06 00 I2959 Gx 1.1 15p
11 46 18 +34 59 00 I2960 Gx 16p
11 47 48 +31 21 00 I2961 Gx 15p
11 49 06 -12 19 00 I2962
11 49 24 -05 07 00 I2963 Gx 1.1 14p
11 49 48 +12 02 00 I2964
11 54 00 -19 34 00 I2965 Gx 2.5
11 50 24 -64 54 00 I2966 Nb 3
11 50 48 +30 52 00 I2967 Gx 0.3 15p
11 52 36 +20 36 00 I2968 Gx 0.4 14p
11 52 36 -03 52 00 I2969 Gx
11 53 12 -23 07 00 I2970 T*
11 53 30 +30 41 00 I2971 Gx 16p
11 53 42 -03 59 00 I2972 Gx 0.9 14p
11 53 48 +33 21 00 I2973 Gx 1.5 14p
11 53 54 -05 09 00 I2974 Gx 2.8
11 54 12 -05 47 00 I2975
11 54 30 -02 43 00 I2976
11 55 12 -37 42 00 I2977 Gx 2.0
11 56 24 +32 01 00 I2978 Gx 1.1 15p
11 56 54 +33 09 00 I2979
11 57 30 -73 41 00 I2980 Gx 2.0
11 57 48 +33 11 00 I2981
11 57 48 +27 49 00 I2982
11 58 18 -02 05 00 I2983 S*
11 59 06 +30 42 00 I2984
11 59 12 +30 44 00 I2985
11 59 48 +30 52 00 I2986 Gx 0.6 15p
12 03 24 +38 49 00 I2987 Gx
12 03 42 +03 24 00 I2988
12 04 42 +01 47 00 I2989 Gx 1.1 14p
12 04 42 +11 02 00 I2990 Gx 0.6 15p
12 05 06 +10 37 00 I2991
12 05 12 +30 21 00 I2992
12 05 12 +32 52 00 I2993
12 05 30 +12 41 00 I2994 Gx 16p
12 05 48 -27 56 00 I2995 Gx 3.1 13p
12 05 54 -30 00 00 I2996 Gx 0.8 14p
12 05 48 +20 17 00 I2997
12 05 54 +20 45 00 I2998
12 05 54 +31 21 00 I2999 Gx 16p
