12 06 06 -29 41 00 I3000
12 06 12 +33 31 00 I3001 Gx 0.7 15p
12 07 06 +33 22 00 I3002 Gx 0.5 15p
12 07 06 +32 51 00 I3003
12 07 12 +13 14 00 I3004 Gx 0.9 16p
12 07 11 -30 01 00 I3005 Gx 2.2
12 07 24 +12 59 00 I3006
12 07 24 +31 21 00 I3007 Gx 15p
12 08 00 +13 33 00 I3008 Gx 0.8 15p
12 08 00 +12 39 00 I3009 ?
12 07 54 -30 20 00 I3010 Gx 1.9
12 08 12 +10 22 00 I3011 Gx 3.8 12p
12 08 30 +11 10 00 I3012 Gx 15p
12 08 30 +10 01 00 I3013 Gx 0.8 15p
12 08 30 +38 49 00 I3014 Gx 1.1 14p
12 09 00 -31 31 00 I3015 Gx 3.0
12 09 24 +11 25 00 I3016 Gx 16p
12 09 24 +13 36 00 I3017
12 09 30 +14 04 00 I3018 ?
12 09 24 +14 00 00 I3019 Gx
12 09 36 +14 13 00 I3020
12 10 00 +13 01 00 I3021 Gx 1.8 15p
12 09 54 +38 43 00 I3022 Gx 0.2 14p
12 10 06 +14 21 00 I3023
12 10 18 +12 18 00 I3024 Gx 1.2 15p
12 10 24 +10 11 00 I3025 Gx 0.4 15p
12 10 36 -29 56 00 I3026 S*
12 10 30 +14 11 00 I3027 ?
12 10 30 +11 45 00 I3028
12 10 48 +13 19 00 I3029 Gx 1.5 15p
12 11 06 +14 08 00 I3030
12 11 06 +13 18 00 I3031
12 11 06 +14 16 00 I3032 Gx 15p
12 11 06 +13 35 00 I3033 Gx 1.2 15p
12 11 54 +14 11 00 I3034
12 12 12 +13 15 00 I3035
12 12 12 +12 28 00 I3036 Gx 1.8 15p
12 12 24 +09 59 00 I3037 Gx 15p
12 12 36 +11 20 00 I3038 Gx 16p
12 12 30 +12 18 00 I3039 Gx 1.0 15p
12 12 42 +11 04 00 I3040 Gx 0.6 16p
12 12 42 +12 44 00 I3041
12 12 48 +10 52 00 I3042
12 12 48 +10 00 00 I3043
12 12 48 +13 59 00 I3044 Gx 2.1
12 13 00 +12 47 00 I3045 ?
12 13 06 +12 55 00 I3046 Gx 1.2 15p
12 13 18 +12 58 00 I3047
12 13 24 +13 04 00 I3048 D*
12 13 30 +14 29 00 I3049 Gx 1.1 16p
12 13 42 +13 26 00 I3050 Gx 2.0 13p
12 13 54 +13 10 00 I3051
12 13 54 +12 40 00 I3052
12 14 00 +14 12 00 I3053
12 14 18 +13 31 00 I3054
12 14 24 +12 04 00 I3055
12 14 36 +13 47 00 I3056 ?
12 15 00 -44 29 00 I3057
12 14 54 +14 04 00 I3058
12 14 54 +13 28 00 I3059 Gx 1.7
12 15 00 +12 31 00 I3060 Gx 0.3 15p
12 15 06 +14 02 00 I3061 Gx 2.3 13.6
12 15 06 +13 35 00 I3062 Gx 1.0 15p
12 15 06 +12 00 00 I3063 Gx 1.0 15p
12 15 12 +13 01 00 I3064 Gx 5.3 13p
12 15 12 +14 26 00 I3065 Nb 0.5
12 15 18 +13 28 00 I3066 Gx 1.0 15p
12 15 12 +23 57 00 I3067 Gx 15p
12 15 24 +11 30 00 I3068
12 15 24 +10 10 00 I3069
12 15 24 +13 02 00 I3070 S*
12 15 30 +09 33 00 I3071 ?
12 15 36 +09 33 00 I3072 ?
12 15 36 +13 36 00 I3073 Gx 1.0 16p
12 15 42 +10 41 00 I3074 Gx 2.3 14p
12 15 48 +23 35 00 I3075 Gx 0.7 15p
12 16 06 +09 05 00 I3076 ?
12 16 06 +14 24 00 I3077 Nb 0.2
12 16 06 +12 39 00 I3078
12 16 06 +11 31 00 I3079 Gx 15p
12 16 12 +14 13 00 I3080 Nb 0.3
12 16 12 +12 40 00 I3081
12 16 12 +23 51 00 I3082
12 16 24 +12 35 00 I3083 ?
12 16 18 +23 54 00 I3084 Gx 0.4 16p
12 16 24 +09 28 00 I3085 S*
12 16 30 +09 01 00 I3086 ?
12 16 30 +13 17 00 I3087 D*
12 16 30 +09 28 00 I3088 S*
12 16 24 +23 49 00 I3089 Gx 0.4 16p
12 16 30 +09 26 00 I3090 D*
12 16 36 +13 59 00 I3091 D*
12 16 36 +10 03 00 I3092
12 16 42 +14 17 00 I3093 Nb
12 16 54 +13 37 00 I3094 Gx 0.6 14p
12 16 54 +23 56 00 I3095 Gx 0.5 16p
12 16 54 +14 31 00 I3096 Nb 1
12 17 00 +09 24 00 I3097 Gx 15p
12 17 12 +07 12 00 I3098
12 17 06 +12 27 00 I3099 Gx 2.1 15p
12 17 12 +12 15 00 I3100
12 17 18 +11 56 00 I3101 Gx 15p
12 17 24 +06 41 00 I3102
12 17 30 +09 22 00 I3103 S*
12 18 48 -79 44 00 I3104 Gx 4.7
12 17 36 +12 23 00 I3105 Gx 1.8 15p
12 17 48 +09 37 00 I3106
12 17 48 +10 50 00 I3107 Gx 1.5 14p
12 17 48 +13 21 00 I3108
12 17 48 +13 08 00 I3109
12 17 42 +37 23 00 I3110
12 17 48 +08 26 00 I3111 Gx 15p
12 17 48 +26 01 00 I3112 Gx 1.3
12 18 00 +07 11 00 I3113
12 17 54 +09 08 00 I3114 ?
12 18 00 +06 39 00 I3115 Gx 1.7 13.1
12 18 00 +25 05 00 I3116
12 18 06 +09 04 00 I3117 ?
12 18 12 +09 30 00 I3118 Gx 1.6 15p
12 18 06 +24 41 00 I3119 Gx 15p
12 18 24 +13 42 00 I3120
12 18 24 +13 14 00 I3121
12 18 18 +25 13 00 I3122 Gx 1.5 15p
12 18 24 +08 04 00 I3123 S*
12 18 30 +09 35 00 I3124 S*
12 18 24 +24 22 00 I3125
12 18 36 +13 48 00 I3126
12 18 30 +11 51 00 I3127 Gx 0.6 16p
12 18 42 +11 43 00 I3128
12 18 42 +09 36 00 I3129 S*
12 18 48 +08 14 00 I3130 ?
12 18 48 +07 51 00 I3131 Gx 0.6 15p
12 18 48 +07 52 00 I3132
12 18 54 +07 39 00 I3133 ?
12 18 54 +08 58 00 I3134 Gx 15p
12 18 54 +27 30 00 I3135
12 19 00 +06 11 00 I3136 Gx 1.2
12 19 00 +12 27 00 I3137
12 19 00 +12 25 00 I3138
12 19 00 +09 08 00 I3139 S*
12 19 00 +27 08 00 I3140
12 18 54 +24 11 00 I3141 Gx 16p
12 19 06 +13 59 00 I3142 Nb
12 19 06 +27 18 00 I3143 Gx 16p
12 19 12 +25 18 00 I3144
12 19 12 +24 18 00 I3145
12 19 12 +25 43 00 I3146
12 19 18 +12 01 00 I3147
12 19 18 +07 52 00 I3148 Gx 0.8 15p
12 19 18 +12 18 00 I3149 Gx 0.5 16p
12 19 30 +07 48 00 I3150 ?
12 19 30 +09 24 00 I3151
12 19 36 -26 09 00 I3152 Gx 2.0
12 19 36 +05 23 00 I3153 Gx 15p
12 19 36 +25 35 00 I3154
12 19 48 +06 00 00 I3155 Gx 1.1
12 19 42 +09 09 00 I3156 Gx 0.6 15p
12 19 42 +12 25 00 I3157 Gx 15p
12 19 48 +09 18 00 I3158 S*
12 19 54 +11 39 00 I3159
12 20 00 +09 06 00 I3160 S*
12 20 00 +09 00 00 I3161 D*
12 20 00 +09 00 00 I3162 D*
12 20 00 +09 15 00 I3163 D*
12 20 06 +24 57 00 I3164
12 20 00 +27 58 00 I3165 Gx 2.0 15p
12 19 54 +60 42 00 I3166
12 20 12 +09 32 00 I3167 Gx 15p
12 20 18 +27 55 00 I3168 Gx 16p
12 20 24 +26 36 00 I3169
12 20 24 +09 25 00 I3170 Gx 0.4 15p
12 20 18 +25 32 00 I3171 Gx 0.3 15p
12 20 24 +27 49 00 I3172
12 20 30 +11 20 00 I3173 Gx 16p
12 20 24 +10 14 00 I3174 Gx 16p
12 20 24 +09 50 00 I3175 Gx 15p
12 20 30 +25 31 00 I3176
12 20 36 +14 07 00 I3177
12 20 36 +26 10 00 I3178
12 20 36 +26 10 00 I3179
12 20 24 +60 42 00 I3180
12 20 42 +29 21 00 I3181
12 20 48 +12 44 00 I3182 T*
12 20 48 +06 41 00 I3183 S*
12 20 42 +24 55 00 I3184 Gx 16p
12 20 54 +25 26 00 I3185
12 20 54 +24 40 00 I3186 Gx 0.4 15p
12 20 54 +11 10 00 I3187 Gx 16p
12 20 54 +11 01 00 I3188 Gx 0.4 15p
12 20 54 +25 26 00 I3189
12 21 00 +09 34 00 I3190 S*
12 21 06 +07 42 00 I3191 ?
12 21 06 +11 44 00 I3192
12 20 54 +27 54 00 I3193 Gx 0.8 16p
12 21 12 +25 08 00 I3194
12 21 18 +25 48 00 I3195
12 21 30 +11 44 00 I3196
12 21 24 +25 27 00 I3197
12 21 30 +26 22 00 I3198
12 21 42 +10 36 00 I3199 Gx 1.1 15p
12 21 36 +26 46 00 I3200
12 21 42 +25 43 00 I3201
12 21 42 +27 03 00 I3202
12 21 42 +25 53 00 I3203 Gx 1.5 16p
12 21 48 +24 15 00 I3204
12 21 48 +26 20 00 I3205
12 21 48 +26 22 00 I3206
12 21 54 +24 21 00 I3207
12 22 00 +11 57 00 I3208
12 22 06 +11 45 00 I3209 Gx 15p
12 22 00 +28 26 00 I3210 Gx 15p
12 22 06 +08 59 00 I3211 Gx 1.1 15p
12 22 06 +28 11 00 I3212 Gx 16p
12 22 06 +23 52 00 I3213 Gx 16p
12 22 12 +27 14 00 I3214
12 22 06 +26 03 00 I3215 Gx 2.0 16p
12 22 12 +25 17 00 I3216
12 22 12 +26 23 00 I3217
12 22 12 +06 55 00 I3218 Gx 0.6 16p
12 22 18 +25 57 00 I3219
12 22 24 +10 35 00 I3220
12 22 18 +25 17 00 I3221
12 22 18 +28 50 00 I3222 Gx 1.1 16p
12 22 30 +09 29 00 I3223 S*
12 22 36 +12 09 00 I3224
12 22 36 +06 41 00 I3225
12 22 36 +26 04 00 I3226
12 22 36 +24 05 00 I3227
12 22 42 +24 20 00 I3228
12 22 42 +06 41 00 I3229
12 22 42 +27 45 00 I3230
12 22 42 +24 49 00 I3231
12 22 48 +24 26 00 I3232
12 22 54 +12 34 00 I3233
12 22 54 +28 07 00 I3234
12 23 00 +13 32 00 I3235
12 23 00 +10 05 00 I3236
12 23 00 +28 30 00 I3237
12 23 06 +14 25 00 I3238 Gx 0.6 15p
12 23 06 +11 43 00 I3239 Gx 16p
12 23 12 +10 20 00 I3240
12 23 06 +26 54 00 I3241
12 23 12 +26 15 00 I3242
12 23 12 +27 45 00 I3243 Gx 16p
12 23 12 +14 23 00 I3244 Gx 0.7
12 23 18 +09 07 00 I3245 ?
12 23 18 +13 03 00 I3246
12 23 18 +28 53 00 I3247 Gx 2.4 16p
12 23 18 +25 33 00 I3248
12 23 18 +25 27 00 I3249
12 23 18 +25 38 00 I3250
12 23 18 +25 39 00 I3251
12 23 24 +28 37 00 I3252 OC
12 23 42 -34 38 00 I3253 Gx 3.3 12p
12 23 30 +19 27 00 I3254
12 23 36 +09 37 00 I3255 Gx 15p
12 23 42 +07 03 00 I3256 Gx 1.4 12.6
12 23 42 +07 16 00 I3257 ?
12 23 42 +12 28 00 I3258 Gx 1.9 14p
12 23 48 +07 11 00 I3259 Gx 1.8 13.6
12 23 54 +07 07 00 I3260 Gx 1.9 13.3
12 23 54 +11 28 00 I3261
12 23 48 +27 24 00 I3262 OC
12 23 48 +28 12 00 I3263 Gx 0.6 15p
12 23 54 +25 34 00 I3264
12 24 00 +07 48 00 I3265 ?
12 24 00 +07 47 00 I3266
12 24 06 +07 03 00 I3267 Gx 1.1 13.5
12 24 06 +06 36 00 I3268 Gx 0.7 14p
12 24 06 +27 26 00 I3269
12 24 06 +27 35 00 I3270
12 24 12 +07 57 00 I3271 Gx 1.1 15p
12 24 12 +23 18 00 I3272
12 24 18 +08 32 00 I3273
12 24 18 +09 17 00 I3274 Gx 1.4 14p
12 24 18 +10 25 00 I3275
12 24 12 +25 49 00 I3276
12 24 18 +25 34 00 I3277
12 24 18 +27 25 00 I3278
12 24 24 +12 51 00 I3279 S*
12 24 24 +13 14 00 I3280 Gx 0.7 15p
12 24 30 +07 49 00 I3281 ?
12 24 30 +25 40 00 I3282
12 24 30 +27 13 00 I3283
12 24 36 +10 49 00 I3284
12 24 36 +24 52 00 I3285
12 24 36 +23 45 00 I3286
12 24 36 +24 36 00 I3287
12 24 42 +24 57 00 I3288
12 25 00 -26 02 00 I3289 Gx 0.8 14p
12 25 12 -39 47 00 I3290 Gx 1.6
12 24 54 +12 00 00 I3291
12 24 48 +18 11 00 I3292 Gx 15p
12 24 54 +17 26 00 I3293
12 24 48 +25 36 00 I3294
12 24 48 +28 42 00 I3295
12 25 00 +24 23 00 I3296 Gx 16p
12 25 00 +26 46 00 I3297
12 25 00 +17 02 00 I3298
12 25 06 +27 23 00 I3299
12 25 00 +25 57 00 I3300 Gx 1.1 15p
12 25 12 +14 09 00 I3301
12 25 12 +25 53 00 I3302
12 25 12 +12 43 00 I3303 Gx 1.4
12 25 12 +25 25 00 I3304
12 25 12 +11 50 00 I3305 Gx 1.1 15p
12 25 12 +27 24 00 I3306
12 25 24 +14 09 00 I3307 S*
12 25 18 +26 42 00 I3308 Gx 1.5 15p
12 25 24 +28 23 00 I3309 Gx 1.4 16p
12 25 30 +15 40 00 I3310 S*
12 25 30 +12 15 00 I3311 Gx 2.1 15p
12 25 30 +23 35 00 I3312
12 25 30 +15 50 00 I3313
12 25 30 +23 35 00 I3314
12 25 42 +12 18 00 I3315
12 25 36 +26 10 00 I3316
12 25 36 +25 21 00 I3317
12 25 48 +09 46 00 I3318 S*
12 25 48 +10 23 00 I3319
12 25 48 +10 27 00 I3320
12 25 48 +26 05 00 I3321
12 25 54 +07 33 00 I3322 Gx 2.5
12 25 48 +27 33 00 I3323 Gx 3.1 13p
12 25 48 +26 44 00 I3324
12 25 48 +23 54 00 I3325
12 25 54 +23 46 00 I3326
12 26 00 +14 52 00 I3327 Gx 15p
12 25 54 +10 03 00 I3328 Gx 0.6 15p
12 25 54 +27 34 00 I3329
12 25 54 +30 51 00 I3330 Gx 1.4
12 26 00 +11 48 00 I3331 Gx 0.2 15p
12 26 06 +25 17 00 I3332
12 26 12 +13 08 00 I3333 S*
12 26 12 +28 28 00 I3334
12 26 18 +26 08 00 I3335
12 26 18 +26 49 00 I3336 Gx 15p
12 26 24 +25 19 00 I3337
12 26 24 +25 53 00 I3338
12 26 30 +08 52 00 I3339
12 26 30 +16 50 00 I3340 Gx 0.7 15p
12 26 24 +27 45 00 I3341
12 26 30 +27 08 00 I3342
12 26 36 +08 53 00 I3343 ?
12 26 30 +13 34 00 I3344 Gx 0.5 15p
12 26 30 +24 22 00 I3345
12 26 42 +11 21 00 I3346
12 26 42 +10 53 00 I3347
12 26 36 +25 37 00 I3348
12 26 42 +12 27 00 I3349 Gx 15p
12 26 48 +09 27 00 I3350 S*
12 26 42 +27 36 00 I3351
12 26 48 +08 45 00 I3352 ?
12 26 42 +27 55 00 I3353
12 26 54 +12 06 00 I3354 S*
12 26 48 +13 11 00 I3355 Gx 1.3
12 26 48 +11 34 00 I3356 Gx 1.4 15p
12 26 48 +09 45 00 I3357 Gx 15p
12 26 54 +11 39 00 I3358 Gx 1.2 15p
12 26 54 +23 30 00 I3359
12 26 48 +26 03 00 I3360
12 27 00 +10 38 00 I3361
12 26 54 +26 41 00 I3362
12 27 00 +12 33 00 I3363 Gx 15p
12 27 06 +25 34 00 I3364
12 27 06 +15 54 00 I3365 Gx 1.9 14p
12 27 18 +09 24 59 I3366 ?
12 27 12 +26 56 59 I3367 Gx 16p
12 27 18 +16 24 59 I3368
12 27 18 +16 01 59 I3369
12 27 36 -39 20 00 I3370 Gx 2.8 11.1
12 27 18 +10 51 59 I3371 Gx 1.9 15p
12 27 24 +25 17 00 I3372
12 27 30 +25 27 00 I3373
12 27 30 +09 59 00 I3374 Gx 16p
12 27 42 +27 22 00 I3375
12 27 48 +26 59 00 I3376 Gx 1.8 14p
12 27 54 +24 56 00 I3377
12 28 06 +17 18 00 I3378
12 28 06 +17 18 00 I3379
12 28 06 +26 40 00 I3380
12 28 18 +11 47 00 I3381 Gx 1.5
12 28 12 +13 33 00 I3382 Gx 1.0 16p
12 28 12 +10 17 00 I3383 Gx 0.7 15p
12 28 12 +25 05 00 I3384
12 28 12 +25 26 00 I3385
12 28 24 +13 11 00 I3386
12 28 18 +28 00 00 I3387
12 28 24 +12 49 00 I3388 Gx 15p
12 28 24 +27 51 00 I3389
12 28 30 +24 49 00 I3390
12 28 24 +18 24 00 I3391 Gx 1.1 14p
12 28 42 +15 00 00 I3392 Gx 2.4
12 28 42 +12 55 00 I3393 Gx 1.4
12 28 48 +26 47 00 I3394 Gx 0.4 16p
12 28 42 +25 02 00 I3395
12 28 42 +25 03 00 I3396
12 28 48 +25 44 00 I3397
12 29 00 +13 34 00 I3398 S*
12 28 54 +25 42 00 I3399
12 29 00 +09 24 00 I3400 ?
12 29 00 +26 28 00 I3401
12 29 00 +28 51 00 I3402 Gx 1.0 16p
12 29 00 +24 38 00 I3403 Gx 16p
12 29 12 +07 09 00 I3404 ?
12 29 00 +37 44 00 I3405
12 29 06 +27 38 00 I3406 Gx 0.5 16p
12 29 00 +27 47 00 I3407 Gx 1.2 15p
12 29 18 +11 53 00 I3408 S*
12 29 24 +14 46 00 I3409 Gx 0.6 17p
12 29 06 +19 00 00 I3410 Gx 16p
12 29 12 +24 35 00 I3411
12 29 18 +09 59 00 I3412 Gx 15p
12 29 24 +11 26 00 I3413 Gx 1.6
12 29 24 +06 46 00 I3414 Gx 1.7
12 29 24 +26 46 00 I3415
12 29 36 +10 47 00 I3416 Gx 0.1 15p
12 29 42 +07 52 00 I3417 S*
12 29 42 +11 24 00 I3418 Gx 1.5
12 29 42 +15 02 00 I3419
12 29 42 +13 27 00 I3420 S*
12 29 36 +26 14 00 I3421 OC
12 29 42 +14 42 00 I3422
12 29 48 +13 40 00 I3423 ?
12 29 42 +24 24 00 I3424
12 29 54 +10 36 00 I3425 Gx 1.9 15p
12 30 00 +13 36 00 I3426 S*
12 30 06 +10 46 00 I3427 Gx 14p
12 30 06 +23 40 00 I3428
12 30 06 +23 33 00 I3429
12 30 12 +09 04 00 I3430 Gx 1.2 15p
12 30 24 +11 35 00 I3431 S*
12 30 24 +14 10 00 I3432 Gx 0.6 15p
12 30 24 +17 18 00 I3433
12 30 30 +18 48 00 I3434 Gx 15p
12 30 36 +15 07 00 I3435 Gx 1.2 16p
12 30 30 +19 39 00 I3436 Gx 0.4 15p
12 30 48 +11 20 00 I3437 Gx 15p
12 31 00 +08 05 00 I3438
12 31 00 +25 34 00 I3439
12 31 06 +12 02 00 I3440
12 31 12 +28 51 00 I3441 Gx 0.4 15p
12 31 18 +14 07 00 I3442 Gx 1.5
12 31 18 +12 19 00 I3443 Gx 0.2 16p
12 31 12 +27 33 00 I3444
12 31 18 +12 44 00 I3445
12 31 18 +11 29 00 I3446 Gx 15p
12 31 24 +10 40 00 I3447 S*
12 31 24 +17 12 00 I3448
12 31 24 +25 55 00 I3449 D*
12 31 24 +26 48 00 I3450 Gx
12 31 24 +28 51 00 I3451 Gx 0.5 15p
12 31 30 +11 37 00 I3452
12 31 30 +14 51 00 I3453 Gx 1.2 15p
12 31 36 +27 30 00 I3454 Gx 1.3 16p
12 31 42 +25 47 00 I3455 ?
12 31 42 +28 21 00 I3456
12 31 54 +12 39 00 I3457 Gx 1.6
12 31 42 +28 09 00 I3458
12 31 54 +12 10 00 I3459 Gx 1.2 15p
12 31 48 +27 23 00 I3460
12 32 00 +11 53 00 I3461 Gx 0.6 15p
12 32 00 +15 18 00 I3462
12 32 06 +12 19 00 I3463 D*
12 32 00 +26 00 00 I3464 S*
12 32 12 +12 04 00 I3465
12 32 12 +11 48 00 I3466
12 32 18 +11 47 00 I3467
12 32 18 +10 14 00 I3468 Gx
12 32 12 +25 48 00 I3469
12 32 24 +11 15 00 I3470 Gx
12 32 18 +16 01 00 I3471 Gx 0.7 16p
12 32 18 +24 44 00 I3472
12 32 18 +18 14 00 I3473 Gx 1.1 15p
12 32 36 +02 40 00 I3474 Gx 2.2
12 32 42 +12 46 00 I3475 Gx 2.6 13.3
12 32 42 +14 03 00 I3476 Gx 2.2 12.7
12 32 36 +26 03 00 I3477 S*
12 32 42 +14 12 00 I3478 Gx 1.3
12 32 42 +25 24 00 I3479
12 32 42 +26 50 00 I3480
12 32 54 +11 24 00 I3481 Gx 0.7 14.0
12 33 00 +27 50 00 I3482
12 33 12 +11 21 00 I3483 Gx 0.5 15.0
12 33 06 +17 24 00 I3484 Gx 0.6 15p
12 33 12 +09 13 00 I3485 S*
12 33 12 +12 52 00 I3486
12 33 12 +09 24 00 I3487
12 33 06 +26 21 00 I3488 Gx
12 33 12 +12 14 00 I3489 Gx 0.6 15p
12 33 12 +10 55 00 I3490 Gx 0.6 16p
12 33 12 +27 06 00 I3491 Gx
12 33 12 +12 51 00 I3492 Gx 15p
12 33 24 +09 23 00 I3493 S*
12 33 12 +27 35 00 I3494 Gx
12 33 30 +26 47 00 I3495 Gx
12 33 30 +26 44 00 I3496 Gx
12 33 30 +25 29 00 I3497
12 33 30 +26 44 00 I3498 S*
12 33 42 +10 59 00 I3499 Gx 1.6 13.3
12 33 48 +13 58 00 I3500 Gx 15p
12 33 48 +13 19 00 I3501 Gx 0.6 15p
12 33 42 +26 37 00 I3502 Gx
12 33 48 +37 47 00 I3503
12 34 06 +06 53 00 I3504 ?
12 34 06 +15 57 00 I3505 Gx 0.8 15p
12 34 12 +12 44 00 I3506
12 34 06 +25 22 00 I3507
12 34 06 +26 40 00 I3508 Gx
12 34 18 +12 04 00 I3509 Gx 15p
12 34 18 +11 04 00 I3510 Gx 1.1 15p
12 34 12 +27 21 00 I3511 ?
12 34 12 +27 22 00 I3512 ?
12 34 12 +27 20 00 I3513 ?
12 34 18 +26 42 00 I3514 D*
12 34 18 +27 52 00 I3515
12 34 18 +27 27 00 I3516 Gx
12 34 30 +09 09 00 I3517 Gx 1.5 15p
12 34 30 +09 37 00 I3518 Gx 1.3 15p
12 34 30 +15 34 00 I3519 ?
12 34 30 +13 30 00 I3520 Gx 15p
12 34 36 +07 09 00 I3521 Gx
12 34 48 +15 13 00 I3522 Gx 1.5
12 34 42 +14 01 00 I3523
12 34 42 +14 14 00 I3524 D*
12 34 48 +10 10 00 I3525
12 34 42 +25 41 00 I3526
12 34 42 +26 09 00 I3527 D*
12 34 54 +15 34 00 I3528 Gx 0.7
12 34 48 +25 42 00 I3529
12 34 48 +17 48 00 I3530 Gx 15p
12 34 54 +26 38 00 I3531 Gx
12 35 00 +25 53 00 I3532
12 35 00 +25 46 00 I3533 Gx 16p
12 35 12 +15 00 00 I3534
12 35 12 +25 44 00 I3535
12 35 12 +26 32 00 I3536 Gx
12 35 24 +07 39 00 I3537 D*
12 35 12 +26 14 00 I3538 S*
12 35 18 +23 59 00 I3539
12 35 24 +12 45 00 I3540 Gx 0.4 15p
12 35 24 +23 58 00 I3541
12 35 48 +11 40 00 I3542
12 35 42 +26 17 00 I3543 Gx 1.1
12 35 48 +14 18 00 I3544 D*
12 35 42 +26 31 00 I3545
12 35 42 +26 13 00 I3546 Gx
12 35 48 +26 20 00 I3547 D*
12 35 54 +10 57 00 I3548
12 35 48 +26 24 00 I3549 S*
12 35 54 +27 56 00 I3550
12 35 54 +27 58 00 I3551
12 35 54 +28 00 00 I3552
12 35 54 +26 12 00 I3553 ?
12 35 54 +27 56 00 I3554
12 35 54 +28 00 00 I3555
12 36 00 +26 58 00 I3556 Gx
12 36 06 +16 38 00 I3557 Gx 0.7 15p
12 36 12 +11 51 00 I3558
12 36 06 +26 59 00 I3559 Gx
12 36 06 +27 05 00 I3560 Gx
12 36 06 +26 54 00 I3561 Gx
12 36 12 +09 55 00 I3562 Gx 16p
12 36 06 +27 56 00 I3563
12 36 12 +27 56 00 I3564
12 36 12 +26 45 00 I3565 Gx
12 36 18 +11 09 00 I3566 ?
12 36 24 +13 36 00 I3567 Gx 15p
12 32 54 +82 33 00 I3568 Pl 0.1 12p
12 36 06 +19 19 00 I3569 Gx 1.3 13p
12 36 18 +24 05 00 I3570
12 36 18 +26 05 00 I3571 Gx
12 36 30 +11 37 00 I3572 S*
12 36 30 +11 46 00 I3573
12 36 30 +12 24 00 I3574
12 36 30 +13 45 00 I3575
12 36 36 +06 37 00 I3576 Gx 3.0 14p
12 36 36 +11 54 00 I3577 D*
12 36 36 +11 06 00 I3578 Gx 1.0 15p
12 36 30 +26 06 00 I3579 S*
12 36 36 +18 17 00 I3580
12 36 36 +24 24 00 I3581 Gx 0.4 15p
12 36 30 +26 12 00 I3582 Gx 0.5
12 36 42 +13 15 00 I3583 Gx 2.2 14p
12 36 48 +12 14 00 I3584 S*
12 36 42 +26 50 00 I3585 Gx 1.4
12 36 54 +12 32 00 I3586 Gx 0.6 15p
12 36 48 +27 33 00 I3587 Gx 1.5 16p
12 36 54 +14 13 00 I3588 ?
12 37 00 +06 56 00 I3589
12 36 54 +27 17 00 I3590
12 37 00 +06 56 00 I3591
12 36 54 +27 53 00 I3592 Gx 1.3 15p
12 37 00 +27 46 00 I3593 Gx 0.4 15p
12 36 54 +26 07 00 I3594 S*
12 37 06 +23 47 00 I3595
12 37 18 +26 31 00 I3596 D*
12 37 24 +23 52 00 I3597
12 37 24 +28 12 00 I3598 Gx 1.7
12 37 42 +26 42 00 I3599 Gx
12 37 36 +27 08 00 I3600 Gx 0.6
12 37 48 +15 12 00 I3601 D
12 38 06 +10 05 00 I3602 Gx 15p
12 38 12 +15 32 00 I3603
12 38 24 +11 43 00 I3604
12 38 18 +19 31 00 I3605
12 38 24 +12 36 00 I3606
12 38 30 +10 22 00 I3607 ?
12 38 36 +10 29 00 I3608 Gx 3.5 15p
12 38 30 +14 22 00 I3609 Gx 15p
12 38 48 +26 52 00 I3610
12 39 06 +13 22 00 I3611 Gx
12 39 06 +14 43 00 I3612
12 39 06 +13 44 00 I3613
12 39 00 +26 18 00 I3614
12 39 00 +18 11 00 I3615 Gx 1.3 15p
12 39 12 +14 44 00 I3616 ?
12 39 24 +07 58 00 I3617 Gx 1.1 15p
12 39 12 +26 41 00 I3618 Gx
12 39 18 +24 08 00 I3619
12 39 18 +27 55 00 I3620 Gx
12 39 30 +15 29 00 I3621
12 39 30 +15 25 00 I3622
12 39 24 +27 07 00 I3623 Gx
12 39 36 +11 59 00 I3624
12 39 42 +10 58 00 I3625
12 39 30 +25 41 00 I3626 Gx 16p
12 39 30 +27 30 00 I3627
12 39 42 +26 15 00 I3628
12 39 48 +13 31 00 I3629
12 39 48 +25 26 00 I3630
12 39 48 +12 59 00 I3631 Gx 14p
12 40 00 +26 41 00 I3632
12 40 12 +09 53 00 I3633 Gx 15p
12 40 12 +09 50 00 I3634
12 40 12 +12 53 00 I3635 Gx 1.2 15p
12 40 12 +22 04 00 I3636
12 40 18 +14 43 00 I3637 Gx 16p
12 40 18 +10 31 00 I3638 Gx 0.6 15p
12 40 54 -36 45 00 I3639 Gx 1.4
12 40 24 +26 31 00 I3640
12 40 24 +26 31 00 I3641
12 40 24 +26 44 00 I3642
12 40 42 +12 24 00 I3643
12 40 36 +26 30 00 I3644
12 40 30 +26 32 00 I3645 Gx 0.7
12 40 30 +26 31 00 I3646 Gx 1.3
12 40 54 +10 28 00 I3647 ?
12 40 54 +12 59 00 I3648 ?
12 40 48 +21 06 00 I3649
12 40 42 +26 30 00 I3650 Gx 0.8 15p
12 40 48 +26 44 00 I3651 Gx 1.3
12 41 00 +11 11 00 I3652 Gx 1.0 15p
12 41 12 +11 24 00 I3653 Gx 15p
12 41 12 +22 35 00 I3654
12 41 12 +20 40 00 I3655
12 41 12 +22 36 00 I3656
12 41 18 +21 41 00 I3657
12 41 18 +14 42 00 I3658 Gx 15p
12 41 30 +22 56 00 I3659
12 41 36 +21 06 00 I3660
12 41 36 +22 30 00 I3661
12 41 36 +23 25 00 I3662 Gx 0.6 15p
12 41 42 +12 14 00 I3663
12 41 42 +19 57 00 I3664
12 41 48 +11 30 00 I3665 Gx 1.0 15p
12 41 54 +07 51 00 I3666
12 41 30 +41 09 00 I3667
12 41 30 +41 08 00 I3668
12 41 36 +41 08 00 I3669
12 41 54 +11 45 00 I3670
12 41 48 +23 31 00 I3671 Gx 0.5 15p
12 42 06 +11 45 00 I3672 Gx
12 42 06 +21 08 00 I3673
12 42 06 +22 31 00 I3674
12 41 54 +41 17 00 I3675 Gx 2.0 13p
12 42 12 +13 33 00 I3676 S*
12 42 12 +20 53 00 I3677
12 42 12 +20 53 00 I3678
12 42 12 +22 49 00 I3679
12 42 00 +39 06 00 I3680
12 42 00 +39 05 00 I3681
12 42 18 +20 51 59 I3682
12 42 18 +20 51 59 I3683
12 42 24 +11 42 59 I3684
12 42 30 +06 52 00 I3685
12 42 36 +10 34 00 I3686 Gx 1.5 16p
12 42 06 +38 30 00 I3687 Gx 3.5 13p
12 42 36 +14 22 00 I3688
12 42 36 +20 51 00 I3689
12 42 48 +10 22 00 I3690 Gx 1.3 15p
12 42 48 +22 47 00 I3691
12 42 54 +21 00 00 I3692 Gx 1.0 15p
12 43 00 +10 40 00 I3693
12 43 06 +11 13 00 I3694 Gx 0.7 15p
12 43 06 +22 45 00 I3695
12 43 12 +19 56 00 I3696
12 43 00 +39 50 00 I3697 Gx 0.7 17p
12 43 18 +11 13 00 I3698 Gx 0.5 15p
12 43 18 +19 00 00 I3699
12 43 18 +19 16 00 I3700
12 43 30 +11 02 00 I3701
12 43 30 +10 53 00 I3702 Gx 15p
12 43 24 +37 59 00 I3703
12 43 42 +10 47 00 I3704 Gx 1.3 15p
12 43 42 +19 20 00 I3705
12 43 48 +09 14 00 I3706 S*
12 43 30 +37 59 00 I3707
12 43 54 +13 08 00 I3708
12 44 00 +09 04 00 I3709 Gx 15p
12 44 06 +12 08 00 I3710 Gx
12 44 12 +11 10 00 I3711
12 44 18 +10 22 00 I3712 ?
12 44 06 +41 10 00 I3713 Gx 0.6 15p
12 44 24 +10 11 00 I3714 Gx 0.8 16p
12 44 24 +19 51 00 I3715
12 44 48 +08 06 00 I3716
12 44 24 +39 30 00 I3717 Gx 0.6 16p
12 44 48 +12 21 00 I3718 Gx 3.0
12 44 48 +08 06 00 I3719
12 44 48 +12 04 00 I3720 Gx 2.8
12 44 48 +18 45 00 I3721
12 44 54 +11 47 00 I3722 S*
12 44 30 +40 44 00 I3723 Gx 0.4
12 44 54 +10 17 00 I3724 Gx 16p
12 44 54 +18 45 00 I3725
12 44 42 +40 42 00 I3726 Gx 1.7 16p
12 45 06 +10 54 00 I3727 Gx 1.6 16p
12 45 06 +20 58 00 I3728
12 44 54 +39 20 00 I3729 Gx 0.2 16p
12 45 06 +21 11 00 I3730 Gx 0.4 14.6
12 45 12 +12 25 00 I3731
12 45 12 +10 18 00 I3732
12 45 18 +06 58 00 I3733
12 45 12 +23 02 00 I3734
12 45 18 +13 42 00 I3735 Gx 0.4 15p
12 45 18 +21 31 00 I3736 Gx 0.5 16p
12 45 18 +21 58 00 I3737
12 45 24 +19 14 00 I3738
12 45 30 +13 00 00 I3739 ?
12 45 30 +20 49 00 I3740 Gx 16p
12 45 36 +19 12 00 I3741
12 45 30 +13 20 00 I3742 Gx 1.9
12 45 42 +11 06 00 I3743 S*
12 45 42 +19 30 00 I3744
12 45 36 +19 10 00 I3745 Gx 0.3 15p
12 45 36 +37 49 00 I3746 Gx 16p
12 45 36 +37 58 00 I3747
12 45 48 +19 26 00 I3748
12 45 54 +19 32 00 I3749
12 46 00 +19 06 00 I3750
12 45 36 +37 49 00 I3751 Gx 16p
12 46 06 +19 01 00 I3752
12 46 06 +19 07 00 I3753
12 46 12 +08 21 00 I3754 Gx 1.4 15p
12 46 06 +19 09 00 I3755
12 46 18 +11 53 00 I3756 Gx 0.3 15p
12 46 00 +38 31 00 I3757
12 45 54 +40 47 00 I3758 Gx 15p
12 46 18 +20 47 00 I3759
12 46 24 +11 52 00 I3760
12 46 30 +20 17 00 I3761
12 46 36 +22 15 00 I3762
12 46 48 +21 59 00 I3763
12 47 00 +09 51 00 I3764
12 46 36 +38 34 00 I3765
12 46 54 +19 07 00 I3766
12 47 00 +10 10 00 I3767
12 46 42 +40 36 00 I3768
12 46 48 +40 28 00 I3769
12 47 18 +09 12 00 I3770
12 46 54 +39 10 00 I3771
12 47 06 +36 34 00 I3772 Gx 0.6 16p
12 47 12 +10 13 00 I3773 Gx 2.1 14p
12 46 54 +36 17 00 I3774 Gx 1.1 16p
12 47 18 +11 44 00 I3775
12 47 12 +22 29 00 I3776
12 47 24 +09 09 00 I3777
12 47 00 +40 37 00 I3778 Gx 16p
12 47 18 +12 10 00 I3779 Gx 15p
12 47 06 +40 14 00 I3780
12 47 24 +22 34 00 I3781
12 47 18 +40 23 00 I3782
12 47 24 +40 34 00 I3783 Gx 0.6 14p
12 47 54 +19 23 00 I3784
12 47 54 +19 17 00 I3785
12 47 36 +39 03 00 I3786
12 47 42 +40 37 00 I3787
12 48 06 +18 52 00 I3788 Gx 0.5 17p
12 48 06 +20 12 00 I3789
12 48 12 +11 07 00 I3790 S*
12 47 30 +54 27 00 I3791
12 48 18 +11 05 00 I3792 ?
12 48 12 +19 09 00 I3793
12 48 24 +19 10 00 I3794
12 48 06 +40 43 00 I3795 Gx 0.5 16p
12 48 30 +20 02 00 I3796
12 48 36 +11 36 00 I3797 ?
12 48 42 +09 14 00 I3798
12 49 00 -14 23 00 I3799 Gx 2.5 14p
12 48 30 +36 35 00 I3800
12 49 00 +10 57 00 I3801 ?
12 48 42 +38 15 00 I3802
12 49 06 +10 38 00 I3803
12 48 48 +35 20 00 I3804 Gx 1.6
12 48 42 +38 15 00 I3805
12 48 54 +14 54 00 I3806 Gx 1.7
12 49 30 -04 24 00 I3807
12 49 00 +40 36 00 I3808 Gx 0.6 15p
12 49 06 +36 29 00 I3809
12 49 06 +40 39 00 I3810
12 49 24 +21 28 00 I3811
12 49 54 -06 42 00 I3812 Gx 0.8 15p
12 50 00 -25 55 00 I3813 Gx 1.5
12 49 30 +20 03 00 I3814
12 49 36 +19 16 00 I3815
12 49 36 +37 15 00 I3816 Gx 0.5 15p
12 49 42 +22 50 00 I3817
12 49 48 +21 45 00 I3818
12 50 18 -14 23 00 I3819
12 49 42 +37 07 00 I3820
12 50 00 +20 58 00 I3821
12 50 24 -14 19 00 I3822 Gx 1.1 15p
12 49 42 +40 53 00 I3823
12 50 30 -14 26 00 I3824
12 50 36 -14 30 00 I3825
12 50 42 -09 00 00 I3826 Gx 0.6 15p
12 50 48 -14 29 00 I3827 Gx 0.8 14p
12 50 24 +37 57 00 I3828 D*
12 52 12 -29 50 00 I3829 Gx 2.3
12 50 54 +19 50 00 I3830
12 51 18 -14 34 00 I3831 Gx 1.4 14p
12 50 48 +39 49 00 I3832
12 51 30 -13 19 00 I3833 Gx 1.8 13p
12 51 30 -14 13 00 I3834 Gx 0.7 14p
12 50 54 +40 12 00 I3835
12 51 06 +40 11 00 I3836
12 51 30 +19 43 00 I3837
12 52 00 -14 28 00 I3838
12 51 48 +20 25 00 I3839
12 51 48 +21 44 00 I3840
12 51 48 +22 21 00 I3841
12 51 36 +40 22 00 I3842
12 51 42 +39 00 00 I3843
12 52 06 +39 49 00 I3844
12 52 12 +38 37 00 I3845
12 52 42 +13 39 00 I3846
12 52 36 +22 04 00 I3847
12 52 42 +21 25 00 I3848
12 52 36 +40 46 00 I3849
12 52 42 +40 06 00 I3850 Gx 0.9 15p
12 53 06 +21 55 00 I3851
12 53 06 +35 47 00 I3852 Gx 1.4 16p
12 53 12 +38 50 00 I3853
12 53 12 +40 51 00 I3854
12 53 24 +36 46 59 I3855
12 53 48 +20 06 00 I3856
12 53 54 +19 36 00 I3857
12 53 54 +20 47 00 I3858
12 54 24 -09 06 00 I3859 OC
12 54 06 +19 18 00 I3860
12 53 54 +38 17 00 I3861
12 53 48 +36 06 00 I3862 Gx 1.0 16p
12 53 54 +38 29 00 I3863
12 54 12 +18 57 00 I3864
12 54 12 +18 52 00 I3865
12 54 18 +22 22 00 I3866 OC
12 54 18 +18 56 00 I3867
12 54 18 +19 00 00 I3868
12 54 24 +18 58 00 I3869
12 54 24 +22 23 00 I3870
12 54 24 +18 56 00 I3871
12 54 30 +18 58 00 I3872
12 54 30 +18 53 00 I3873
12 54 36 +18 57 00 I3874
12 54 36 +22 02 00 I3875
12 54 48 +19 01 00 I3876
12 54 48 +19 18 00 I3877
12 54 30 +40 04 00 I3878
12 54 30 +38 38 00 I3879 Gx 0.6 16p
12 54 48 +22 30 00 I3880
12 54 48 +19 11 00 I3881 Gx 3.9 13p
12 54 54 +22 34 00 I3882
12 55 18 -08 09 00 I3883
12 55 00 +19 41 00 I3884
12 54 42 +37 09 00 I3885
12 55 00 +19 01 00 I3886
12 54 42 +40 18 00 I3887
12 54 42 +39 34 00 I3888 Gx 0.9 16p
12 54 54 +36 01 00 I3889
12 54 48 +37 11 00 I3890
12 55 00 +36 03 00 I3891
12 55 06 +39 13 00 I3892
12 55 06 +38 34 00 I3893
12 55 30 +19 04 00 I3894
12 55 12 +39 12 00 I3895
12 56 36 -50 19 00 I3896 Gx 2.2 13p
12 55 18 +39 40 00 I3897
12 55 24 +37 35 00 I3898
12 55 42 +20 38 00 I3899
12 55 42 +27 15 00 I3900 Gx 0.7
12 55 54 +21 56 00 I3901 S*
12 55 36 +36 00 00 I3902
12 55 36 +40 24 00 I3903
12 55 54 +36 18 00 I3904 Gx 0.5 15p
12 56 06 +19 51 00 I3905
12 55 48 +40 28 00 I3906
12 56 18 +18 47 00 I3907
12 56 42 -07 35 00 I3908
12 56 00 +40 23 00 I3909
12 56 06 +39 43 00 I3910
12 56 12 +35 38 00 I3911
12 56 06 +39 55 00 I3912
12 56 30 +27 17 00 I3913 Gx 0.6 15p
12 56 24 +36 22 00 I3914
12 56 42 +20 07 00 I3915
12 56 30 +38 37 00 I3916 Gx 1.1 16p
12 56 54 +22 22 00 I3917 Gx
12 56 54 +22 22 00 I3918
12 56 48 +38 32 00 I3919
12 56 48 +39 58 00 I3920
12 57 00 +38 38 00 I3921
12 57 00 +38 29 00 I3922
12 57 00 +37 57 00 I3923
12 57 24 +18 47 00 I3924
12 57 18 +36 25 00 I3925
12 57 30 +22 49 00 I3926
12 58 12 -22 53 00 I3927 Gx 1.4
12 57 18 +40 26 00 I3928
12 57 42 +20 24 00 I3929
12 57 24 +38 46 00 I3930
12 58 00 +19 37 00 I3931
12 58 06 +19 35 00 I3932
12 57 54 +36 39 00 I3933
12 58 18 +18 50 00 I3934
12 58 12 +26 23 00 I3935
12 58 18 +19 03 00 I3936
12 58 24 +18 49 00 I3937
12 58 24 +18 45 00 I3938
12 58 30 +18 45 00 I3939
12 58 18 +35 50 00 I3940
12 58 12 +39 46 00 I3941
12 58 18 +36 06 00 I3942
12 58 36 +28 07 00 I3943 Gx
12 58 42 +23 47 00 I3944
12 58 30 +39 56 00 I3945
12 58 48 +27 49 00 I3946 Gx 1.0 13.9
12 58 54 +27 47 00 I3947 Gx
12 59 00 +24 04 00 I3948
12 58 54 +27 50 00 I3949 Gx 1.3
12 59 06 +18 44 00 I3950
12 59 12 +18 46 00 I3951
12 58 54 +38 52 00 I3952
12 59 12 +23 05 00 I3953
12 59 12 +19 16 00 I3954
12 59 06 +28 00 00 I3955 Gx
12 58 54 +37 24 00 I3956
12 59 06 +27 46 00 I3957 Gx 16p
12 59 12 +24 02 00 I3958
12 59 06 +27 47 00 I3959 Gx 0.6
12 59 06 +27 51 00 I3960 Gx 0.4
12 59 06 +34 52 00 I3961 Gx 4.2 13p
12 59 18 +23 40 00 I3962
12 59 12 +27 47 00 I3963 Gx 0.7
12 59 12 +27 51 00 I3964 S*
12 59 24 +18 51 00 I3965
12 59 18 +35 52 00 I3966 Gx 0.4 15p
12 59 12 +36 07 00 I3967 Gx 0.4 15p
12 59 24 +27 58 00 I3968 Gx
12 59 30 +19 39 00 I3969
12 59 12 +40 24 00 I3970
12 59 30 +22 51 00 I3971
12 59 18 +37 17 00 I3972
12 59 30 +27 53 00 I3973 Gx
13 05 18 -35 20 00 I3974 Gx 2.1
12 59 12 +38 53 00 I3975 Gx 0.5 15p
12 59 30 +27 51 00 I3976 Gx
12 59 18 +36 48 00 I3977
12 59 36 +19 38 00 I3978
12 59 24 +36 20 00 I3979
12 59 18 +39 09 00 I3980
12 59 24 +37 14 00 I3981
12 59 18 +40 05 00 I3982
12 59 18 +39 15 00 I3983
12 59 42 +19 38 00 I3984
12 59 42 +19 35 00 I3985
13 01 30 -32 17 00 I3986 Gx 2.0
12 59 24 +38 44 00 I3987
12 59 30 +37 15 00 I3988
12 59 30 +36 47 00 I3989
12 59 36 +28 54 00 I3990 Gx 1.3
12 59 36 +28 56 00 I3991 Gx 15p
12 59 30 +36 46 00 I3992
12 59 30 +40 36 00 I3993
12 59 48 +22 43 00 I3994
12 59 36 +38 53 00 I3995
12 59 30 +40 28 00 I3996
12 59 36 +36 42 00 I3997
12 59 48 +27 58 00 I3998 Gx 14.7
13 00 30 -14 18 00 I3999 Gx
