12 59 36 +39 35 00 I4000
12 59 36 +38 52 00 I4001
12 59 42 +36 46 00 I4002
12 59 42 +38 49 00 I4003
12 59 42 +38 49 00 I4004
13 00 00 +22 38 00 I4005
12 59 48 +37 01 00 I4006
13 00 06 +19 58 00 I4007
13 00 06 +22 21 00 I4008
12 59 54 +36 40 00 I4009
12 59 54 +37 53 00 I4010
13 00 06 +28 00 00 I4011 Gx 15.0
13 00 06 +28 05 00 I4012 Gx 14.8
13 00 00 +37 12 00 I4013
13 00 12 +22 30 00 I4014
13 00 00 +37 12 00 I4015
13 00 00 +37 12 00 I4016
13 00 18 +22 33 00 I4017
13 00 00 +40 29 00 I4018
13 00 18 +23 43 00 I4019
13 00 00 +38 36 00 I4020
13 00 12 +28 02 00 I4021 Gx 0.3 14.9
13 00 06 +38 29 00 I4022
13 00 24 +19 06 00 I4023
13 00 06 +40 31 00 I4024
13 00 30 +19 06 00 I4025
13 00 24 +28 03 00 I4026 Gx 14.7
13 00 12 +37 08 00 I4027
13 00 18 +36 15 00 I4028 Gx 1.2 15p
13 00 12 +38 46 00 I4029
13 00 30 +27 57 00 I4030 Gx
13 00 18 +39 09 00 I4031
13 00 24 +28 52 00 I4032 Gx 15p
13 00 30 +27 58 00 I4033 Gx
13 00 18 +37 03 00 I4034
13 00 18 +40 18 00 I4035
13 00 24 +36 55 00 I4036
13 00 18 +39 00 00 I4037
13 00 24 +37 02 00 I4038
13 00 42 +21 41 00 I4039
13 00 36 +28 03 00 I4040 Gx 1.1
13 00 42 +28 00 00 I4041 Gx 0.7
13 00 42 +27 58 00 I4042 Gx 14.3
13 00 42 +37 06 00 I4043 Gx 1.0 16p
13 00 48 +27 55 00 I4044 Gx
13 00 48 +28 05 00 I4045 Gx 0.7 13.9
13 00 42 +36 41 00 I4046
13 01 00 +19 41 00 I4047 Gx 16p
13 00 36 +39 50 00 I4048
13 00 42 +36 21 00 I4049 Gx 1.2 15p
13 00 42 +36 40 00 I4050
13 00 54 +28 00 00 I4051 Gx 1.3 13.4
13 00 42 +39 40 00 I4052
13 01 00 +22 56 00 I4053
13 01 00 +22 54 00 I4054
13 01 00 +22 54 00 I4055
13 00 42 +39 45 00 I4056 Gx 1.1 16p
13 01 06 +23 09 00 I4057
13 01 12 +19 30 00 I4058
13 01 18 +19 16 00 I4059
13 00 48 +40 35 00 I4060 Gx 0.7 15p
13 01 00 +39 35 00 I4061
13 01 00 +39 52 00 I4062
13 01 06 +39 15 00 I4063
13 01 06 +39 50 00 I4064
13 01 12 +39 44 00 I4065 Gx 0.7 15p
13 01 42 +19 16 00 I4066
13 01 18 +39 56 00 I4067
13 01 18 +39 54 00 I4068
13 01 24 +36 05 00 I4069
13 01 42 +19 18 00 I4070
13 02 00 -07 35 00 I4071 Gx 0.5 15p
13 01 24 +37 21 00 I4072
13 01 24 +39 55 00 I4073
13 01 48 +19 00 00 I4074
13 01 48 +19 58 00 I4075
13 01 48 +23 23 00 I4076
13 01 36 +37 23 00 I4077
13 01 42 +36 38 00 I4078 Gx 1.0 16p
13 01 54 +19 15 00 I4079
13 02 00 +19 15 00 I4080
13 01 54 +22 46 00 I4081
13 01 36 +37 20 00 I4082
13 01 36 +38 09 00 I4083
13 01 42 +36 58 00 I4084
13 01 36 +39 42 00 I4085
13 01 42 +36 38 00 I4086 Gx 1.0 16p
13 02 00 +20 00 00 I4087
13 01 48 +29 03 00 I4088 Gx 15p
13 02 06 +19 30 00 I4089
13 01 48 +36 50 00 I4090
13 02 12 +19 54 00 I4091
13 02 12 +19 11 00 I4092
13 02 06 +29 00 00 I4093
13 02 00 +37 48 00 I4094
13 02 18 +19 06 00 I4095
13 02 18 +24 01 00 I4096
13 02 06 +36 36 00 I4097
13 02 06 +37 59 00 I4098
13 02 24 +24 04 59 I4099
13 02 00 +40 25 00 I4100 Gx 1.5 15p
13 02 12 +39 56 00 I4101
13 02 18 +36 09 00 I4102
13 02 24 +38 01 59 I4103 Gx 0.7 15p
13 02 18 +38 35 00 I4104
13 02 18 +38 16 00 I4105
13 02 36 +28 07 00 I4106 Gx 15p
13 02 42 +22 00 00 I4107
13 02 30 +38 28 59 I4108
13 03 00 +19 00 00 I4109
13 03 00 +19 14 00 I4110
13 02 54 +28 04 00 I4111 Gx 16p
13 02 42 +37 13 00 I4112
13 03 06 +20 28 00 I4113
13 02 42 +40 06 00 I4114
13 02 48 +37 13 00 I4115
13 03 12 +19 05 00 I4116
13 02 48 +40 32 00 I4117
13 02 54 +38 18 00 I4118
13 03 18 +19 14 00 I4119
13 03 00 +37 05 00 I4120
13 03 24 +19 17 00 I4121
13 03 24 +20 11 00 I4122 Gx 15p
13 03 06 +38 19 00 I4123
13 03 30 +22 51 00 I4124
13 03 36 +18 48 00 I4125
13 03 36 +19 19 00 I4126
13 03 18 +38 04 00 I4127 Gx 0.4 15p
13 03 42 +20 13 00 I4128
13 03 42 +18 53 00 I4129
13 03 48 +19 16 00 I4130
13 03 24 +38 57 00 I4131
13 03 36 +38 23 00 I4132
13 03 48 +27 59 00 I4133 Gx 15p
13 04 24 -11 27 00 I4134
13 03 36 +40 15 00 I4135 Gx 1.0 16p
13 04 24 -05 58 00 I4136 ?
13 04 00 +22 44 00 I4137
13 04 00 +20 40 00 I4138
13 04 06 +19 18 00 I4139
13 04 06 +20 06 00 I4140
13 04 06 +19 13 00 I4141
13 03 48 +38 12 00 I4142
13 03 48 +40 12 00 I4143
13 03 54 +36 57 00 I4144 Gx 1.1 16p
13 03 48 +38 17 00 I4145
13 04 12 +19 17 00 I4146
13 04 12 +20 15 00 I4147
13 04 12 +19 15 00 I4148
13 04 00 +22 16 00 I4149 Gx 0.4 15p
13 04 12 +21 59 00 I4150
13 04 00 +36 51 00 I4151
13 04 00 +38 12 00 I4152
13 04 24 +19 03 00 I4153
13 04 30 +23 34 00 I4154
13 04 12 +40 01 00 I4155
13 05 00 -06 16 00 I4156 ?
13 04 18 +38 40 00 I4157
13 04 24 +36 29 00 I4158
13 04 48 +22 15 00 I4159
13 04 48 +22 54 00 I4160
13 04 36 +39 59 00 I4161
13 05 06 +20 33 00 I4162
13 05 06 +20 46 00 I4163
13 05 12 +20 33 00 I4164 OC
13 05 00 +39 55 00 I4165
13 05 24 +31 27 00 I4166 Gx 1.0 15p
13 05 30 +21 55 00 I4167
13 05 12 +40 13 00 I4168
13 05 12 +38 46 00 I4169
13 05 36 +21 08 00 I4170
13 05 24 +36 07 00 I4171 Gx 1.0 16p
13 05 36 +22 51 00 I4172
13 06 12 -11 34 00 I4173
13 05 30 +36 24 00 I4174
13 05 48 +20 22 00 I4175
13 06 18 -11 33 00 I4176
13 06 18 -13 35 00 I4177 Gx 0.8 15p
13 05 42 +36 00 00 I4178 Gx 1.2 16p
13 05 48 +37 12 00 I4179
13 06 54 -23 55 00 I4180 Gx 1.5
13 06 06 +21 30 00 I4181
13 05 48 +37 36 00 I4182 Gx 6.7 13p
13 06 12 +21 30 00 I4183
13 05 54 +38 50 00 I4184
13 06 12 +21 47 00 I4185
13 06 00 +36 59 00 I4186
13 06 00 +36 18 00 I4187
13 06 00 +36 20 00 I4188
13 06 00 +35 58 00 I4189 Gx 1.6
13 05 54 +37 37 00 I4190 Gx 5.0 13p
13 08 48 -67 39 00 I4191 Pl 0.1 12p
13 06 06 +37 36 00 I4192 ?
13 06 06 +39 26 00 I4193 Gx 16p
13 06 06 +38 52 00 I4194
13 06 18 +37 02 00 I4195
13 07 36 -24 01 00 I4196 Gx 2.0
13 08 06 -23 48 00 I4197 Gx 1.7
13 07 42 +24 49 00 I4198 Gx 1.1 15p
13 07 30 +35 51 00 I4199
13 09 36 -51 58 00 I4200 Gx 1.4
13 07 48 +35 50 00 I4201 Gx 0.4 15p
13 08 24 +24 42 00 I4202 Gx 1.8 15p
13 08 18 +40 26 00 I4203
13 08 24 +39 27 00 I4204 Gx 1.5 16p
13 08 42 +52 52 00 I4205
13 09 24 +39 01 00 I4206
13 09 30 +37 49 00 I4207
13 09 36 +37 15 00 I4208
13 10 24 -07 10 01 I4209 Gx 1.6
13 10 48 +29 42 00 I4210 Nb 1
13 10 54 +37 11 00 I4211 S*
13 12 06 -06 59 00 I4212
13 12 06 +35 40 00 I4213 Gx 2.6 14p
13 17 42 -32 06 01 I4214 Gx 2.4
13 16 12 +25 24 00 I4215 Gx 1.8 15p
13 17 00 -10 46 00 I4216 Gx 1.8 13p
13 17 12 -13 09 00 I4217 Gx 0.6 15p
13 17 06 -02 16 00 I4218 Gx 1.4 14p
13 18 30 -31 38 00 I4219 Gx 1.0
13 17 54 -13 36 00 I4220 Gx 0.7 14p
13 18 30 -14 36 00 I4221 Gx 1.1 13p
13 19 30 -28 26 00 I4222
13 18 54 +07 47 00 I4223 Gx 15p
13 19 06 -02 31 00 I4224 Gx 0.8 15p
13 20 00 +31 58 00 I4225 Gx 1.1 15p
13 20 30 +32 00 00 I4226
13 20 54 +32 11 00 I4227 Gx 16p
13 21 36 +25 31 00 I4228 Gx 15p
13 22 36 -02 24 00 I4229
13 22 06 +26 44 00 I4230 Gx 1.1 15p
13 23 12 -26 18 00 I4231 Gx 1.6
13 23 24 -26 07 00 I4232 Gx 1.1
13 24 00 -30 19 00 I4233
13 23 06 +27 07 00 I4234 Gx 0.6 15p
13 23 54 -12 45 00 I4235
13 23 36 +06 14 00 I4236
13 24 30 -21 08 00 I4237 Gx 2.1
13 24 00 +30 56 00 I4238
13 24 24 +30 57 00 I4239
13 24 30 +30 59 00 I4240
13 24 48 +26 44 00 I4241 Gx 0.5 15p
13 24 42 +31 01 00 I4242
13 25 54 -27 38 00 I4243
13 25 00 +26 27 00 I4244 Gx 16p
13 26 06 -26 40 00 I4245
13 26 06 -26 40 00 I4246
13 26 42 -30 22 00 I4247 Gx 1.2 15p
13 26 48 -29 54 00 I4248
13 27 12 -27 56 00 I4249 Gx 0.4 14p
13 26 18 +26 29 00 I4250 Gx 15p
13 27 24 -29 28 00 I4251
13 27 30 -27 19 00 I4252 Gx 1.5
13 27 30 -27 52 00 I4253 Gx 1.4
13 27 48 -27 14 00 I4254
13 28 00 -27 22 00 I4255 Gx 0.3 15p
13 27 00 +31 03 00 I4256
13 27 18 +46 52 00 I4257
13 27 54 +28 23 00 I4258
13 29 30 -30 08 00 I4259
13 29 30 -28 17 00 I4260
13 29 54 -28 02 00 I4261
13 30 18 -28 17 01 I4262
13 28 36 +46 56 00 I4263 Gx 2.0
13 30 18 -27 56 01 I4264 Gx 1.8
13 30 24 -25 46 01 I4265
13 29 06 +37 37 00 I4266
13 30 36 -26 16 00 I4267 Gx 1.2 15p
13 29 12 +37 40 00 I4268
13 29 24 +37 39 00 I4269 Gx 0.3 15p
13 30 48 -25 20 00 I4270 Gx 0.8 14p
13 29 24 +37 26 00 I4271 Gx 0.7 15p
13 31 12 -29 58 00 I4272
13 31 24 -28 54 00 I4273
13 31 24 -25 59 00 I4274 Pl
13 31 42 -29 44 00 I4275
13 32 12 -28 10 00 I4276
13 30 18 +47 19 00 I4277
13 30 24 +47 14 59 I4278 Gx
13 32 30 -27 08 00 I4279 Gx 1.6
13 32 30 -24 13 00 I4280
13 32 36 -27 10 00 I4281
13 31 18 +47 11 00 I4282
13 32 12 +28 24 00 I4283 Gx 15p
13 31 30 +46 47 00 I4284
13 31 48 +46 49 00 I4285
13 33 42 -27 38 00 I4286
13 32 42 +25 26 00 I4287 Gx 15p
13 34 36 -27 19 00 I4288 Gx 0.6 15p
13 34 54 -27 08 00 I4289 Gx 0.3 15p
13 35 18 -28 01 00 I4290 Gx 2.3
13 37 00 -62 03 00 I4291
13 35 48 -27 41 00 I4292
13 36 00 -25 53 00 I4293 Gx 1.8
13 36 30 -28 47 00 I4294
13 36 30 -29 06 00 I4295
13 36 36 -33 58 00 I4296 Gx 10.6
13 35 18 +26 26 00 I4297 Gx 1.1 15p
13 36 42 -26 34 00 I4298 Gx 1.4 14p
13 36 48 -34 04 00 I4299 Gx 12.7
13 35 24 +33 25 00 I4300 Gx 0.2 16p
13 35 36 +33 22 00 I4301 Gx 0.8 15p
13 35 36 +33 29 00 I4302 Gx 1.3 16p
13 37 18 -28 38 00 I4303 Gx 0.4 15p
13 36 00 +33 26 00 I4304 Gx 1.3 15p
13 36 00 +33 28 00 I4305 Gx 0.3 14p
13 36 18 +33 25 00 I4306 Gx 0.4 15p
13 36 30 +27 15 00 I4307 Gx 0.5 15p
13 36 48 +32 43 00 I4308
13 38 42 -29 41 00 I4309
13 38 54 -25 51 00 I4310 Gx 2.3
13 40 06 -51 03 00 I4311
13 40 30 -51 04 00 I4312 Gx 1.6
13 38 24 +26 45 00 I4313
13 38 24 +26 44 00 I4314
13 40 00 -25 28 00 I4315 Gx 1.6
13 40 18 -28 54 00 I4316 Gx 2.2
13 41 48 +27 06 00 I4317
13 43 18 -28 57 00 I4318 Gx 0.8 15p
13 43 24 -29 48 00 I4319 Gx 1.6
13 44 06 -27 15 00 I4320 Gx 0.6 14p
13 44 24 -30 08 00 I4321 Gx 0.5 15p
13 43 42 +25 23 00 I4322 Gx 15p
13 45 06 -28 39 00 I4323
13 45 24 -30 13 00 I4324 Gx 0.4 15p
13 47 36 -29 26 00 I4325 Gx 0.8 16p
13 48 24 -29 37 00 I4326 Gx 0.6 15p
13 48 42 -30 13 00 I4327 Gx 1.1
13 49 06 -29 57 00 I4328
13 49 06 -30 18 00 I4329 Gx 3.2 11.5
13 47 12 -28 20 00 I4330 Gx 1.4
13 49 24 +25 09 00 I4331
13 49 54 +25 11 00 I4332 Gx 0.8 15p
14 05 00 -84 16 01 I4333 Gx 1.7
13 49 48 +29 40 00 I4334 Pl 0.1
13 49 42 +33 40 00 I4335
13 50 42 +39 42 00 I4336 Gx 1.6 15p
13 52 12 +14 16 00 I4337 Gx 15p
13 52 42 -01 08 00 I4338
13 53 30 +37 32 00 I4339
13 53 36 +37 23 00 I4340 Gx 0.7 14p
13 53 36 +37 32 00 I4341
13 54 24 +25 07 00 I4342 Gx 0.8 15p
13 55 00 +25 06 00 I4343 Gx 0.7 16p
13 55 12 +25 02 00 I4344
13 55 12 +25 04 00 I4345
13 55 42 +25 09 00 I4346
13 57 36 -40 01 00 I4347
13 55 42 +25 11 00 I4348 Gx 16p
13 55 48 +25 09 00 I4349
13 57 12 -25 15 00 I4350 Gx 1.9
13 57 54 -29 19 00 I4351 Gx 5.6 12p
13 58 24 -34 31 00 I4352 Gx 1.9
13 57 06 +37 46 00 I4353
13 58 36 -12 35 00 I4354
13 58 06 +28 25 00 I4355 Gx 0.4 15p
13 58 42 +37 30 00 I4356
14 00 42 +31 54 00 I4357 Gx 1.2 15p
14 03 30 -10 09 00 I4358 Gx 1.2 15p
14 05 24 -45 16 00 I4359
14 04 06 -11 24 00 I4360
14 04 06 -09 46 00 I4361 Gx 0.6 15p
14 05 24 -41 49 00 I4362 Gx 1.7
14 04 12 -09 38 00 I4363
14 04 18 -10 00 00 I4364 Gx 0.6 15p
14 03 48 +09 31 00 I4365 Gx 0.8 15p
14 05 12 -33 46 00 I4366 Gx 1.8
14 05 36 -39 12 01 I4367 Gx 1.8
14 04 42 -09 57 00 I4368
14 04 06 +33 19 00 I4369
14 04 12 +33 21 00 I4370
14 04 12 +33 18 00 I4371
14 05 42 -10 53 01 I4372
14 05 42 +25 13 59 I4373 Gx 15p
14 07 30 -27 01 00 I4374 Gx 1.6
14 08 06 -33 19 00 I4375 Gx 3.0
14 10 48 -30 49 00 I4376 T*
14 17 00 -75 39 00 I4377 Gx 2.6
14 12 06 -34 16 00 I4378
14 12 06 -34 17 00 I4379
14 10 00 +37 32 59 I4380 Gx 0.5 14p
14 11 00 +25 29 00 I4381
14 11 06 +25 30 00 I4382
14 12 12 +15 51 00 I4383
14 11 54 +27 07 00 I4384 Gx 1.1 15p
14 14 42 -42 18 00 I4385
14 15 00 -43 58 00 I4386 Gx 3.1
14 15 00 -44 00 00 I4387 Gx 1.3
14 16 00 -31 46 00 I4388 Gx 0.8 15p
14 16 48 -40 33 00 I4389
14 17 00 -44 59 00 I4390 Gx 1.7
14 16 18 -31 41 00 I4391 Gx 0.5 15p
14 15 54 -13 07 00 I4392
14 17 48 -31 21 00 I4393 Gx 2.3
14 16 30 +39 42 00 I4394
14 17 12 +26 51 00 I4395 Gx 1.5 15p
14 17 30 +28 48 00 I4396
14 17 54 +26 25 00 I4397 Gx 1.1 14p
14 18 12 +28 50 59 I4398 Gx 0.5 15p
14 18 18 +26 22 59 I4399 Gx 1.2 15p
14 22 18 -60 35 01 I4400
14 19 24 -04 31 00 I4401 Gx 1.0 15p
14 21 12 -46 18 00 I4402 Gx 3.4
14 18 18 +31 38 59 I4403 Gx 1.4 15p
14 10 48 +78 38 00 I4404
14 19 24 +26 16 00 I4405 Gx 0.9 15p
14 22 24 -44 09 00 I4406 Pl 0.5 11p
14 23 36 -05 59 00 I4407
14 21 12 +29 59 00 I4408 Gx 1.0 15p
14 21 30 +31 35 00 I4409 Gx 0.7 15p
14 22 18 +17 22 59 I4410 Gx 0.6 16p
14 25 00 -35 01 00 I4411
14 23 12 +26 16 00 I4412
14 23 00 +37 32 00 I4413 Gx 0.2 16p
14 23 48 +28 19 00 I4414 Gx 0.5 15p
14 24 24 +16 38 00 I4415
14 24 24 +29 37 00 I4416 Gx 0.3 16p
14 24 54 +17 02 00 I4417 Gx 0.2 15p
14 25 18 +25 31 00 I4418
14 25 48 +16 38 00 I4419
14 25 36 +25 22 00 I4420 Gx 0.7 15p
14 28 06 -37 35 00 I4421
14 26 00 +30 28 00 I4422 Gx 0.2 15p
14 26 18 +26 15 00 I4423 Gx 1.1 15p
14 27 30 +04 49 00 I4424 Gx 0.8 15p
14 26 42 +27 12 00 I4425 Gx 15p
14 27 18 +16 50 00 I4426 Gx 0.4 16p
14 27 00 +26 51 00 I4427 Gx 0.7 15p
14 27 24 +16 12 00 I4428
14 27 42 +16 53 00 I4429 Gx 0.6 15p
14 29 24 -33 37 00 I4430
14 27 06 +30 57 00 I4431 Gx 1.3 15p
14 29 48 -39 32 01 I4432
14 27 48 +16 12 00 I4433
14 27 54 +16 13 00 I4434
14 27 30 +37 29 00 I4435 Gx 0.5 14p
14 27 54 +26 29 00 I4436 Gx 0.8 15p
14 27 24 +41 29 00 I4437
14 28 36 +17 21 00 I4438 Gx 0.4 16p
14 28 42 +17 02 00 I4439 Gx 16p
14 29 00 +17 20 00 I4440 Gx 0.6 16p
14 31 24 -43 31 00 I4441
14 28 48 +28 57 00 I4442 Gx 1.0 15p
14 29 18 +16 11 00 I4443
14 31 42 -43 25 00 I4444 Gx 1.9 12p
14 31 54 -46 02 00 I4445
14 29 00 +37 28 00 I4446 Gx 0.8 15p
14 29 36 +30 49 00 I4447
14 40 30 -78 49 01 I4448 Gx 1.0
14 31 18 +15 15 00 I4449
14 32 06 +28 33 00 I4450 Gx 1.2 15p
14 34 36 -36 17 00 I4451 Gx 1.9
14 32 24 +27 26 00 I4452 Gx 15p
14 34 30 -27 31 00 I4453 Gx 2.0
14 33 18 +17 43 00 I4454
14 34 30 -14 38 00 I4455
14 34 06 +16 11 00 I4456
14 34 30 +18 13 00 I4457
14 37 12 -39 28 01 I4458
14 34 30 +30 58 00 I4459 Gx 0.5 15p
14 34 36 +30 17 00 I4460 Gx 0.7
14 35 00 +26 31 00 I4461
14 35 00 +26 32 00 I4462
14 35 48 +16 02 00 I4463 Gx 15p
14 37 48 -36 53 00 I4464 Gx 1.6
14 35 54 +15 34 00 I4465
14 36 42 +18 20 00 I4466
14 36 48 +18 21 00 I4467 Gx 15p
14 38 24 -22 22 00 I4468 Gx 2.3
14 37 18 +18 14 59 I4469 Gx 1.6 16p
14 28 06 +78 54 00 I4470 OC
14 36 24 +41 40 00 I4471
14 40 12 -44 19 00 I4472 Gx 1.8
14 37 54 +15 50 00 I4473 Gx 0.5 15p
14 38 24 +23 26 00 I4474
14 38 24 +23 20 00 I4475 Gx 15p
14 39 54 -16 14 00 I4476
14 38 30 +28 27 00 I4477 Gx 15p
14 39 12 +15 53 00 I4478 Gx 15p
14 38 42 +28 30 00 I4479 Gx 1.5 15p
14 39 48 +18 29 00 I4480 Gx 0.5 15p
14 40 06 +16 08 00 I4481
14 40 06 +18 57 00 I4482 Gx 15p
14 40 18 +16 41 00 I4483 Gx 1.6 15p
14 47 42 -73 18 01 I4484 Gx 2.5
14 40 30 +28 40 00 I4485
14 41 54 +18 33 00 I4486 Gx 0.7 16p
14 42 00 +18 37 00 I4487
14 42 48 +18 36 00 I4488
14 43 12 +18 31 00 I4489
14 45 24 -36 10 00 I4490
14 44 30 -13 44 00 I4491
14 42 36 +37 25 00 I4492
14 44 24 +12 06 59 I4493
14 44 30 +15 30 00 I4494 Gx 1.0 15p
14 44 12 +23 33 00 I4495 Gx 16p
14 43 54 +33 23 00 I4496 Gx 0.3 15p
14 44 18 +28 31 59 I4497 Gx 0.6 15p
14 45 00 +26 17 00 I4498 Gx 0.4 15p
15 00 18 -82 13 00 I4499 Gb 7.6 10.6
14 44 36 +37 29 00 I4500 Gx 0.3 15p
14 47 30 -22 25 00 I4501 Gx 0.9 14p
14 45 18 +37 18 00 I4502
14 46 36 +16 06 00 I4503 Gx 0.8 15p
14 46 30 +31 42 00 I4504 Gx 15p
14 46 36 +33 24 00 I4505
14 46 42 +33 24 00 I4506
14 47 42 +18 26 59 I4507 Gx 0.8 16p
14 47 48 +31 46 59 I4508 Gx 15p
14 48 24 +31 48 00 I4509 Gx 1.0 15p
14 50 42 -20 44 00 I4510
14 52 06 -40 30 00 I4511
14 49 54 +27 42 00 I4512
14 52 18 -20 44 00 I4513
14 50 54 +27 37 00 I4514
14 51 06 +37 36 00 I4515
14 53 54 +16 23 00 I4516
14 54 30 +23 37 59 I4517 Gx 15p
14 57 42 -43 08 01 I4518 Gx 1.4
14 54 48 +37 25 00 I4519 Gx 0.6 15p
14 55 06 +33 43 00 I4520 Gx 0.4 15p
14 59 36 +25 35 00 I4521 Gx 0.5 15p
15 11 30 -75 52 00 I4522 Gx 2.9
15 05 12 -43 31 00 I4523 Gx 2.0
15 02 06 +25 35 00 I4524 Gx 16p
15 02 24 +25 38 00 I4525 Gx 16p
15 02 36 +23 22 00 I4526
15 05 42 -42 27 00 I4527 Gx 1.5
15 01 24 +49 07 00 I4528 Gx 0.7 15p
15 06 24 -43 14 00 I4529 Gx 0.6
15 03 48 +26 05 00 I4530 Gx 1.0 15p
15 04 24 +23 24 00 I4531 Gx 16p
15 04 30 +23 13 00 I4532
15 04 24 +27 48 00 I4533 Gx 1.0 15p
15 08 12 +23 42 00 I4534
15 08 42 +37 34 00 I4535
15 13 12 -18 08 00 I4536 Gx 2.6
15 17 30 +02 02 00 I4537 Gx 16p
15 21 12 -23 39 00 I4538 Gx 2.6
15 18 30 +32 24 00 I4539 Gx 0.4 15p
15 20 06 +01 47 00 I4540
15 29 54 -70 35 00 I4541 Gx 2.0
15 22 06 +33 10 00 I4542
15 24 36 +13 29 00 I4543 Pl
15 29 24 -50 35 00 I4544
15 41 30 -81 38 00 I4545 Gx 2.0
15 27 00 +28 51 00 I4546 Gx 0.6 15p
15 27 18 +28 48 00 I4547 Gx 15p
15 27 24 +28 51 00 I4548
15 29 12 +32 50 00 I4549 Gx 0.5 15p
15 34 48 -50 39 00 I4550
15 33 54 +06 01 00 I4551
15 35 00 +04 42 00 I4552
15 35 00 +23 29 00 I4553 Gx 2.0 14p
15 35 06 +23 28 00 I4554
15 48 18 -78 11 00 I4555 Gx 1.9
15 35 30 +25 19 00 I4556 Gx 0.4 15p
15 34 36 +39 44 00 I4557 Gx 16p
15 35 48 +25 21 00 I4558
15 35 54 +25 21 00 I4559
15 35 48 +39 51 00 I4560
15 36 54 +25 25 00 I4561 Gx 0.3 15p
15 36 00 +43 29 00 I4562 Gx 1.5
15 36 00 +39 50 00 I4563 Gx 0.7 14p
15 36 36 +43 31 00 I4564
15 36 36 +43 25 00 I4565 Gx 1.0 15p
15 36 42 +43 33 00 I4566 Gx 2.0
15 37 30 +43 16 00 I4567
15 40 06 +28 09 00 I4568 Gx 15p
15 40 48 +28 17 00 I4569 Gx 0.5 15p
15 41 18 +28 14 00 I4570 Gx 1.0 15p
15 48 54 -67 19 00 I4571 Gx 1.4
15 41 54 +28 07 00 I4572 Gx 0.9 15p
15 42 12 +23 48 00 I4573 Gx 16p
15 42 00 +28 15 00 I4574 Gx 16p
15 42 18 +23 48 00 I4575
15 42 36 +23 40 59 I4576 Gx 15p
15 42 42 +23 46 59 I4577
15 53 12 -74 50 01 I4578 Gx 2.1
15 42 48 +23 46 00 I4579
15 43 12 +28 22 00 I4580 Gx 15p
15 44 00 +28 17 00 I4581 Gx 15p
15 45 42 +28 06 00 I4582 Gx 1.4 15p
15 46 24 +23 49 00 I4583 Gx 0.8 15p
16 00 12 -66 23 00 I4584 Gx 1.7
16 00 18 -66 19 00 I4585 Gx 2.0
15 54 54 +06 01 00 I4586
15 59 54 +25 57 00 I4587 Gx 15p
16 04 54 +23 56 00 I4588 Gx 2.1 15p
16 07 24 -06 23 00 I4589 S*
16 08 18 +28 29 00 I4590 Gx 0.3 16p
16 12 18 -27 56 00 I4591
16 12 00 -19 28 00 I4592 Nb 150
16 11 42 +12 04 00 I4593 Pl 2.0 11p
16 11 18 +23 40 00 I4594
16 20 42 -70 09 00 I4595 Gx 2.5
16 16 06 -22 38 00 I4596 Gx 1.9
16 17 47 -34 22 00 I4597
16 18 12 -31 27 00 I4598
16 19 18 -42 16 01 I4599
16 18 18 -22 47 00 I4600
16 20 00 -20 02 00 I4601 Nb 20
16 23 24 +12 45 00 I4602
16 25 36 -24 28 00 I4603 Nb 20
16 25 36 -23 26 00 I4604 Nb 60
16 30 12 -25 06 00 I4605 Nb 30
16 31 36 -26 03 00 I4606
16 30 18 +24 34 00 I4607
16 46 54 -77 29 00 I4608 Gx 1.2
16 33 00 +22 46 00 I4609 Gx 0.7 15p
16 33 36 +39 16 00 I4610
16 33 42 +39 20 00 I4611
16 33 48 +39 16 00 I4612
16 37 18 +35 59 00 I4613 Gx
16 37 48 +36 07 00 I4614 Gx
16 37 54 +36 04 00 I4615 Gx 1.7 12.8
16 38 00 +36 00 00 I4616 Gx
16 42 06 +36 41 00 I4617 Gx
16 57 54 -77 00 00 I4618 Gx 1.9
16 44 12 +17 45 59 I4619 Gx 15p
16 48 30 +18 17 00 I4620
16 50 48 +08 48 00 I4621 Gx 1.1 15p
16 52 06 -16 14 00 I4622 ?
16 51 12 +22 31 00 I4623 Gx 0.6 15p
16 51 30 +17 26 59 I4624 Gx 16p
16 52 54 +02 26 00 I4625
16 53 24 +02 19 00 I4626 S*
16 54 06 -07 38 00 I4627
16 57 00 -40 20 00 I4628 Nb 90
16 56 12 -16 43 01 I4629
16 55 06 +26 39 00 I4630 Gx 1.3 15p
17 11 00 -77 36 00 I4631
16 58 30 +22 54 59 I4632
17 13 48 -77 32 00 I4633 Gx 3.7
17 01 36 -21 50 00 I4634 Pl 0.2 11p
17 15 42 -77 29 00 I4635 Gx 3.1
16 59 00 +47 11 00 I4636
17 05 12 -40 53 00 I4637 Pl 0.3 14p
17 01 12 +33 34 00 I4638
17 02 54 +22 54 00 I4639
17 23 54 -80 04 01 I4640 Gx 1.5
17 24 12 -80 09 01 I4641 Gx 1.6
17 11 48 -55 24 00 I4642 Pl 0.4 13p
17 08 30 +42 20 00 I4643
17 24 36 -73 56 00 I4644 Gx 2.1
17 14 36 +43 07 00 I4645 Gx 16p
17 23 54 -60 00 00 I4646 Gx 2.6
17 26 00 -80 12 01 I4647 Gx 1.7
17 16 00 +45 52 00 I4648 OC
17 15 48 +57 23 00 I4649
17 15 54 +57 20 00 I4650
17 24 42 -49 57 00 I4651 OC 12 6.9
17 26 24 -59 44 01 I4652 Gx 1.7
17 27 06 -60 53 00 I4653 Gx 1.6
17 37 06 -74 23 00 I4654 Gx 1.7
17 34 36 -60 43 00 I4655
17 37 42 -63 44 00 I4656 Gx 2.2
17 32 42 -17 31 00 I4657 ?
17 37 12 -59 35 00 I4658
17 34 12 -17 56 00 I4659
17 21 36 +75 51 00 I4660 Gx 1.5
17 51 00 -74 02 00 I4661 Gx 2.5
17 47 06 -64 38 01 I4662 Gx 2.2 11.4
17 45 30 -44 54 00 I4663 Pl 0.2 13p
17 49 00 -63 15 00 I4664 Gx 1.7
17 46 18 +05 43 00 I4665 OC 41 4.2
17 45 48 +55 46 00 I4666 Gx 0.6 16p
17 46 18 +55 53 00 I4667
17 46 54 +57 24 00 I4668
17 47 12 +61 26 00 I4669 Gx
17 55 06 -21 48 00 I4670 Nb 5
17 55 06 -10 17 00 I4671
18 02 24 -62 50 00 I4672
18 03 18 -27 06 01 I4673 Pl 0.3
18 08 12 -62 24 00 I4674 Gx 1.5
18 03 12 -09 15 01 I4675
18 02 48 +11 49 00 I4676 Gx 16p
17 58 18 +66 38 00 I4677 Gx 1.0 15p
18 08 00 -23 52 01 I4678
18 11 24 -56 15 00 I4679 Gx 1.9
18 13 30 -64 29 00 I4680 Gx 1.7
18 08 18 -23 24 00 I4681
18 16 24 -71 35 00 I4682 Gx 2.5
18 08 42 -26 14 00 I4683
18 09 06 -23 25 00 I4684 Nb 3
18 09 18 -23 59 00 I4685 Nb 10
18 13 36 -57 44 00 I4686 Gx 0.5
18 13 42 -57 44 00 I4687 Gx 1.5
18 08 06 +11 42 00 I4688 Gx 1.6 15p
18 13 42 -57 45 00 I4689 Gx 0.9
18 10 30 -19 49 00 I4690
18 08 42 +11 50 00 I4691 Gx 15p
18 14 48 -58 42 01 I4692 Gx 1.7
18 09 12 +17 20 00 I4693
18 15 24 -58 13 00 I4694 Gx 2.1
18 17 24 -58 55 00 I4695
18 20 18 -64 44 00 I4696 Gx 2.4
18 12 30 +25 25 59 I4697 Gx 1.6 15p
18 21 00 -63 22 00 I4698
18 18 30 -45 59 00 I4699 Pl 0.2 12p
18 17 06 -19 52 01 I4700
18 16 30 -16 44 00 I4701 Nb 60
18 23 06 -59 14 00 I4702 Gx 1.6
18 18 54 -13 47 00 I4703 OC
18 27 54 -71 37 00 I4704 Gx 3.2
18 28 12 -71 42 01 I4705 Gx 2.7
18 19 36 -16 01 00 I4706
18 20 06 -16 01 00 I4707
18 13 42 +61 09 00 I4708 Gx 15p
18 24 18 -56 12 00 I4709
18 28 42 -66 59 00 I4710 Gx 4.2 12p
18 28 06 -64 57 00 I4711
18 31 06 -71 42 00 I4712 Gx 2.1
18 30 00 -67 13 00 I4713 Gx 1.2
18 30 54 -66 39 01 I4714 Gx 1.1
18 26 12 -18 26 01 I4715 CN 30
18 32 42 -56 58 00 I4716
18 33 18 -57 58 00 I4717 Gx 1.5
18 33 48 -60 08 00 I4718 Gx 2.1
18 33 12 -56 44 01 I4719 Gx 1.3
18 33 30 -58 24 00 I4720 Gx 2.5
18 34 30 -58 30 00 I4721 Gx 4.1 13p
18 34 30 -57 48 00 I4722 Gx 1.6
18 35 48 -63 22 00 I4723 Pl 0.2 15p
18 38 36 -70 07 00 I4724
18 31 36 -19 15 00 I4725 OC 32 4.6
18 36 54 -62 51 00 I4726
18 37 54 -62 42 01 I4727 Gx 1.4
18 37 54 -62 32 01 I4728 Gx 2.0
18 40 00 -67 26 01 I4729 Gx 1.4
18 38 48 -63 21 00 I4730 Gx 1.8
18 38 42 -62 57 00 I4731 Gx 1.5
18 33 54 -22 39 00 I4732 Pl 0.1 13p
18 26 30 +64 58 00 I4733
18 38 24 -57 29 00 I4734 Gx 1.4
18 39 42 -62 57 00 I4735
18 38 36 -57 54 00 I4736 Gx 1.5
18 39 54 -62 36 01 I4737
18 40 24 -61 54 00 I4738
18 40 48 -61 54 00 I4739
18 43 00 -68 22 00 I4740 Gx 1.1
18 41 36 -63 57 00 I4741
18 41 54 -63 52 00 I4742 Gx 1.3
18 41 18 -61 46 00 I4743
18 41 48 -63 14 00 I4744
18 42 36 -64 57 00 I4745 Gx 2.2
18 45 54 -72 40 00 I4746
18 45 54 -72 37 00 I4747
18 42 42 -64 05 00 I4748
18 42 54 -63 13 00 I4749
18 43 00 -62 58 00 I4750
18 43 12 -62 07 00 I4751
18 43 48 -64 05 00 I4752
18 43 30 -62 06 00 I4753
18 44 00 -61 59 00 I4754 Gx 1.4
18 45 00 -63 41 00 I4755
18 39 00 +05 27 00 I4756 OC 52 5p
18 43 54 -57 10 00 I4757 Gx 1.6
18 46 24 -65 45 00 I4758
18 45 42 -63 05 00 I4759 Gx 1.2
18 45 42 -62 57 00 I4760
18 43 54 -52 51 00 I4761 Gx 1.7
18 32 30 +67 50 00 I4762 OC
18 33 30 +67 08 00 I4763
18 47 00 -63 29 01 I4764
18 47 18 -63 20 00 I4765 Gx 3.6
18 47 30 -63 17 00 I4766
18 47 42 -63 24 00 I4767 Gx 1.3
18 41 48 -05 31 00 I4768 OC
18 47 42 -63 10 00 I4769 Gx 2.1
18 48 06 -63 23 00 I4770
18 48 18 -63 15 00 I4771
18 39 54 +40 00 00 I4772 Gx 1.1 15p
18 51 18 -69 55 00 I4773 Gx 1.6
18 48 12 -57 56 00 I4774 Gx 1.1
18 48 25 -57 11 00 I4775 Gx 1.4
18 45 48 -33 21 00 I4776 Pl 0.1 12p
18 48 06 -53 08 00 I4777
18 50 00 -61 43 00 I4778 Gx 1.5
18 50 30 -63 00 00 I4779
18 50 00 -59 14 00 I4780
18 51 42 -62 47 01 I4781
18 50 54 -55 29 00 I4782 Gx 1.6
18 51 30 -58 48 01 I4783
18 52 54 -63 25 00 I4784
18 52 54 -59 15 00 I4785 Gx 2.9
18 52 42 -56 42 00 I4786
18 56 06 -68 41 01 I4787 Gx 1.4
18 54 42 -63 26 00 I4788
18 56 18 -68 34 01 I4789 Gx 1.4
18 56 36 -64 56 01 I4790
18 49 00 +19 20 00 I4791
18 55 42 -56 25 00 I4792
18 56 54 -61 23 00 I4793
18 57 06 -62 05 00 I4794
18 57 12 -61 36 00 I4795
18 56 30 -54 13 01 I4796 Gx 1.6
18 56 30 -54 18 01 I4797 Gx 2.8 11.3
18 58 18 -62 07 00 I4798 Gx 1.9
18 58 54 -63 55 01 I4799
18 58 42 -63 08 01 I4800 Gx 1.7
18 59 36 -64 40 00 I4801 Gx 1.7
18 55 06 -22 42 00 I4802
19 00 36 -62 04 00 I4803
19 01 06 -61 50 01 I4804 Gx 1.5
19 02 00 -63 03 00 I4805
19 01 30 -57 32 00 I4806 Gx 2.1
19 02 18 -56 56 00 I4807 Gx 0.9
19 01 06 -45 19 01 I4808 Gx 2.0
19 04 00 -62 10 00 I4809
19 03 00 -56 10 00 I4810 Gx 3.0
19 05 48 -67 07 01 I4811
19 01 06 -37 04 01 I4812 Nb
19 05 48 -66 31 01 I4813
19 05 00 -58 44 00 I4814
19 06 42 -61 41 00 I4815
19 01 48 -13 09 00 I4816
19 06 12 -56 10 00 I4817 Gx 1.5
19 06 00 -55 08 01 I4818 Gx 1.6
19 07 06 -59 28 00 I4819 Gx 2.7
19 09 12 -63 28 00 I4820 Gx 1.4
19 09 30 -55 01 00 I4821 Gx 1.8
19 14 54 -72 26 00 I4822
19 12 12 -64 00 00 I4823
19 13 12 -62 05 01 I4824 Gx 2.5
19 17 18 -72 45 00 I4825
19 12 18 -57 12 00 I4826 Gx 1.7
19 13 18 -60 52 00 I4827 Gx 2.5
19 13 36 -62 04 00 I4828
19 12 36 -56 32 00 I4829 Gx 2.0
19 13 48 -59 18 00 I4830 Gx 1.7
19 14 42 -62 16 00 I4831 Gx 3.3
19 14 06 -56 37 00 I4832 Gx 2.0
19 15 36 -62 20 01 I4833
19 16 30 -64 01 00 I4834
19 15 30 -58 14 01 I4835
19 16 18 -60 12 00 I4836 Gx 1.1
19 15 18 -54 40 01 I4837 Gx 2.8 12p
19 16 48 -61 37 00 I4838
19 15 36 -54 38 01 I4839 Gx 2.4
19 15 54 -56 13 00 I4840 Gx 1.1
19 20 48 -72 13 00 I4841
19 19 30 -60 39 00 I4842 Gx 2.4 12.3
19 19 18 -59 18 00 I4843
19 19 00 -56 02 00 I4844 Gx 1.6
19 20 24 -60 23 01 I4845 Gx 1.7
19 16 30 -09 03 00 I4846 Pl 13p
19 23 30 -65 31 00 I4847
19 22 48 -56 47 01 I4848
19 25 24 -62 54 01 I4849
19 20 24 -00 08 01 I4850
19 25 30 -57 40 00 I4851 Gx 1.6
19 26 24 -60 20 00 I4852 Gx 1.7
19 30 54 -71 04 00 I4853
19 27 24 -59 18 00 I4854
19 27 30 -59 18 01 I4855
19 27 30 -54 55 01 I4856 Gx 1.0
19 28 36 -58 46 00 I4857 Gx 1.8
19 28 36 -58 46 00 I4858 Gx 1.8
19 30 48 -66 19 00 I4859
19 31 30 -67 22 00 I4860 Gx 1.1
19 29 12 -57 34 00 I4861
19 31 42 -67 19 00 I4862 Gx 1.4
19 28 18 -36 12 00 I4863
19 40 06 -77 33 01 I4864 Gx 1.6
19 30 54 -46 42 00 I4865
19 34 36 -61 09 00 I4866 Gx 1.6
19 26 30 +50 07 00 I4867 Gx 1.0 14p
19 33 30 -45 54 00 I4868
19 36 00 -61 02 00 I4869 Gx 2.3
19 37 36 -65 49 01 I4870 Gx 1.5
19 35 42 -57 31 00 I4871 Gx 3.2
19 35 42 -57 31 00 I4872 Gx 3.2
19 34 54 -46 08 00 I4873
19 36 24 -47 16 00 I4874 Gx 1.4
19 37 42 -52 04 01 I4875 Gx 1.3
19 37 42 -52 51 01 I4876 Gx 1.2
19 37 54 -51 59 00 I4877 Gx 1.1
19 38 48 -58 13 00 I4878
19 39 42 -52 22 00 I4879
19 40 30 -56 25 00 I4880 Gx 1.5
19 40 24 -55 51 00 I4881 Gx 1.5
19 40 24 -55 12 00 I4882 Gx 1.2
19 42 00 -55 33 00 I4883 Gx 1.3
19 42 42 -58 07 01 I4884
19 43 54 -60 39 00 I4885 Gx 2.0
19 43 06 -51 48 00 I4886 Gx 1.5
19 48 18 -69 35 00 I4887
19 44 54 -54 27 00 I4888 Gx 1.3
19 45 18 -54 20 01 I4889 Gx 2.6 12p
19 45 36 -56 33 00 I4890 Gx 1.3
19 45 18 -54 21 01 I4891 Gx 2.8
19 49 30 -70 14 00 I4892 Gx 1.6
19 50 36 -72 31 00 I4893
19 47 00 -51 51 00 I4894 Gx 0.9
19 45 00 -14 48 00 I4895 Gx 10.0 8p
19 49 06 -58 59 00 I4896
19 49 18 -51 52 00 I4897 Gx 1.1
19 47 48 -33 19 01 I4898
19 54 24 -70 36 00 I4899
19 50 18 -51 20 01 I4900
19 54 24 -58 43 00 I4901 Gx 5.0
19 54 24 -56 23 00 I4902
19 58 12 -70 27 01 I4903
19 58 30 -70 11 00 I4904
19 56 06 -61 13 00 I4905
19 56 48 -60 28 00 I4906 Gx 1.7
19 56 12 -52 27 00 I4907
19 56 54 -55 47 00 I4908
19 56 42 -50 03 00 I4909 Gx 2.1
19 57 48 -56 52 00 I4910
19 57 42 -51 58 00 I4911
20 06 48 -77 21 00 I4912 Gx 1.0
19 56 48 -37 20 00 I4913 Gx 1.9
19 58 06 -50 07 01 I4914
19 58 30 -52 38 00 I4915 Gx 1.4
19 58 18 -50 16 01 I4916 Gx 1.3
19 58 54 -52 16 00 I4917 Gx 1.2
19 59 18 -52 17 00 I4918
20 00 12 -55 22 00 I4919 Gx 1.6
20 00 06 -53 23 00 I4920
20 03 18 -67 50 01 I4921
19 59 30 -40 22 00 I4922
20 01 00 -52 38 01 I4923 Gx 1.3
19 59 55 -41 33 00 I4924
20 01 12 -52 51 00 I4925
20 00 12 -38 35 00 I4926
20 01 48 -53 55 00 I4927 Gx 1.3
20 10 12 -77 18 00 I4928
20 06 42 -71 41 00 I4929 Gx 1.3
20 02 24 -54 18 00 I4930
20 00 48 -38 35 01 I4931 Gx 2.6
20 02 18 -52 50 00 I4932
20 03 30 -54 59 01 I4933 Gx 2.5
20 07 12 -69 28 00 I4934
20 04 36 -57 36 00 I4935 Gx 1.5
20 05 54 -61 26 00 I4936 Gx 1.6
20 05 18 -56 15 00 I4937 Gx 2.0
20 06 12 -60 13 01 I4938 Gx 1.9
20 07 13 -60 44 00 I4939
20 05 42 -44 42 00 I4940
20 07 00 -53 39 00 I4941 Gx 1.2
20 06 48 -52 37 00 I4942 Gx 1.3
20 06 30 -48 22 00 I4943 Gx 2.2
20 07 06 -54 27 00 I4944 Gx 1.9
20 11 18 -71 01 01 I4945 Gx 1.0
20 06 00 -44 02 00 I4946
20 07 30 -53 08 00 I4947 Gx 1.2
20 06 30 -43 37 00 I4948
20 07 18 -48 22 00 I4949 Gx 3.0
20 08 24 -56 10 00 I4950 Gx 1.3
20 09 30 -61 51 00 I4951 Gx 2.8
20 08 36 -55 27 00 I4952 Gx 1.3
20 10 06 -62 48 00 I4953
20 04 48 +29 15 00 I4954 Nb 25
20 04 54 +29 11 00 I4955
20 11 30 -45 36 01 I4956 Gx 1.9
20 09 36 -55 43 00 I4957 Gx 1.0
20 15 30 -72 42 00 I4958
20 11 00 -53 06 00 I4959
20 15 24 -70 32 00 I4960 Gx 1.0
20 11 30 -53 08 01 I4961 Gx 1.4
20 15 54 -71 00 00 I4962
20 12 06 -55 15 00 I4963 Gx 2.0
20 17 24 -73 53 00 I4964 Gx 1.3
20 12 30 -56 50 00 I4965 Gx 1.5
20 12 18 -53 36 00 I4966
20 16 24 -70 34 00 I4967 Gx 0.6
20 14 36 -64 47 00 I4968
20 12 54 -53 55 00 I4969 Gx 1.0
20 16 54 -70 45 01 I4970 Gx 0.8 13.9
20 17 00 -70 38 01 I4971
20 17 42 -70 55 00 I4972 Gx 1.0
20 14 36 -58 22 00 I4973
20 15 18 -61 52 00 I4974
20 14 00 -52 43 00 I4975 Gx 1.3
20 15 30 -61 53 00 I4976
20 11 54 -21 38 00 I4977
20 14 36 -54 26 00 I4978
20 14 42 -53 28 00 I4979 Gx 1.3
20 15 30 -57 55 00 I4980 Gx 1.6
20 19 42 -70 51 01 I4981 Gx 0.7
20 20 24 -71 00 00 I4982
20 16 06 -52 05 00 I4983 Gx 1.1
20 16 18 -52 43 00 I4984
20 20 42 -70 59 00 I4985
20 17 12 -55 02 01 I4986 Gx 2.0
20 17 19 -52 17 00 I4987 Gx 1.4
20 21 48 -69 23 00 I4988
20 19 30 -58 33 00 I4989
20 21 30 -66 54 00 I4990
20 18 24 -41 03 00 I4991 Gx 2.5
20 23 30 -71 34 00 I4992 Gx 2.0
20 22 00 -67 00 00 I4993
20 19 42 -53 27 01 I4994 Gx 2.0
20 20 00 -52 37 01 I4995 Gx 1.7
20 16 30 +37 38 00 I4996 OC 6 7.3
20 20 12 +16 45 00 I4997 Pl <0.1 12p
20 22 12 -38 18 00 I4998 Gx 1.7
20 23 54 -26 01 00 I4999 Gx 1.9
