20 22 24 +06 26 00 I5000 Gx 1.5
20 26 18 -54 47 00 I5001 Gx 1.3
20 26 42 -54 48 00 I5002 Gx 1.6
20 25 12 -29 52 00 I5003
20 25 24 -30 52 01 I5004
20 25 18 -25 50 00 I5005 Gx 2.3
20 23 42 +06 27 00 I5006 Gx 1.6 12p
20 25 36 -29 42 01 I5007
20 32 42 -72 42 00 I5008 Gx 1.2
20 32 36 -72 10 00 I5009
20 31 00 -65 55 01 I5010
20 28 36 -36 02 00 I5011 Gx 2.2
20 29 30 -56 45 00 I5012 Gx 1.4
20 28 36 -36 02 00 I5013 Gx 2.2
20 35 18 -73 28 00 I5014
20 28 36 -31 42 00 I5015
20 35 36 -72 55 00 I5016
20 32 06 -57 35 00 I5017 Gx 1.3
20 22 12 -38 18 00 I5018 Gx 1.7
20 30 48 -36 05 00 I5019 Gx 2.0
20 30 36 -33 29 00 I5020 Gx 13p
20 33 30 -54 31 00 I5021
20 41 07 -76 27 00 I5022 Gx 1.2
20 38 06 -67 11 00 I5023
20 40 06 -71 06 01 I5024
20 45 00 -76 59 00 I5025 Gx 1.3
20 48 30 -78 04 00 I5026 Gx 2.5
20 41 06 -55 29 00 I5027
20 43 24 -65 39 00 I5028 Gx 1.4
20 40 18 -29 50 00 I5029 ?
20 40 36 -29 51 00 I5030
20 45 19 -67 32 00 I5031 ?
20 45 25 -67 32 00 I5032
20 43 48 -57 19 00 I5033
20 43 42 -57 02 00 I5034 Gx 1.6
20 44 18 -57 08 00 I5035
20 44 42 -57 37 00 I5036
20 45 36 -58 26 00 I5037
20 46 54 -65 01 00 I5038
20 43 12 -29 51 01 I5039 Gx 2.5 12.6
20 52 18 -76 40 01 I5040
20 43 36 -29 42 00 I5041 Gx 3.0
20 47 48 -65 05 00 I5042
20 46 42 -56 59 00 I5043
20 50 36 -71 57 00 I5044
20 50 42 -71 58 00 I5045
20 43 12 -29 51 01 I5046 Gx 1.9
20 43 36 -29 42 00 I5047 Gx 3.0
20 51 36 -71 48 00 I5048
20 47 24 -38 25 00 I5049 Gx 1.2
20 45 18 -05 39 00 I5050 Gx 1.0 14p
20 52 18 -71 47 01 I5051
20 52 06 -69 12 01 I5052 Gx 5.8 12p
20 53 36 -71 08 00 I5053 Gx 1.9
20 53 42 -71 01 00 I5054 Gx 1.8
20 52 54 -68 27 00 I5055
20 49 00 -39 11 00 I5056
20 47 12 +00 19 00 I5057 S*
20 47 24 +00 29 00 I5058 S*
20 51 18 -57 41 00 I5059
20 54 36 -71 38 00 I5060
20 47 36 +00 20 00 I5061 T*
20 48 12 -08 22 00 I5062 D*
20 52 00 -57 05 00 I5063 Gx 1.9 12.0
20 52 36 -57 14 00 I5064 Gx 1.6
20 51 48 -29 51 00 I5065 Gx 1.2
20 57 06 -73 09 00 I5066
20 47 48 +44 22 00 I5067
20 50 48 +42 31 00 I5068 Nb 80
21 00 00 -71 48 00 I5069
20 50 48 +44 21 00 I5070 Nb 80
21 01 18 -72 39 00 I5071 Gx 3.5
21 02 00 -72 59 01 I5072
21 03 18 -72 41 00 I5073 Gx 1.2
21 00 54 -63 08 00 I5074
21 04 30 -71 51 00 I5075
20 55 54 +47 25 00 I5076 Nb 9
21 09 00 -73 39 00 I5077
21 02 36 -16 49 00 I5078 Gx 4.0
21 05 30 -56 15 00 I5079 OC
21 02 30 +19 13 00 I5080 Gx 16p
21 03 00 +19 12 00 I5081
21 04 42 -12 21 00 I5082
21 03 48 +11 46 00 I5083 Gx 15p
21 09 12 -63 17 00 I5084 Gx 1.6
21 13 24 -74 06 00 I5085
21 08 30 -29 46 01 I5086 Gx 2.0
21 14 19 -73 46 00 I5087 Gx 1.4
21 09 24 -22 53 00 I5088 Gx 1.8
21 11 00 -03 51 00 I5089
21 11 36 -02 02 00 I5090 Gx 1.1 14p
21 17 42 -70 39 00 I5091
21 16 12 -64 28 00 I5092 Gx 2.9
21 18 48 -70 38 01 I5093
21 17 48 -66 26 00 I5094 Gx 1.4
21 17 18 -59 56 00 I5095
21 18 24 -63 46 00 I5096 Gx 3.0
21 15 00 +04 27 00 I5097 T*
21 15 00 +04 29 00 I5098 D*
21 21 54 -71 00 00 I5099
21 21 42 -65 56 00 I5100 Gx 1.7
21 21 54 -65 50 00 I5101 Gx 1.4
21 26 18 -73 19 00 I5102
21 29 12 -74 04 00 I5103 Gx 1.4
21 21 30 +21 14 00 I5104 Gx 1.8 14p
21 24 24 -40 37 00 I5105 Gx 2.5 11.5
21 28 36 -70 50 00 I5106 Gx 1.3
21 28 18 -65 44 00 I5107
21 32 54 -72 40 00 I5108 Gx 1.4
21 33 54 -74 06 00 I5109
21 30 36 -59 59 00 I5110
21 28 12 +02 29 00 I5111 Gx 0.8 15p
21 29 30 +06 47 00 I5112 OC
21 29 42 +06 49 00 I5113 OC
21 34 06 -36 39 00 I5114 Gx 2.0
21 30 30 +11 47 00 I5115
21 37 06 -70 59 00 I5116
21 32 30 +44 35 00 I5117 Pl 0.1 13p
21 40 18 -71 23 00 I5118
21 34 00 +21 49 00 I5119 Gx 1.0 15p
21 38 48 -64 21 00 I5120 Gx 2.1
21 41 18 -63 55 01 I5121 Gx 1.7
21 39 48 -22 24 00 I5122
21 44 48 -72 25 00 I5123 Gx 1.9
21 39 54 -22 26 00 I5124
21 41 48 -52 46 00 I5125 Gx 1.4
21 40 06 -05 22 00 I5126
21 39 48 +06 14 00 I5127
21 42 42 -39 00 00 I5128
21 47 48 -65 23 00 I5129
21 50 24 -74 00 00 I5130 Gx 2.4
21 47 24 -34 53 00 I5131 Gx 1.6 12.4
21 42 18 +66 08 00 I5132
21 42 24 +66 09 00 I5133
21 43 00 +66 06 00 I5134
21 48 18 -34 57 00 I5135 Gx 1.3 12.3
21 48 48 -33 39 00 I5136
21 51 36 -65 35 00 I5137
21 53 30 -68 57 00 I5138
21 50 24 -31 00 00 I5139 Gx 2.2
21 54 18 -67 20 00 I5140 Gx 1.9
21 53 18 -59 30 00 I5141 Gx 1.8
21 55 18 -65 31 00 I5142 Gx 1.4
21 56 18 -49 03 00 I5143
21 53 54 +15 06 00 I5144
21 54 12 +15 12 59 I5145
21 53 24 +47 16 00 I5146 CN 12 7.2
21 59 24 -65 27 00 I5147 Gx 1.4
21 59 30 -39 23 00 I5148 Pl 2.0
21 58 42 -27 23 00 I5149
21 59 12 -39 25 00 I5150
21 58 54 +03 45 00 I5151 Gx 15p
22 02 54 -51 17 00 I5152 Gx 4.5 12p
22 00 24 +17 51 00 I5153 ?
22 04 36 -66 07 00 I5154
22 02 06 +00 30 00 I5155 S*
22 03 18 -33 50 01 I5156 Gx 13p
22 03 24 -34 56 00 I5157 Gx 2.1
22 06 24 -67 31 00 I5158 Gx 1.1
22 02 42 +00 21 00 I5159 S*
22 03 12 +10 55 59 I5160 Gx 1.1 15p
22 05 36 +09 34 00 I5161
22 08 06 -52 43 00 I5162
22 05 48 +27 05 00 I5163
22 06 00 +27 03 00 I5164
22 10 06 -64 35 00 I5165 Gx 1.4
22 06 06 +27 04 00 I5166
22 07 30 -08 08 00 I5167 S*
22 08 48 -27 51 00 I5168 Gx 1.3
22 10 12 -36 05 00 I5169 Gx 2.2
22 12 30 -47 13 00 I5170 Gx 1.8
22 10 54 -46 05 00 I5171 Gx 2.8
22 09 54 +12 49 00 I5172 Gx 16p
22 14 48 -69 22 00 I5173 Gx 1.6
22 12 42 -38 10 00 I5174 Gx 0.8
22 12 42 -38 08 00 I5175
22 14 54 -66 51 00 I5176 Gx 4.7
22 11 36 +11 48 00 I5177 Gx 1.6 15p
22 12 30 -22 57 00 I5178 Gx 1.4
22 16 06 -36 50 00 I5179 Gx 2.3 11.9
22 11 06 +38 55 00 I5180 Gx 1.1 15p
22 13 24 -46 02 00 I5181 Gx 2.8 11.7
22 16 06 -65 27 00 I5182
22 15 25 -35 50 00 I5183
22 16 06 -36 51 00 I5184 Gx 2.6
22 17 48 -65 51 00 I5185
22 18 48 -36 48 00 I5186 Gx 1.5
22 18 18 -59 37 00 I5187
22 18 24 -59 38 00 I5188 Gx 1.5
22 16 12 -05 00 00 I5189 S*
22 19 00 -59 53 00 I5190 Gx 1.6
22 15 00 +37 18 00 I5191 Gx 0.8
22 15 12 +37 16 00 I5192 Gx 0.2
22 15 42 +37 15 00 I5193 Gx
22 17 06 -15 57 00 I5194 Gx 0.2
22 15 42 +37 18 00 I5195 Gx
22 20 12 -65 24 00 I5196
22 19 48 -60 08 00 I5197 Gx 1.3
22 17 42 -15 40 00 I5198
22 19 30 -37 32 00 I5199 Gx 1.6
22 22 19 -65 45 00 I5200
22 21 24 -46 04 00 I5201 Gx 8.5 11p
22 22 54 -65 48 00 I5202 Gx 1.4
22 22 36 -59 46 00 I5203 Gx 1.6
22 20 42 -14 24 00 I5204
22 22 48 -59 48 00 I5205
22 24 06 -66 51 00 I5206 Gx 1.2
22 23 30 -60 34 01 I5207 Gx 1.6
22 24 36 -65 14 00 I5208 Gx 1.3
22 23 06 -37 59 00 I5209
22 22 30 -18 52 00 I5210 Gx 1.6
22 22 42 -18 53 00 I5211
22 23 30 -38 02 01 I5212 Gx 1.4
22 25 00 -60 29 00 I5213
22 23 42 -27 28 01 I5214
22 27 00 -65 56 00 I5215
22 24 42 -18 05 00 I5216
22 23 54 +50 58 00 I5217 Pl 0.1 13p
22 28 06 -60 24 00 I5218 Gx 1.4
22 28 42 -65 52 00 I5219
22 28 12 -59 43 00 I5220
22 28 54 -65 53 00 I5221
22 29 54 -65 40 00 I5222 Gx 1.7
22 29 48 +07 58 00 I5223 Gx 1.1 16p
22 30 30 -46 00 00 I5224 Gx 1.4
22 31 30 -25 22 00 I5225
22 31 42 -24 40 00 I5226
22 34 06 -64 42 00 I5227 Gx 1.5
22 32 24 -14 08 00 I5228 Gx 1.9 13p
22 34 48 -61 23 00 I5229
22 35 36 -61 32 01 I5230
22 34 00 +23 21 00 I5231 Gx 0.4 15p
22 37 48 -68 52 00 I5232
22 36 36 +25 46 00 I5233 Gx 1.1 15p
22 40 12 -65 48 00 I5234
22 41 24 -66 34 00 I5235
22 41 30 -66 36 00 I5236
22 42 18 -30 03 00 I5237 Gx 4.0
22 41 30 -60 45 00 I5238
22 31 06 -38 02 00 I5239 Gx 1.6
22 41 54 -44 48 00 I5240 Gx 3.2 12p
22 41 30 +02 38 00 I5241 Gx 1.0 15p
22 41 12 +23 24 00 I5242 Gx 1.0 15p
22 41 24 +23 23 00 I5243 Gx 0.7
22 44 12 -64 03 00 I5244 Gx 3.3
22 45 06 -65 20 00 I5245
22 46 36 -64 54 00 I5246
22 46 54 -65 17 00 I5247
22 44 42 -00 21 00 I5248
22 47 06 -64 50 00 I5249 Gx 3.7
22 47 18 -65 03 00 I5250 Gx 3.8
22 45 06 +11 09 00 I5251 S*
22 48 06 -68 54 00 I5252 Gx 1.2
22 45 24 +21 49 00 I5253 Gx 1.0 15p
22 46 00 +21 07 00 I5254
22 45 48 +36 14 00 I5255
22 49 48 -68 42 00 I5256 Gx 1.1
22 52 18 -67 26 00 I5257
22 51 30 +23 02 00 I5258 Gx 0.4 14p
22 52 48 +36 43 00 I5259
22 54 18 -39 19 00 I5260 Gx 1.5
22 54 24 -20 22 00 I5261 Gx 1.7
22 55 12 -33 50 00 I5262
22 58 12 -69 03 00 I5263 Gx 1.2
22 56 54 -36 33 00 I5264 Gx 2.7
22 57 12 -36 28 01 I5265 Gx 6.0
22 58 18 -65 08 00 I5266 Gx 1.5
22 57 12 -43 24 01 I5267 Gx 5.0 10.5
22 56 12 +36 36 00 I5268
22 57 42 -36 02 00 I5269 Gx 2.5 13p
22 57 54 -35 51 00 I5270 Gx 3.2
22 58 00 -33 45 00 I5271 Gx 13p
22 59 36 -65 11 00 I5272
22 59 30 -37 42 00 I5273 Gx 2.9 11.5
22 58 30 +18 55 00 I5274 Gx 1.1 15p
22 58 36 +18 52 00 I5275
22 58 42 +18 49 00 I5276 Gx 15p
23 01 54 -65 12 00 I5277
23 00 36 -08 08 00 I5278
23 03 00 -69 13 00 I5279 Gx 1.8
23 03 48 -65 13 00 I5280 Gx 1.7
23 02 24 +27 02 00 I5281
23 02 42 +21 53 00 I5282 Gx 1.5 15p
23 03 18 +08 54 00 I5283 Gx 0.9 13.8
23 06 48 +19 07 00 I5284 Gx 1.3
23 06 54 +22 56 00 I5285 Gx 1.9
23 09 48 -68 16 00 I5286
23 09 24 +00 45 00 I5287 Gx 1.1 15p
23 11 42 -68 06 00 I5288 Gx 1.8
23 10 54 -32 33 00 I5289
23 12 54 -23 28 00 I5290 Gx 1.8
23 13 42 +09 13 00 I5291 Gx 16p
23 13 48 +13 41 00 I5292 Gx 15p
23 14 42 +25 08 00 I5293 Gx 16p
23 16 12 -42 35 00 I5294 Gx 3.2
23 15 30 +25 07 00 I5295 Gx 16p
23 15 42 +25 06 00 I5296 Gx 1.0 15p
23 16 00 +25 01 00 I5297 Gx 16p
23 16 06 +25 33 00 I5298 Gx 0.6 15p
23 16 18 +20 51 00 I5299
23 16 36 +20 49 00 I5300 Gx 16p
23 18 48 -69 34 00 I5301
23 19 36 -64 34 00 I5302 Gx 1.3
23 17 54 +00 16 00 I5303 D*
23 18 12 -10 18 00 I5304
23 18 00 +10 16 00 I5305 Gx 0.4 15p
23 18 06 +10 15 00 I5306
23 18 12 +10 13 00 I5307 Gx 0.6 16p
23 19 18 -42 16 00 I5308 Gx 4.9 12p
23 19 12 +07 59 00 I5309
23 20 48 -22 09 00 I5310
23 20 36 +17 16 00 I5311 S*
23 21 00 +19 19 00 I5312
23 22 00 -42 29 00 I5313 Gx 2.5
23 21 06 +19 17 00 I5314 Gx 0.5 15p
23 21 18 +25 22 00 I5315 Gx 1.0 15p
23 21 54 +21 13 00 I5316
23 23 24 +21 09 00 I5317 Gx 15p
23 24 00 -11 53 00 I5318 Gx 0.9 14p
23 24 48 +14 00 00 I5319
23 27 24 -67 45 00 I5320
23 26 18 -17 58 00 I5321 Gx 1.0 14p
23 27 30 -67 45 00 I5322
23 27 36 -67 49 00 I5323 Gx 1.6
23 28 18 -67 49 00 I5324 Gx 1.3
23 28 42 -41 19 00 I5325 Gx 2.5 12p
23 29 30 -28 48 00 I5326 Gx 0.8 14p
23 30 18 -13 35 00 I5327
23 33 12 -45 02 00 I5328 Gx 2.5 12p
23 33 18 +21 14 00 I5329 Gx 1.8 16p
23 33 30 -02 52 00 I5330
23 33 30 +21 08 00 I5331 Gx 1.1 15p
23 34 30 -36 06 00 I5332 Gx 6.6 10.6
23 34 54 -65 24 00 I5333 Gx 1.5
23 34 42 -04 31 00 I5334 Gx 1.5 14p
23 35 48 -67 24 00 I5335 Gx 1.3
23 36 18 +21 05 00 I5336
23 36 24 +21 09 00 I5337 Gx 0.9
23 36 30 +21 09 00 I5338 Gx 1.1 13.8
23 38 06 -68 27 00 I5339 Gx 1.2
23 38 36 -04 52 00 I5340
23 38 24 +26 59 00 I5341 Gx
23 38 36 +27 01 00 I5342 Gx 0.4
23 39 24 -22 31 00 I5343 Gx 0.6 14p
23 39 18 -04 58 00 I5344
23 39 36 -22 25 00 I5345 Gx 0.5 14p
23 41 00 +24 57 00 I5346 Gx 16p
23 41 30 +24 53 00 I5347 Gx 16p
23 45 00 -42 55 00 I5348 Gx 1.9
23 46 18 -28 00 00 I5349 Gx 0.6 15p
23 47 12 -27 58 00 I5350 Gx 0.3 15p
23 47 18 -02 18 00 I5351
23 47 24 -02 16 00 I5352
23 47 30 -28 07 00 I5353 Gx 1.6
23 47 30 -28 08 00 I5354
23 47 12 +32 48 00 I5355 Gx 1.1 14p
23 47 30 -02 19 00 I5356 Gx 0.3 15p
23 47 24 -02 18 00 I5357
23 47 42 -28 08 00 I5358 Gx 2.6
23 47 42 -02 17 00 I5359 Gx 1.0 15p
23 47 54 -37 04 00 I5360
23 51 24 -13 23 00 I5361 Gx 0.4 14p
23 51 36 -28 22 00 I5362 Gx 1.5
23 52 12 -28 38 00 I5363
23 56 12 -29 04 00 I5364
23 57 36 -37 01 00 I5365
23 57 42 +52 47 00 I5366 ?
23 58 42 +22 26 00 I5367
23 59 18 +06 52 00 I5368
23 59 48 +32 41 00 I5369
00 00 06 +32 45 00 I5370 Gx 0.7 15p
00 00 12 +32 49 00 I5371
00 00 24 +32 47 00 I5372 Gx 0.7 15p
00 00 24 +32 47 00 I5373 Gx 0.7 15p
00 01 06 +04 30 00 I5374
00 01 06 +04 31 00 I5375 Gx 0.9 14p
00 01 24 +34 32 00 I5376 Gx 2.1 15p
00 02 06 +16 36 00 I5377 Gx 1.3 16p
00 02 36 +16 37 00 I5378
00 02 42 +16 35 00 I5379
00 02 42 -66 11 00 I5380
00 03 12 +15 58 00 I5381 Gx 1.5
00 03 24 -65 11 00 I5382
00 03 48 +16 00 00 I5383
00 04 12 -11 58 00 I5384 Gx 0.8 15p
00 06 24 -00 04 00 I5385
00 06 30 -03 43 00 I5386
