09 24 54 +26 47 00 NGC 2862 GALXY12.8
09 25 42 +11 26 00 NGC 2871 NONEX
09 25 48 +11 26 00 NGC 2872 GALXY11.9
09 25 54 +11 26 00 NGC 2874 GALXY12.5
09 25 54 +11 27 00 NGC 2873 GALXY15.5
09 25 54 +11 25 00 NGC 2875 NONEX
09 26 30 +07 56 00 NGC 2882 GALXY12.6
09 29 24 +07 43 00 NGC 2894 GALXY12.4
09 29 36 +22 57 00 NGC 2885 GALXY
09 30 18 +29 32 00 NGC 2893 GALXY13.2
09 30 18 +23 39 00 NGC 2896 GALXY15.0
09 32 12 +21 29 00 NGC 2903 GALXY 9
09 32 12 +08 26 00 NGC 2906 GALXY12.7
09 32 12 +21 31 00 NGC 2905 NONEX
09 32 24 +31 07 00 NGC 2901 NONEX
09 33 42 +10 09 01 NGC 2911 GALXY11.5
09 33 42 +10 09 01 NGC 2912 GALXY
09 34 00 +09 28 00 NGC 2913 GALXY13.1
09 34 00 +10 06 00 NGC 2914 GALXY13.1
09 34 42 +10 16 00 NGC 2919 GALXY12.9
09 34 54 +21 42 00 NGC 2916 GALXY12.1
09 35 48 +31 42 00 NGC 2918 GALXY12.6
09 36 00 +16 45 00 NGC 2923 GALXY15.0
09 37 12 +23 35 00 NGC 2927 GALXY12.9
09 37 18 +16 58 00 NGC 2928 GALXY15.0
09 37 24 +23 09 01 NGC 2929 GALXY13.7
09 37 30 +32 50 01 NGC 2926 GALXY13.4
09 37 30 +23 12 01 NGC 2930 GALXY14.1
09 37 36 +23 14 01 NGC 2931 GALXY15.0
09 38 00 +17 01 00 NGC 2933 GALXY15.0
09 38 00 +17 01 00 NGC 2934 GALXY15.0
09 38 06 +09 31 00 NGC 2939 GALXY12.4
09 38 06 +09 36 00 NGC 2940 GALXY13.5
09 38 24 +17 03 00 NGC 2941 GALXY15.0
09 38 36 +17 02 00 NGC 2943 GALXY12.4
09 38 54 +06 57 00 NGC 2948 GALXY12.9
09 39 06 +17 01 00 NGC 2946 GALXY13.9
09 39 18 +32 18 00 NGC 2944 GALXY14.0
09 40 00 +16 47 00 NGC 2949 GALXY15.5
09 40 24 +14 50 00 NGC 2953 NONEX
09 40 30 +14 55 00 NGC 2954 GALXY12.4
09 40 36 +11 53 00 NGC 2958 GALXY13.2
09 42 54 +31 51 00 NGC 2964 GALXY11.3
09 43 12 +31 56 00 NGC 2968 GALXY11.7
09 43 30 +31 59 00 NGC 2970 GALXY13.6
09 43 36 +11 04 00 NGC 2984 GALXY13.4
09 45 00 +31 06 00 NGC 2981 GALXY13.6
09 46 48 +22 01 00 NGC 2991 GALXY12.6
09 46 48 +22 01 00 NGC 2988 GALXY14.5
09 47 12 +22 06 00 NGC 2994 GALXY13.1
09 48 00 +13 17 00 PK221+45.1PLNNB
09 48 06 +33 02 00 Mrk 408 GALXY13.9
09 49 42 +12 42 01 NGC 3016 GALXY12.9
09 49 42 +32 13 01 NGC 3011 GALXY13.3
09 50 00 +12 44 00 NGC 3019 GALXY15.0
09 50 06 +12 49 00 NGC 3020 GALXY11.9
09 50 18 +31 29 00 UGC 5272 GALXY14.1
09 50 30 +12 46 00 NGC 3024 GALXY13.1
09 50 54 +28 33 00 NGC 3026 GALXY13.0
09 52 06 +29 14 00 NGC 3032 GALXY12.5
09 53 00 +19 26 00 NGC 3040 GALXY14.2
09 53 06 +16 41 00 NGC 3041 GALXY11.5
09 54 48 +09 16 00 NGC 3049 GALXY12.1
09 55 00 +16 28 00 NGC 3048 GALXY15.2
09 55 36 +16 26 00 NGC 3053 GALXY12.7
09 56 24 +16 51 00 NGC 3060 GALXY13.0
09 56 42 +28 50 00 UGC 5340 GALXY14.5
09 57 54 +10 27 00 NGC 3069 GALXY14.1
09 58 00 +10 22 00 NGC 3070 GALXY12.3
09 58 24 +32 22 01 NGC 3067 GALXY12.1
09 58 30 +28 53 01 NGC 3068 GALXY15.1
09 58 54 +31 37 00 NGC 3071 GALXY14.3
09 59 00 +14 25 00 NGC 3075 GALXY13.6
09 59 24 +30 45 00 UGC 5364 GALXY12.6
09 59 54 +13 03 00 NGC 3080 GALXY13.4
10 01 06 +22 24 00 NGC 3088A GALXY14.7
10 01 06 +22 24 00 NGC 3088B GALXY15.4
10 01 30 +15 47 00 NGC 3094 GALXY12.3
10 02 18 +24 43 00 NGC 3098 GALXY12.0
10 03 18 +13 38 01 NGC 3107 GALXY13.4
10 04 24 +13 37 00 UGC 5425 GALXY13.4
10 06 36 +14 19 00 NGC 3119 GALXY15.3
10 06 48 +14 23 00 NGC 3121 GALXY12.6
10 07 30 +12 16 00 IC 591 GALXY13.1
10 08 12 +09 59 00 NGC 3130 GALXY13.4
10 08 24 +12 18 00 UGC 5470 GALXY10.2
10 08 24 +18 25 00 NGC 3129 NONEX
10 08 42 +18 15 00 NGC 3131 GALXY13.0
10 09 30 +12 20 00 NGC 3134 NONEX
10 12 54 +12 40 01 NGC 3153 GALXY12.6
10 13 06 +17 03 00 NGC 3154 GALXY14.3
10 13 30 +22 44 00 NGC 3162 GALXY11.6
10 13 54 +07 01 00 UGC 5522 GALXY12.6
10 16 36 +21 07 00 NGC 3177 GALXY12.4
10 17 36 +21 41 00 NGC 3185 GALXY12.2
10 17 36 +06 57 00 NGC 3186 GALXY15.0
10 17 48 +21 52 00 NGC 3187 GALXY13.4
10 18 06 +21 50 01 NGC 3190 GALXY11.1
10 18 12 +21 50 01 NGC 3189 NONEX
10 18 24 +21 54 00 NGC 3193 GALXY10.9
10 18 48 +27 40 00 NGC 3196 GALXY15.7
10 20 12 +27 49 00 NGC 3204 GALXY13.5
10 20 36 +25 29 00 NGC 3209 GALXY12.7
10 20 54 +25 22 00 UGC 5588 GALXY14.0
10 21 18 +19 39 00 NGC 3213 GALXY13.5
10 21 24 +10 53 00 NGC 3217 NONEX
10 21 42 +23 54 00 NGC 3216 GALXY13.4
10 22 18 +21 34 00 NGC 3221 GALXY13.1
10 22 36 +19 53 00 NGC 3222 GALXY12.8
10 23 24 +19 53 00 NGC 3226 GALXY11.4
10 23 30 +19 52 01 NGC 3227 GALXY10.3
10 23 42 +12 33 01 NGC 3230 GALXY12.8
10 24 42 +14 45 00 UGC 5633 GALXY13.7
10 24 54 +27 01 00 NGC 3234 NONEX
10 25 06 +17 10 00 NGC 3239 GALXY11.3
10 27 48 +22 50 00 NGC 3248 GALXY12.4
10 28 30 +12 42 00 NGC 3253 GALXY13.6
10 29 18 +26 05 01 NGC 3251 GALXY13.3
10 31 30 +24 51 00 NGC 3270 GALXY13.1
10 32 18 +27 40 00 NGC 3274 GALXY12.8
10 34 36 +11 12 00 NGC 3279 GALXY13.4
10 34 48 +21 39 00 NGC 3287 GALXY12.3
10 36 24 +12 42 00 NGC 3299 GALXY12.8
10 36 36 +14 10 00 NGC 3300 GALXY12.1
10 36 54 +21 53 00 NGC 3301 GALXY11.4
10 37 06 +18 08 00 NGC 3303 GALXY14.5
10 37 12 +12 39 00 NGC 3306 GALXY13.5
10 39 42 +09 13 00 NGC 3328 NONEX
10 40 24 +09 11 00 NGC 3332 GALXY12.3
10 41 12 +06 22 00 MCG +01-27GALXY12.5
10 42 06 +13 45 01 NGC 3338 GALXY11.1
10 42 24 +07 56 00 NGC 3436 GALXY
10 42 42 +09 26 00 NGC 3342 1STAR
10 43 06 +20 25 00 UGC 5833 GALXY14.8
10 43 36 +11 59 00 NGC 3345 2STAR
10 43 42 +14 52 00 NGC 3346 GALXY11.7
10 43 48 +06 45 00 NGC 3349 GALXY15.2
10 44 00 +11 42 00 NGC 3351 GALXY09.7
10 44 12 +06 45 00 NGC 3356 GALXY13.3
10 44 18 +22 22 00 NGC 3352 GALXY12.6
10 44 24 +14 05 00 NGC 3357 GALXY12.6
10 44 48 +06 36 00 NGC 3362 GALXY12.8
10 45 18 +22 04 00 NGC 3363 GALXY13.3
10 46 36 +13 45 00 NGC 3367 GALXY11.5
10 46 48 +11 49 00 NGC 3368 GALXY09.3
10 47 00 +13 48 00 NGC 3371 1STAR
10 47 06 +17 16 00 NGC 3370 GALXY11.6
10 47 12 +13 40 00 NGC 3373 1STAR
10 47 18 +14 04 00 NGC 3377A GALXY13.6
10 47 42 +13 59 00 NGC 3377 GALXY10.4
10 47 48 +12 35 00 NGC 3379 GALXY09.3
10 48 18 +12 38 00 NGC 3384 GALXY09.9
10 48 18 +08 36 00 NGC 3388 NONEX
10 48 30 +12 32 00 NGC 3389 GALXY11.9
10 48 54 +14 13 00 NGC 3391 GALXY12.9
10 49 24 +16 13 01 NGC 3399 GALXY12.8
10 49 42 +16 14 00 NGC 3405 GALXY14.4
10 50 30 +19 39 00 UGC 5947 GALXY14.5
10 50 54 +13 25 00 NGC 3412 GALXY10.5
10 50 54 +09 15 00 NGC 3429 GALXY
10 51 00 +08 29 00 NGC 3417 GALXY15.3
10 51 18 +13 57 00 NGC 3419 GALXY12.5
10 51 18 +14 01 00 NGC 3419A GALXY14.1
10 51 24 +08 34 00 NGC 3425 GALXY13.1
10 51 24 +09 17 00 NGC 3428 GALXY13.1
10 51 24 +08 18 00 NGC 3427 GALXY13.2
10 51 36 +18 28 00 NGC 3426 GALXY13.1
10 52 00 +03 48 00 NGC 3434 GALXY12.1
10 52 06 +10 09 00 NGC 3433 GALXY11.6
10 52 24 +10 34 00 NGC 3438 GALXY13.3
10 52 24 +08 34 00 NGC 3439 GALXY15.2
10 52 30 +07 14 00 NGC 3441 GALXY13.5
10 52 36 +22 56 00 NGC 3437 GALXY12.1
10 53 00 +17 34 00 NGC 3443 GALXY13.1
10 53 00 +10 13 00 NGC 3444 GALXY14.7
10 53 24 +16 46 00 NGC 3447 GALXY12.6
10 53 30 +16 47 00 NGC 3447A GALXY14.3
10 54 30 +17 17 00 NGC 3455 GALXY12.0
10 54 30 +17 21 00 NGC 3454 GALXY13.5
10 54 42 +17 37 00 NGC 3457 GALXY12.6
10 54 48 +17 36 00 NGC 3460 NONEX13.0
10 54 54 +17 39 00 NGC 3461 GALXY
10 55 18 +07 42 00 NGC 3462 GALXY12.2
10 56 18 +09 45 00 NGC 3466 GALXY13.6
10 56 42 +09 46 00 NGC 3467 GALXY13.4
10 58 00 +17 07 00 NGC 3473 GALXY13.6
10 58 06 +09 17 00 NGC 3476 GALXY13.8
10 58 06 +17 05 00 NGC 3474 GALXY13.9
10 58 12 +09 13 00 NGC 3477 GALXY15.7
10 58 18 +24 14 00 NGC 3475 GALXY13.1
10 58 54 +09 21 00 NGC 3480 NONEX
10 59 54 +09 22 00 NGC 3490 GALXY13.8
11 00 00 +14 50 00 NGC 3485 GALXY11.8
11 00 18 +13 54 00 NGC 3489 GALXY10.3
11 00 36 +12 10 00 NGC 3491 GALXY13.2
11 00 42 +17 35 00 NGC 3487 GALXY14.6
11 00 54 +10 30 00 NGC 3492 GALXY13.1
11 01 12 +03 43 00 NGC 3494 NONEX
11 01 18 +03 38 00 NGC 3495 GALXY11.8
11 01 48 +16 36 00 UGC 6104 GALXY13.7
11 01 54 +14 23 00 NGC 3498 3STAR
11 02 30 +16 44 00 UGC 6112 GALXY13.3
11 02 54 +17 59 00 NGC 3501 GALXY12.9
11 03 12 +11 05 00 NGC 3506 GALXY12.5
11 03 30 +18 08 00 NGC 3507 GALXY10.9
11 04 18 -06 28 00 NGC 3518 GALXY
11 04 24 +04 50 00 NGC 3509 GALXY12.7
11 05 48 -00 02 00 NGC 3521 GALXY 9
11 06 18 +17 30 01 UGC 6157 GALXY14.2
11 06 30 +11 24 01 NGC 3524 GALXY12.8
11 06 36 +20 04 00 NGC 3522 GALXY13.1
11 06 54 +07 10 00 NGC 3531 NONEX
11 07 00 +07 10 00 NGC 3526 GALXY13.2
11 07 12 +18 34 00 UGC 6171 GALXY13.9
11 08 31 +04 50 00 NGC 3535 GALXY13.5
11 08 42 +26 36 00 NGC 3534A GALXY15.4
11 08 42 +26 35 00 NGC 3534B GALXY15.6
11 09 36 +21 43 00 NGC 3551 GALXY15.0
11 09 42 +21 44 00 NGC 3555 GALXY12.8
11 09 54 +10 43 00 NGC 3547 GALXY12.8
11 10 42 +12 01 00 NGC 3559 GALXY12.7
11 10 42 +11 11 00 NGC 3560 1STAR
11 11 18 +05 50 00 NGC 3567 GALXY13.3
11 11 24 +26 58 00 NGC 3563A GALXY14.6
11 11 24 +26 58 00 NGC 3563B GALXY14.6
11 12 06 +27 35 00 NGC 3570 GALXY13.5
11 12 12 +27 37 00 NGC 3574 GALXY14.8
11 13 06 +22 40 00 NGC 3575 NONEX
11 13 18 +03 40 00 NGC 3580 GALXY14.0
11 13 30 +22 10 00 UGC 6253 GALXY12.0
11 14 00 +20 24 00 NGC 3588 GALXY15.3
11 14 24 +17 16 00 NGC 3592 GALXY13.7
11 14 36 +12 49 00 NGC 3593 GALXY10.9
11 15 06 +14 47 00 NGC 3596 GALXY11.3
11 15 12 +17 16 00 NGC 3598 GALXY12.3
11 15 24 +18 07 00 NGC 3599 GALXY11.9
11 15 30 +05 07 00 NGC 3601 GALXY13.8
11 15 48 +17 25 00 NGC 3602 GALXY15.7
11 16 18 +04 31 00 NGC 3604 NONEX
11 16 48 +18 01 00 NGC 3605 GALXY12.3
11 16 54 +18 03 00 NGC 3607 GALXY09.9
11 17 00 +18 09 00 NGC 3608 GALXY10.8
11 17 30 +04 33 01 NGC 3611 GALXY12.1
11 17 48 +26 38 00 NGC 3609 GALXY13.1
11 18 00 +23 24 00 NGC 3615 GALXY12.8
11 18 12 +26 38 00 NGC 3612 GALXY14.2
11 18 12 +14 44 00 NGC 3616 NONEX
11 18 30 +23 29 00 NGC 3618 GALXY13.6
11 18 48 +07 32 00 NGC 3624 GALXY13.9
11 18 54 +13 05 00 NGC 3623 GALXY09.3
11 20 06 +18 21 00 NGC 3626 GALXY11.0
11 20 12 +12 59 00 NGC 3627 GALXY08.9
11 20 12 +02 32 00 UGC 6345 GALXY13.4
11 20 18 +13 36 00 NGC 3628 GALXY09.5
11 20 18 +02 58 00 NGC 3630 GALXY11.9
11 20 24 +03 35 00 NGC 3633 GALXY13.6
11 20 30 +26 58 00 NGC 3629 GALXY12.1
11 20 30 +18 09 00 NGC 3632 NONEX
11 21 06 +03 14 00 NGC 3640 GALXY10.4
11 21 12 +03 12 00 NGC 3641 GALXY13.2
11 21 24 +03 01 00 NGC 3643 GALXY14.1
11 21 30 +18 28 00 NGC 3639 GALXY13.6
11 21 30 +02 49 00 NGC 3644 GALXY13.7
11 21 36 +02 59 00 NGC 3645 GALXY15.5
11 21 36 +02 54 00 NGC 3647 GALXY15.6
11 21 42 +20 10 00 NGC 3646 GALXY11.1
11 22 12 +20 13 00 NGC 3649 GALXY13.7
11 22 24 +24 18 00 NGC 3651 GALXY13.2
11 22 30 +24 16 00 NGC 3653 GALXY13.6
11 22 36 +20 42 00 NGC 3650 GALXY13.9
11 22 54 +16 35 00 NGC 3655 GALXY11.6
11 23 48 +17 49 00 NGC 3659 GALXY12.3
11 23 48 -01 06 00 NGC 3662 GALXY12.9
11 24 24 +11 21 00 NGC 3666 GALXY12.0
11 24 24 +03 20 00 NGC 3664 GALXY12.8
11 24 24 +03 14 00 NGC 3664A GALXY14.4
11 24 42 +23 57 00 NGC 3670 GALXY13.5
11 26 12 +27 53 00 NGC 3678 GALXY13.6
11 26 12 -05 35 00 NGC 3679 GALXY15.0
11 26 12 +04 08 00 NGC 3685 NONEX
11 26 30 +16 52 00 NGC 3681 GALXY11.2
11 27 12 +17 02 00 NGC 3684 GALXY11.4
11 27 42 +17 13 00 NGC 3686 GALXY11.3
11 28 12 +16 55 00 NGC 3691 GALXY11.8
11 28 12 +25 40 00 NGC 3689 GALXY12.3
11 28 24 +09 24 00 NGC 3692 GALXY12.1
11 28 42 +20 48 00 NGC 3697A GALXY14.1
11 28 54 +20 43 00 NGC 3697B GALXY15.5
11 28 54 +20 44 00 NGC 3697C GALXY15.5
11 29 24 +24 05 00 NGC 3701 GALXY12.9
11 29 48 +09 11 00 NGC 3705B GALXY15.5
11 30 06 +09 17 00 NGC 3705 GALXY11.1
11 30 30 +09 22 00 NGC 3705A GALXY15.0
11 30 42 -03 13 00 NGC 3708 NONEX
11 30 42 -03 15 00 NGC 3709 NONEX
11 31 00 +22 46 00 NGC 3710 GALXY13.1
11 31 36 +28 09 00 NGC 3713 GALXY13.2
11 31 42 +03 30 00 NGC 3716 GALXY13.5
11 32 12 +00 49 00 NGC 3719 GALXY13.0
11 32 24 +00 48 01 NGC 3720 GALXY12.9
11 33 12 +24 27 00 NGC 3728 GALXY13.0
11 34 12 +12 32 00 NGC 3731 GALXY14.3
11 35 36 +25 04 00 NGC 3739 GALXY14.4
11 35 48 +23 00 00 NGC 3744 GALXY15.4
11 35 48 +21 44 00 NGC 3743 GALXY15.6
11 36 24 +21 36 00 NGC 3758 GALXY14.2
11 36 36 +21 50 00 NGC 3760 NONEX
11 36 48 +23 00 00 NGC 3761 GALXY15.0
11 36 54 +17 54 00 NGC 3764 GALXY14.9
11 37 06 +24 07 00 NGC 3765 GALXY14.0
11 37 12 +17 51 00 NGC 3768 GALXY12.4
11 37 18 +16 53 00 NGC 3767 GALXY13.4
11 37 42 +22 00 00 NGC 3746 GALXY14.2
11 37 42 +22 01 00 NGC 3745 GALXY15.2
11 37 48 +22 42 00 NGC 3772 GALXY13.5
11 37 48 +22 02 00 NGC 3748 GALXY14.8
11 37 54 +21 59 00 NGC 3753 GALXY13.6
11 37 54 +21 58 00 NGC 3750 GALXY13.9
11 37 54 +21 56 00 NGC 3751 GALXY13.9
11 37 54 +21 59 00 NGC 3754 GALXY14.3
11 38 12 +12 07 00 NGC 3773 GALXY12.0
11 39 00 +26 22 00 NGC 3781 GALXY13.7
11 39 24 +26 20 00 NGC 3784 GALXY14.3
11 39 30 +26 19 00 NGC 3785 GALXY14.2
11 39 42 +20 29 00 NGC 3787 GALXY14.7
11 39 48 +17 43 00 NGC 3790 GALXY13.9
11 40 12 +24 43 00 NGC 3798 GALXY12.1
11 40 12 +15 21 00 NGC 3800 GALXY12.7
11 40 12 +15 20 00 NGC 3799 GALXY13.9
11 40 18 +17 44 00 NGC 3801 GALXY12.0
11 40 18 +17 46 00 NGC 3802 GALXY13.3
11 40 18 +17 49 00 NGC 3803 GALXY
11 40 42 +22 27 00 NGC 3808 GALXY13.4
11 40 48 +20 22 00 NGC 3805 GALXY12.6
11 40 48 +17 48 00 NGC 3806 GALXY13.6
11 40 48 +17 47 00 NGC 3807 NONEX
11 41 00 +11 28 00 NGC 3810 GALXY10.8
11 41 06 +24 51 00 NGC 3812 GALXY12.4
11 41 30 +24 49 00 NGC 3814 GALXY15.6
11 41 42 +24 49 00 NGC 3815 GALXY13.0
11 41 48 +20 07 00 NGC 3816 GALXY12.5
11 41 54 +10 19 00 NGC 3817 GALXY13.3
11 42 06 +10 22 00 NGC 3819 GALXY13.8
11 42 06 +10 24 00 NGC 3820 GALXY14.4
11 42 12 +20 20 00 NGC 3821 GALXY12.9
11 42 24 +18 19 00 UGC 6670 GALXY12.9
11 42 24 +26 30 00 NGC 3826 GALXY13.4
11 42 36 +18 51 00 NGC 3827 GALXY13.3
11 42 54 +16 30 00 NGC 3828 GALXY15.5
11 43 00 +19 39 00 UGC 6680 GALXY14.2
11 43 12 +26 35 00 NGC 3830 GALXY14.7
11 43 30 +22 44 00 NGC 3832 GALXY13.0
11 43 36 +19 05 00 NGC 3834 GALXY13.4
11 43 48 +19 57 00 UGC 6697 GALXY13.6
11 43 54 +19 54 00 NGC 3837 GALXY13.3
11 43 54 +10 48 00 NGC 3839 GALXY13.6
11 43 54 +20 05 00 NGC 3840 GALXY13.8
11 44 00 +19 57 00 NGC 3842 GALXY11.8
11 44 00 +19 59 00 NGC 3841 GALXY13.6
11 44 00 +20 02 00 NGC 3844 GALXY13.9
11 44 06 +20 00 00 NGC 3845 GALXY14.0
11 44 18 +19 59 00 NGC 3851 GALXY15.2
11 44 24 +16 34 00 NGC 3853 GALXY12.4
11 44 30 +19 50 00 Abell 1367GALCL14.0
11 44 36 +19 49 00 NGC 3860A GALXY14.5
11 44 36 +19 48 00 NGC 3860B GALXY15.5
11 44 42 +20 07 00 UGC 6719 GALXY13.6
11 44 48 +20 00 00 NGC 3861A GALXY14.0
11 44 48 +19 33 00 NGC 3857 GALXY14.1
11 44 48 +19 59 00 NGC 3861B GALXY15.0
11 44 54 +19 28 00 NGC 3859 GALXY14.1
11 45 06 +19 36 00 NGC 3862 GALXY12.7
11 45 06 +20 26 00 UGC 6725 GALXY12.9
11 45 12 +19 24 00 NGC 3864 GALXY14.1
11 45 24 +19 24 00 NGC 3867 GALXY13.2
11 45 24 +19 27 00 NGC 3868 GALXY14.3
11 45 42 +19 47 00 NGC 3873 GALXY12.9
11 45 48 +13 46 00 NGC 3872 GALXY11.7
11 45 48 +10 50 00 NGC 3869 GALXY12.8
11 45 48 +19 46 00 NGC 3875 GALXY13.9
11 46 12 +20 25 00 NGC 3884 GALXY12.6
11 46 48 +20 42 00 NGC 3883 GALXY12.6
11 47 06 +19 51 00 NGC 3886 GALXY13.1
11 49 12 +27 01 00 NGC 3900 GALXY11.4
11 49 12 +26 28 00 NGC 3899 NONEX
11 49 18 +26 07 00 NGC 3902 GALXY12.8
11 49 24 +24 57 00 NGC 3911 GALXY13.8
11 49 54 +12 11 00 NGC 3908 GALXY
11 50 00 +21 22 00 NGC 3910 GALXY12.8
11 50 06 +26 29 00 NGC 3912 GALXY12.4
11 50 06 +24 57 00 NGC 3920 GALXY13.1
11 50 36 +20 01 00 NGC 3919 GALXY13.3
11 51 18 +21 55 00 NGC 3925 GALXY15.3
11 51 30 +22 03 00 NGC 3926A GALXY14.7
11 51 30 +22 03 00 NGC 3926B GALXY14.7
11 51 36 +28 09 00 NGC 3927 NONEX
11 51 42 +21 01 00 NGC 3929 GALXY14.0
11 52 00 +16 49 00 NGC 3933 GALXY13.6
11 52 12 +16 52 00 NGC 3934 GALXY13.5
11 52 42 +20 39 00 NGC 3937 GALXY12.5
11 52 42 +21 01 00 NGC 3940 GALXY12.8
11 52 54 +20 30 00 NGC 3943 GALXY13.3
11 53 06 +26 14 00 NGC 3944 GALXY12.9
11 53 24 +20 45 00 NGC 3947 GALXY13.1
11 53 24 +21 03 00 NGC 3946 GALXY15.5
11 53 24 +20 59 00 NGC 3948 NONEX
11 53 42 +23 24 00 NGC 3951 GALXY13.6
11 53 42 +20 54 00 NGC 3954 GALXY13.6
11 54 48 +28 16 00 NGC 3964 GALXY13.9
11 55 30 +11 58 00 NGC 3968 GALXY11.8
11 55 36 +12 01 00 NGC 3973 GALXY15.4
11 56 24 +23 53 00 NGC 3983 GALXY14.0
11 57 18 +25 12 00 NGC 3987 GALXY12.9
11 57 24 +27 53 00 NGC 3988 GALXY13.3
11 57 24 +25 14 00 NGC 3989 GALXY14.7
11 57 36 +25 15 00 NGC 3993 GALXY13.7
11 57 48 +14 19 00 NGC 3996 GALXY13.4
11 57 48 +25 16 00 NGC 3997 GALXY13.4
11 57 54 +27 54 00 NGC 4004B GALXY15.0
11 58 00 +23 08 00 NGC 4003 GALXY13.3
11 58 00 +23 13 00 NGC 4002 GALXY14.0
11 58 00 +27 53 00 NGC 4004A GALXY14.0
11 58 00 +25 09 00 NGC 4000 GALXY14.5
11 58 06 +23 08 00 NGC 4007 NONEX
11 58 12 +25 08 00 NGC 4005 GALXY13.1
11 58 18 +28 12 00 NGC 4008 GALXY12.0
11 58 24 +25 07 00 NGC 4011 GALXY15.7
11 58 24 +25 13 00 NGC 4009 GALXY
11 59 18 +24 56 00 NGC 3999 GALXY15.7
