06 27 00 +59 05 00 IC 2166 GALXY12.4
06 38 12 +60 06 00 NGC 2273A GALXY
06 40 06 +60 04 01 UGC 3504 GALXY12.3
06 43 54 +61 47 00 PK153+22.1PLNNB15.9
06 46 24 +60 20 00 NGC 2273B GALXY12.5
06 50 12 +60 50 00 NGC 2273 GALXY11.7
06 53 06 +57 11 00 UGC 3574 GALXY12.6
06 56 30 +60 39 01 UGC 3598 GALXY14.4
06 58 36 +45 13 01 NGC 2308 GALXY13.2
07 02 30 +50 36 00 NGC 2315 GALXY13.6
07 04 54 +56 32 00 UGC 3647 GALXY14.1
07 05 36 +50 36 00 NGC 2320 GALXY11.9
07 05 54 +50 46 01 NGC 2321 GALXY13.6
07 05 54 +50 31 01 NGC 2322 GALXY13.8
07 08 24 +50 44 01 NGC 2326 GALXY13.1
07 08 30 +50 39 00 NGC 2326A GALXY14.8
07 09 00 +61 36 00 UGC 3685 GALXY12.0
07 09 12 +48 38 00 NGC 2329 GALXY12.4
07 09 12 +48 38 00 Abell 569GALCL13.8
07 09 30 +50 11 00 NGC 2332 GALXY12.8
07 09 30 +50 12 00 NGC 2330 GALXY14.0
07 09 36 +44 28 00 NGC 2337 GALXY12.4
07 09 54 +50 12 00 NGC 2334 NONEX
07 11 00 +50 10 00 NGC 2340 GALXY11.7
07 12 36 +47 09 00 NGC 2344 GALXY12.0
07 21 24 +55 44 00 Abell 576GALCL14.4
07 36 54 +35 15 00 NGC 2415 GALXY12.4
07 38 06 +38 53 00 NGC 2419 GLOCL10.4
07 40 42 +39 14 00 NGC 2424 GALXY12.6
07 42 31 +49 49 00 UGC 3973 GALXY13.3
07 43 12 +52 49 00 NGC 2426 GALXY13.1
07 43 42 +52 21 00 NGC 2429A GALXY14.0
07 43 42 +52 19 00 NGC 2429B GALXY15.0
07 45 18 +53 04 01 NGC 2431 GALXY13.4
07 46 06 +52 04 00 NGC 2436 1STAR
07 46 54 +39 01 00 NGC 2444 GALXY13.2
07 46 54 +39 00 00 NGC 2445 GALXY13.3
07 48 42 +54 36 00 NGC 2446 GALXY12.9
07 54 06 +55 29 00 NGC 2456 GALXY13.1
07 54 42 +55 32 00 NGC 2457 GALXY15.5
07 55 24 +56 43 01 NGC 2458 GALXY
07 56 00 +56 41 00 NGC 2461 GALXY15.5
07 56 42 +39 56 00 NGC 2476 GALXY12.6
07 56 42 +56 39 00 NGC 2462 GALXY14.0
07 57 06 +56 40 00 NGC 2463 GALXY14.1
07 57 18 +56 40 00 NGC 2464 NONEX
07 57 42 +56 45 00 NGC 2465 NONEX
07 57 48 +53 25 00 PK164+31.1PLNNB14.0
07 57 54 +52 52 00 NGC 2474 GALXY13.5
07 58 00 +56 41 01 NGC 2469 GALXY12.7
07 58 00 +52 52 00 NGC 2475 GALXY13.1
07 58 00 +56 22 01 NGC 2468 GALXY15.0
07 58 18 +56 45 01 NGC 2471 1STAR
07 58 24 +56 41 01 NGC 2473 NONEX
07 58 30 +37 47 00 NGC 2484 GALXY13.1
07 58 36 +56 42 00 NGC 2472 GALXY15.5
08 00 24 +39 50 00 NGC 2493 GALXY12.0
08 00 30 +39 51 00 NGC 2495 GALXY15.2
08 01 48 +56 34 00 NGC 2488 GALXY12.4
08 01 54 +50 45 00 NGC 2500 GALXY11.6
08 02 18 +56 57 00 NGC 2497 GALXY13.1
08 04 00 +53 34 00 NGC 2505 GALXY13.2
08 07 18 +51 09 00 NGC 2518 GALXY13.0
08 07 18 +51 09 00 NGC 2519 NONEX
08 07 24 +39 13 00 NGC 2528 GALXY12.6
08 08 06 +39 10 00 NGC 2524 GALXY12.7
08 08 48 +57 47 01 NGC 2521 GALXY12.8
08 10 12 +33 58 00 NGC 2532 GALXY12.4
08 11 12 +46 28 00 UGC 4260 GALXY13.5
08 12 54 +36 14 00 NGC 2543 GALXY11.9
08 12 54 +55 40 00 NGC 2534 GALXY12.9
08 13 18 +45 59 00 NGC 2537 GALXY11.7
08 13 42 +45 59 00 NGC 2537A GALXY15.4
08 14 00 +45 44 00 IC 2233 GALXY12.6
08 14 42 +49 04 00 NGC 2541 GALXY11.8
08 18 54 +57 48 00 NGC 2549 GALXY11.2
08 19 18 +50 00 00 NGC 2552 GALXY12.1
08 26 06 +45 58 00 UGC 4393 GALXY12.4
08 42 24 +37 13 00 NGC 2638 GALXY12.8
08 43 18 +45 44 00 UGC 4543 GALXY13.8
08 44 06 +34 43 00 NGC 2649 GALXY12.3
08 49 24 +36 41 00 NGC 2668 GALXY13.8
08 52 42 +33 25 00 NGC 2683 GALXY09.8
08 54 42 +39 32 00 NGC 2691 GALXY13.1
08 56 54 +39 22 00 NGC 2704 GALXY13.4
08 59 00 +39 12 00 UGC 4704 GALXY14.5
08 59 30 +44 55 00 NGC 2712 GALXY12.1
09 00 18 +35 43 00 NGC 2719 GALXY13.5
09 00 18 +35 43 00 NGC 2719A GALXY13.5
09 01 00 +35 46 00 NGC 2724 GALXY13.6
09 06 00 +35 22 00 NGC 2746 GALXY13.1
09 06 42 +34 37 00 UGC 4777 GALXY14.4
09 07 30 +33 16 00 UGC 4787 GALXY13.7
09 07 54 +41 43 00 NGC 2755 GALXY13.1
09 08 36 +37 37 01 NGC 2759 GALXY13.0
09 09 12 +33 08 00 NGC 2770B GALXY
09 09 36 +33 08 00 NGC 2770 GALXY12.2
09 12 06 +35 31 00 UGC 4837 GALXY14.2
09 12 18 +44 58 00 NGC 2776 GALXY11.6
09 12 19 +35 01 00 NGC 2778 GALXY12.4
09 12 19 +35 03 00 NGC 2779 GALXY15.5
09 12 36 +34 55 00 NGC 2780 GALXY13.3
09 13 00 +35 04 00 NGC 2770A NONEX
09 14 06 +40 07 00 NGC 2782 GALXY11.6
09 15 12 +40 55 00 NGC 2785 GALXY14.2
09 16 48 +34 26 00 NGC 2793 GALXY13.1
09 17 24 +42 01 00 NGC 2798 GALXY12.3
09 17 30 +42 00 00 NGC 2799 GALXY13.8
09 19 12 +33 52 00 NGC 2827 GALXY15.5
09 19 18 +34 00 00 NGC 2823 GALXY14.6
09 19 24 +33 38 00 NGC 2826 GALXY13.6
09 19 24 +33 44 00 NGC 2825 GALXY14.4
09 19 30 +33 53 00 NGC 2828 GALXY15.5
09 19 30 +33 40 00 NGC 2829 GALXY
09 19 42 +33 46 00 NGC 2832 GALXY11.9
09 19 42 +33 44 00 NGC 2830 GALXY14.3
09 19 42 +33 45 00 NGC 2831 GALXY14.5
09 19 54 +33 46 00 Abell 779GALCL13.8
09 19 54 +33 56 00 NGC 2833 GALXY15.5
09 20 00 +33 43 00 NGC 2834 GALXY15.5
09 20 36 +33 40 00 NGC 2839 GALXY14.2
09 20 42 +39 19 00 NGC 2838 GALXY14.5
09 20 48 +35 23 00 NGC 2840 GALXY13.8
09 21 48 +40 10 00 NGC 2844 GALXY12.9
09 23 18 +40 11 00 NGC 2852 GALXY13.2
09 23 18 +40 13 00 NGC 2853 GALXY13.3
09 24 54 +41 04 00 NGC 2860 GALXY13.7
