03 02 16 +04 05 23 ALPHA_CETUS_MENKAR
02 42 42 +00 01 00 M_77____GALAXY
01 36 42 +15 46 59 M_74____GALAXY
01 33 53 +30 38 59 M_33____GALAXY
00 42 42 +41 16 00 M_31____GALAXY
00 42 42 +40 52 00 M_32____GALAXY
00 40 24 +41 41 00 M110____NGC205
23 24 11 +61 36 00 M_52____OPEN_C
01 25 49 +60 14 06 DELTA__CASS_RUCBAH
01 33 11 +60 42 00 M_103___OPEN_C
01 42 00 +51 34 00 M_76_BARPLANET
03 08 10 +40 57 20 BETA_PERSUES_ALGOL
02 42 00 +42 46 59 M_34____OPEN_C
03 46 54 +24 07 00 M_45_PLEOPEN_C
05 24 18 -24 30 59 M_79____GLOBUL
05 35 23 -05 22 59 M_42_ORIDIFFUS
05 35 35 -05 16 00 M_43____DIFFUS
05 52 07 +06 20 58 GAMM_ORI_BELLATRIX
05 46 48 +00 03 00 M_78____DIFFUS
05 34 30 +22 01 00 M_1_CRABPLANET
05 52 18 +32 34 00 M_37____OPEN_C
05 34 30 +34 07 00 M_36____OPEN_C
05 16 41 +45 59 52 ALP_AURIGA_CAPELLA
05 28 41 +35 49 59 M_38____OPEN_C
06 08 48 +24 19 00 M_35____OPEN_C
06 45 09 -16 43 00 ALPHA__CMAJ_SIRIUS
06 46 59 -20 45 00 M_41____OPEN_C
07 02 53 -08 19 59 M_50____OPEN_C
07 36 36 -14 28 59 M_47____OPEN_C
07 41 53 -14 49 00 M_46____OPEN_C
07 44 30 -23 52 00 M_93____OPEN_C
08 13 41 -05 46 59 M_48____OPEN_C
08 40 00 +20 00 01 M_44_PRAOPEN_C
08 50 59 +11 49 00 M_67____OPEN_C
08 55 59 +69 04 00 M_81____GALAXY
09 55 59 +69 42 00 M_82____GALAXY
11 11 35 +55 40 59 M_108___GALAXY
11 14 53 +55 01 59 M_97_OWLPLANET
11 03 43 +61 45 03 ALPHA_UMAJOR_DUBHE
11 57 36 +53 22 00 M_109___GALAXY
12 19 00 +47 17 59 M_106___GALAXY
12 22 00 +58 04 00 M_40____STARS:
10 43 54 +11 41 59 M_95____GALAXY
10 46 47 +11 49 00 M_96____GALAXY
10 47 48 +12 34 59 M_105___GALAXY
11 18 53 +13 07 00 M_65____GALAXY
11 14 06 +20 31 25 DELTA__LEO___ZOSMA
11 20 12 +13 01 00 M_66____GALAXY
13 29 53 +47 12 00 M_51_WHIGALAXY
13 15 42 +42 01 00 M_63____GALAXY
14 03 11 +54 21 00 M_101_PIGALAXY
12 50 59 +41 07 00 M_94____GALAXY
13 42 11 +28 22 59 M_3_____GLOBUL
13 12 53 +18 10 00 M_53____GLOBUL
12 56 48 +21 40 59 M_64_BLAGALAXY
12 13 48 +14 54 00 M_98____GALAXY
12 18 47 +14 25 00 M_99____GALAXY
12 22 54 +15 49 00 M_100___GALAXY
12 25 18 +18 10 59 M_85____GALAXY
12 25 05 +12 52 59 M_84____GALAXY
12 26 12 +12 55 59 M_86____GALAXY
12 31 59 +14 25 00 M_88____GALAXY
12 35 23 +14 28 59 M_91____GALAXY
12 29 48 +07 58 59 M_49____GALAXY
12 43 36 +11 33 00 M_60____GALAXY
12 41 59 +11 39 00 M_59____GALAXY
12 37 36 +11 49 00 M_58____GALAXY
12 30 47 +12 22 59 M_87____GALAXY
12 35 35 +12 33 00 M_89____GALAXY
12 36 47 +13 09 00 M_90____GALAXY
12 22 00 +04 28 00 M_61____GALAXY
13 25 11 -11 09 40 ALPHA__VIRGO_SOICA
12 39 53 -11 37 00 M_104_SOGALAXY
12 39 29 -26 45 00 M_68____GLOBUL
13 37 05 -29 52 00 M_83____GALAXY
15 06 29 +55 45 00 M_102___GALAXY
15 18 29 +02 04 59 M_5_____GLOBUL
16 41 42 +36 27 00 M_13____GLOBUL
17 17 06 +43 08 59 M_92____GLOBUL
16 47 12 -01 57 00 M_12____GLOBUL
16 57 06 -04 07 00 M_10____GLOBUL
16 32 30 -13 03 00 M_107___GLOBUL
16 17 06 -22 58 59 M_80____GLOBUL
16 29 24 -26 25 57 ALPHA_SCOR_ANTARES
16 23 41 -26 31 00 M_4_____GLOBUL
17 37 36 -03 15 00 M_14____GLOBUL
17 19 05 -18 31 00 M_9_____GLOBUL
17 02 35 -26 15 00 M_19____GLOBUL
17 01 18 -30 07 00 M_62____GLOBUL
18 53 35 +33 01 59 M_57_RINPLANET
19 16 29 +30 10 00 M_56____GLOBUL
20 23 59 +38 31 00 M_29____OPEN_C
20 41 25 +45 16 49 ALPHA_CYGNUS_DENEB
21 32 12 +48 25 59 M_39____OPEN_C
19 59 35 +22 43 00 M_27_DUMPLANET
19 50 49 +08 52 07 ALPHA_AQUIL_ALTAIR
19 53 41 +18 46 59 M_71____GLOBUL
18 51 06 -06 16 00 M_11_WILOPEN_C
18 45 11 -09 24 00 M_26____OPEN_C
18 18 47 -13 46 59 M_16_EAGOPEN_C
18 20 48 -16 10 59 M_17_OMEOPEN_C
18 19 54 -17 07 59 M_18____OPEN_C
18 18 24 -18 25 59 M_24____OPEN_C
17 56 53 -19 01 00 M_23____OPEN_C
18 31 41 -19 15 00 M_25____OPEN_C
17 53 59 -34 49 01 M_7_____OPEN_C
18 05 48 -30 25 27 GAMMA_ SAGG_ALNASL
17 40 05 -32 13 00 M_6_____OPEN_C
18 24 36 -24 52 00 M_28____GLOBUL
18 01 36 -24 22 59 M_8_LAGODIFFUS
18 02 17 -23 01 59 M_20__TRIDIFUS
18 04 47 -22 30 00 M_21____OPEN_C
18 36 18 -23 55 00 M_22____GLOBUL
18 31 23 -32 21 00 M_69____GLOBUL
18 43 18 -32 17 59 M_70____GLOBUL
18 55 12 -30 28 00 M_54____GLOBUL
19 40 05 -30 56 00 M_55____GLOBUL
21 44 11 +09 52 30 EPSIL_PEGASUS_ENIF
21 30 00 +12 10 00 M_15____GLOBUL
20 06 06 -21 55 01 M_75____GLOBUL
20 53 24 -12 33 00 M_72____GLOBUL
20 58 59 -12 37 00 M_73____STARS:
21 31 33 -05 52 30 BET_AQU_SADEL_SUUD
21 33 29 -00 49 59 M_2_____GLOBUL
21 40 18 -23 10 59 M_30____GLOBUL
03 02 16 +04 05 23 ALPHA_CETUS_MENKAR
