06 01 54 -10 36 00 NGC 2142 NONEX
06 03 30 -09 44 00 NGC 2149 BRTNB
06 06 54 -06 12 00 NGC 2167 NONEX
06 07 36 -06 23 00 NGC 2170 BRTNB
06 09 30 -06 19 00 NGC 2182 BRTNB
06 10 48 -06 12 00 NGC 2183 BRTNB
06 11 06 -06 12 00 NGC 2185 BRTNB
06 21 00 -07 17 00 NGC 2215 OPNCL08.4
06 21 42 +02 22 01 Cr 91 OPNCL06.4
06 22 18 -05 42 00 Berk 73 OPNCL
06 22 54 +05 07 00 Cr 92 OPNCL08.5
06 23 18 +04 39 00 Do 22 OPNCL
06 23 24 -04 41 00 NGC 2219 NONEX
06 26 36 -04 45 00 NGC 2232 OPNCL03.9
06 26 36 -09 39 00 NGC 2225 OPNCL
06 26 36 -09 39 00 NGC 2226 OPNCL
06 29 42 +06 50 00 NGC 2236 OPNCL08.5
06 30 18 +05 03 00 NGC 2237 CL+NB05.5
06 30 18 +02 52 00 Cr 96 OPNCL07.3
06 30 30 +09 56 00 Cr 95 OPNCL
06 30 30 +05 03 00 NGC 2238 BRTNB
06 31 00 +10 27 00 IC 446 BRTNB
06 31 00 +04 57 00 NGC 2239 OPNCL
06 31 12 -03 51 00 Czernik 26OPNCL
06 31 12 +09 54 00 IC 2169 BRTNB
06 31 12 -08 24 00 vdB 80 OPNCL
06 31 18 +05 55 00 Cr 97 OPNCL05.4
06 32 24 +04 52 00 NGC 2244 CL+NB04.8
06 32 24 +05 07 00 NGC 2246 BRTNB
06 32 42 +07 19 00 IC 448 BRTNB
06 32 42 +10 10 00 NGC 2245 BRTNB
06 32 48 -05 02 00 NGC 2250 OPNCL08.9
06 32 48 +10 38 00 B 37-9 DRKNB
06 33 06 +10 21 01 NGC 2247 BRTNB
06 34 42 +08 22 00 NGC 2251 OPNCL07.3
06 34 42 +08 05 00 Basel 8 OPNCL
06 35 00 +05 23 00 NGC 2252 OPNCL07.7
06 35 48 -00 05 00 PK211- 3.1PLNNB
06 36 00 +07 40 00 NGC 2254 OPNCL09.1
06 36 30 +04 49 00 Cr 104 OPNCL09.6
06 36 36 +08 21 00 Basel 7 OPNCL08.5
06 36 42 +09 26 00 Tr 5 OPNCL10.9
06 37 06 +05 57 00 Cr 106 OPNCL04.6
06 37 30 +03 04 00 vdB 1 OPNCL09.5
06 37 42 +04 44 01 Cr 107 OPNCL05.1
06 38 00 +01 31 00 Sh2-282 BRTNB
06 38 06 -01 28 00 NGC 2260 NONEX
06 38 18 +00 55 00 Berk 24 OPNCL
06 38 24 +02 01 00 Cr 110 OPNCL10.5
06 38 24 +01 11 00 NGC 2262 OPNCL11.3
06 38 36 +10 53 00 NGC 2259 OPNCL10.8
06 38 42 +06 54 00 Cr 111 OPNCL 7
06 39 12 +08 44 00 NGC 2261 BRTNB
06 41 06 +09 53 00 NGC 2264 CL+NB03.9
06 43 12 -00 00 00 Do 23 OPNCL
06 43 54 +04 34 00 NGC 2269 OPNCL10.0
06 43 54 +03 26 00 NGC 2270 NONEX
06 44 12 +01 36 00 Do 24 OPNCL
06 45 06 +00 18 00 Do 25 OPNCL07.6
06 46 30 +01 46 00 Cr 115 OPNCL09.1
06 46 54 +01 19 00 NGC 2282 BRTNB
06 47 36 -03 10 00 NGC 2286 OPNCL07.5
06 47 36 +01 20 00 vdB 85 OPNCL
06 48 36 -09 32 00 PK221- 4.1PLNNB14.8
06 48 54 +00 23 00 Bochum 2 OPNCL09.7
06 49 36 -09 34 00 Ru 4 OPNCL
06 51 00 +05 46 00 Biur 12 OPNCL
06 51 06 -07 00 00 NGC 2299 NONEX
06 51 48 +00 28 01 NGC 2301 OPNCL 6
06 51 54 -07 04 00 NGC 2302 OPNCL08.9
06 52 00 +05 46 00 Biur 11 OPNCL
06 52 12 +02 56 00 Biur 10 OPNCL10.4
06 52 36 +09 58 00 PK204+ 4.1PLNNB15.0
06 53 30 +03 12 00 PK210+ 1.1PLNNB14.5
06 54 36 -07 11 00 NGC 2306 NONEX
06 56 12 -07 12 00 NGC 2309 OPNCL10.5
06 56 12 -02 53 00 PK216- 0.1PLNNB17.5
06 57 48 -04 35 00 NGC 2311 OPNCL09.6
06 58 00 -07 57 00 NGC 2313 BRTNB
06 58 06 +06 26 00 Biur 8 OPNCL
06 58 30 +08 16 00 Biur 7 OPNCL
06 58 36 +03 13 00 Biur 9 OPNCL
06 58 48 +10 16 01 NGC 2312 NONEX
06 58 48 -07 45 59 NGC 2317 NONEX
06 59 42 -07 44 00 NGC 2316 BRTNB
07 01 06 +03 04 01 NGC 2319 NONEX
07 01 18 +00 07 01 Biur 13 OPNCL
07 03 06 +06 25 00 Czernik 27OPNCL
07 03 12 -08 20 00 NGC 2323 OPNCL05.9
07 03 24 -05 04 00 Bochum 3 OPNCL09.9
07 03 24 -10 34 00 PK223- 2.1BRTNB13.1
07 03 54 -10 37 00 vdB 92 OPNCL
07 04 00 -06 01 00 Haffner 3OPNCL
07 04 12 +01 03 00 NGC 2324 OPNCL08.4
07 04 18 -10 28 00 Gum 1 BRTNB
07 05 06 -10 42 00 IC 2177 BRTNB
07 05 18 +02 47 00 PK212+ 4.1PLNNB13.5
07 06 30 -10 33 00 Berk 76 OPNCL
07 06 36 -10 05 00 NGC 2335 OPNCL07.2
07 07 12 -10 37 00 Cr 465 OPNCL10.1
07 07 18 -10 49 00 Cr 466 OPNCL11.1
07 07 42 -05 37 00 NGC 2338 ASTER
07 08 18 -10 38 59 NGC 2343 OPNCL06.7
07 08 36 -04 19 00 IC 466 BRTNB
07 09 24 -00 48 00 NGC 2346 PLNNB12.5
07 10 00 -08 37 00 NGC 2349 NONEX
07 14 36 -10 18 00 NGC 2353 OPNCL07.1
07 16 36 -09 26 00 Sh2-294 BRTNB
07 20 42 -01 06 00 Berk 37 OPNCL
07 20 48 -07 34 00 NGC 2364 OPNCL
07 21 00 -10 23 00 NGC 2368 OPNCL11.8
07 21 54 -02 52 00 Berk 77 OPNCL
07 25 00 -09 39 00 NGC 2377 GALXY12.7
07 26 36 -05 22 00 PK221+ 5.1PLNNB14.8
07 29 54 -00 21 00 NGC 2399 3STAR
07 30 00 -00 21 00 NGC 2400 3STAR
07 31 42 -08 14 00 Czernik 30OPNCL
07 37 18 -09 39 00 PK226+ 5.1PLNNB13.9
07 38 24 -10 41 00 Mel 72 OPNCL10.1
07 39 54 -09 41 00 Cr 467 OPNCL11.8
07 40 18 -01 34 59 UGC 3964 GALXY13.1
07 46 42 -04 36 00 Berk 39 OPNCL
07 59 12 -00 38 00 NGC 2494 GALXY13.1
08 00 12 -10 47 00 NGC 2506 OPNCL07.6
08 06 42 -02 52 00 PK224+15.1PLNNB15.4
