00 00 50 +36 46 48 HD 224803
00 02 02 +45 31 21 ADS 17123
00 02 51 +47 15 08 HD 225034
00 03 09 +45 07 30 HD 225066
00 04 18 +42 35 11 HD 225191
00 04 36 +42 05 33 HR 9105
00 04 40 +34 15 54 HD 225220
00 04 51 +43 58 15 HD 225258
00 04 58 +45 40 26 HIP 404
00 05 10 +45 13 45 HR 1
00 05 41 +45 48 43 HD 38
00 05 44 +42 39 13 SAO 36050
00 06 37 +29 01 17 HR 8
00 07 19 +37 40 35 SAO 53652
00 07 38 +40 08 53 HD 290
00 08 02 +31 23 28 HD 332
00 08 52 +37 12 55 HD 416
00 09 04 +40 50 34 HD 445
00 09 10 +44 43 18 HD 460
00 09 33 +47 58 25 ADS 113
00 09 54 +30 13 51 SAO 73782
00 10 03 +46 23 25 HD 556
00 11 02 +48 20 31 BD +47 00018
00 11 12 +44 18 57 HD 670
00 11 28 +29 48 54 PPM 89486
00 13 24 +26 59 15 HR 40
00 13 36 +44 11 43 HD 914
00 13 52 +46 47 54 BD +45 00033
00 14 24 +43 50 45 HIP 1152
00 15 58 +48 35 11 ADS 204
00 16 22 +43 35 42 HR 56
00 16 32 +29 17 37 HD 1202
00 16 43 +36 37 47 HD 1223
00 17 01 +21 46 27 PPM 89594
00 17 14 +33 16 51 SAO 53781
00 17 25 +35 50 24 HD 1308
00 17 49 +30 35 31 CCDM 0178+3036
00 18 31 +26 08 25 HIP 1488
00 18 42 +43 47 28 26 And
00 18 42 +25 45 01 PPM 89624
00 18 58 +43 02 15 ADS 262
00 19 10 +43 29 49 SAO 36261
00 19 47 +32 44 09 CCDM 0198+3244
00 20 00 +38 13 39 HD 1562
00 20 54 +32 58 41 HD 1641
00 21 58 +42 12 35 SAO 36300
00 22 45 +46 14 26 SAO 36308
00 23 53 +29 30 09 HD 1942
00 24 02 +38 34 37 R And
00 25 19 +32 30 13 HD 2094
00 26 04 +44 10 36 HD 2171
00 26 04 +34 47 34 CCDM 0261+3448
00 27 29 +24 23 17 PPM 89789
00 28 54 +41 25 20 SAO 36407
00 29 40 +36 04 30 SAO 53936
00 30 11 +45 57 03 HD 2627
00 30 40 +32 08 11 HD 2688
00 30 35 +22 08 22 CCDM 0306+2208
00 30 59 +34 05 55 HIP 2429
00 31 26 +33 34 54 HR 122
00 31 49 +36 58 02 HD 2814
00 31 57 +28 31 16 HD 2839
00 32 24 +44 55 21 HD 2875
00 32 26 +37 44 49 HD 2889
00 32 40 +23 11 36 HD 2925
00 32 49 +28 16 49 HR 134
00 32 52 +29 57 57 ADS 457
00 33 23 +37 30 41 CCDM 0334+3731
00 33 33 +45 08 55 HD 2992
00 33 28 +32 45 32 CCDM 0335+3246
00 34 42 +38 17 03 BD +37 00092
00 35 11 +44 50 19 PPM 43095
00 35 10 +36 49 56 HD 3165
00 35 16 +43 03 28 HD 3164
00 36 02 +29 59 35 HD 3266
00 36 07 +32 41 04 SAO 54017
00 36 53 +33 43 10 Pi And
00 37 20 +27 18 11 HD 3432
00 37 48 +29 12 53 PPM 89992
00 38 07 +33 09 17 CCDM 0381+3309
00 38 26 +40 59 10 SAO 36537
00 38 47 +31 01 09 SAO 54052
00 40 20 +43 43 25 PPM 43187
00 40 20 +24 03 14 HD 3743
00 40 51 +33 01 03 CCDM 0409+3301
00 43 33 +33 50 40 SAO 54108
00 44 11 +46 14 08 HD 4134
00 44 23 +33 37 05 HD 4163
00 44 23 +33 32 11 SAO 54117
00 45 28 +43 24 03 HD 4267
00 45 27 +31 40 08 HD 4279
00 46 18 +43 24 14 PPM 43298
00 46 24 +30 56 34 HD 4372
00 47 20 +24 16 02 Zeta And
00 47 28 +42 14 05 HD 4501
00 50 17 +35 48 09 HD 4789
00 50 42 +33 56 47 SAO 54191
00 51 10 +41 11 52 BD +40 00175
00 51 13 +22 11 28 PPM 90220
00 51 57 +33 53 24 HD 4961
00 54 37 +39 10 10 HD 5245
00 54 58 +23 37 42 36 And
00 54 59 +24 06 01 HD 5294
00 55 13 +38 14 16 PPM 65761
00 55 39 +34 33 08 SAO 54267
00 56 45 +38 29 58 Mu And
00 58 04 +36 16 13 CCDM 0581+3616
00 59 27 +37 46 09 BD +36 00173
01 00 04 +44 42 48 HR 283
01 01 05 +41 17 44 PPM 43546
01 01 46 +46 35 26 ADS 845
01 02 26 +39 58 33 CCDM 1024+3959
01 02 47 +47 41 55 HIP 4888
01 05 11 +43 54 01 SAO 36911
01 07 09 +38 39 02 HD 6586
01 07 50 +46 50 32 HIP 5303
01 08 53 +45 12 27 HD 6757
01 09 49 +40 10 38 HD 6857
01 10 12 +34 14 00 SAO 54479
01 10 42 +42 55 55 HD 6963
01 11 52 +47 47 54 HD 7072
01 12 05 +47 00 03 HD 7116
01 13 19 +44 26 29 SAO 37030
01 14 42 +42 55 02 HD 7391
01 14 46 +41 02 15 BD +40 00252
01 14 54 +48 15 16 SAO 37050
01 15 26 +38 29 12 HD 7475
01 15 43 +37 11 30 PPM 66116
01 16 07 +50 03 52 HD 7506
01 16 33 +44 26 41 HD 7577
01 16 42 +40 28 08 SAO 37073
01 16 57 +38 27 39 HD 7639
01 17 36 +40 17 42 PPM 43831
01 17 42 +44 37 56 HD 7722
01 17 48 +49 00 30 HD 7710
01 18 47 +37 23 11 HR 379
01 19 47 +50 29 21 HD 7928
01 20 08 +43 57 09 HIP 6247
01 20 04 +36 37 51 HIP 6240
01 20 44 +46 20 19 HD 8044
01 21 56 +47 16 56 HD 8161
01 23 15 +49 05 15 PPM 43935
01 24 31 +39 01 30 HD 8481
01 26 47 +49 08 17 PPM 43991
01 27 39 +45 24 24 Omega And
01 28 11 +34 43 13 ADS 1164
01 28 37 +45 09 08 HD 8893
01 30 09 +41 31 09 PPM 44061
01 31 05 +43 37 15 HD 9169
01 32 48 +35 50 34 HD 9370
01 34 01 +45 58 36 HIP 7299
01 33 57 +44 16 10 HD 9482
01 34 11 +47 59 56 SAO 37316
01 34 12 +36 11 25 HD 9532
01 35 20 +41 22 57 ADS 1242
01 36 29 +43 36 13 HD 9792
01 39 02 +41 04 03 BD +40 00340
01 39 17 +39 00 59 SAO 54873
01 39 36 +46 02 20 BD +45 00405
01 40 03 +38 58 10 HIP 7773
01 40 18 +38 43 41 SAO 54888
01 40 35 +40 34 37 Tau And
01 40 52 +49 52 31 HIP 7841
01 41 57 +42 51 56 SAO 37441
01 42 29 +49 59 59 SAO 37447
01 43 04 +39 16 51 SAO 54928
01 43 09 +42 38 02 PPM 44351
01 44 31 +39 57 31 HD 10629
01 45 03 +43 42 23 HD 10673
01 46 44 +38 55 41 HD 10815
01 47 25 +44 45 23 SAO 37506
01 47 59 +43 53 29 PPM 44436
01 49 17 +40 58 22 HD 11032
01 51 23 +43 28 35 HD 11235
01 51 41 +45 48 39 HD 11254
01 52 22 +41 25 06 SAO 37575
01 53 11 +37 19 16 HD 11430
01 53 17 +40 43 47 55 And
01 54 40 +38 11 45 SAO 55076
01 56 09 +37 15 07 56 And
01 56 10 +36 02 46 HD 11761
01 56 56 +37 59 14 ADS 1546
01 58 05 +41 23 10 HD 11926
02 00 11 +44 27 03 HD 12130
02 03 54 +42 19 47 Almaak
02 09 03 +40 47 39 BX And
02 09 24 +42 54 07 CCDM 2094+4254
02 09 38 +42 51 29 HD 13151
02 10 53 +39 02 22 59 And
02 11 20 +44 07 04 SAO 37840
02 12 14 +44 39 40 ADS 1693
02 12 22 +48 14 51 HD 13414
02 13 36 +51 03 57 HR 645
02 17 12 +37 29 00 HD 14016
02 18 09 +45 12 38 HD 14104
02 18 36 +40 16 44 HD 14189
02 19 14 +50 08 38 HD 14188
02 21 15 +37 25 23 HD 14472
02 21 30 +46 24 55 HD 14471
02 21 36 +44 36 00 HD 14477
02 21 44 +39 22 40 HIP 10999
02 22 50 +41 23 47 HR 687
02 23 45 +49 20 19 SAO 37998
02 24 04 +41 36 09 ADS 1823
02 24 56 +47 03 45 HD 14838
02 25 22 +48 04 02 HD 14865
02 25 37 +50 16 43 65 And
02 26 05 +49 13 41 HD 14932
02 27 52 +41 29 27 ADS 1859
02 28 10 +38 50 28 HD 15218
02 28 20 +43 14 02 HD 15216
02 31 16 +47 02 33 HD 15509
02 32 25 +39 04 36 BD +38 00501
02 33 01 +48 52 13 SAO 38106
02 33 09 +40 17 58 PPM 45194
02 33 58 +44 09 29 PPM 45207
02 34 19 +40 17 34 HD 15864
02 35 28 +39 39 52 HR 746
02 35 39 +37 18 44 HR 748
02 35 42 +44 11 24 HD 16013
02 38 18 +37 43 36 HR 768
22 59 00 +51 18 08 HD 236010
23 00 19 +48 22 15 SAO 52577
23 00 24 +41 07 29 HD 217465
23 01 24 +46 38 19 SAO 52603
23 02 45 +44 03 32 LN And
23 02 53 +46 10 24 PPM 63748
23 03 31 +41 22 53 HD 217905
23 04 15 +46 36 34 BD +45 04132
23 05 52 +42 24 05 CCDM 23059+4224
23 06 10 +51 10 41 HD 236041
23 06 33 +46 55 24 HD 218325
23 07 48 +39 47 47 HD 218453
23 09 11 +51 32 39 HD 236052
23 09 59 +47 57 34 HD 218739
23 10 03 +36 50 54 HD 218741
23 10 21 +49 01 06 HD 218790
23 10 50 +45 30 44 HD 218868
23 11 26 +38 13 11 HD 218917
23 12 11 +45 16 19 BD +44 04349
23 13 06 +40 00 10 HD 219127
23 14 57 +52 35 20 BD +51 03565
23 14 59 +35 55 54 HD 219372
23 15 04 +43 18 52 HD 219398
23 15 52 +52 57 38 HD 236076
23 17 01 +42 37 47 BD +41 04735
23 17 45 +49 00 55 8 And
23 18 03 +49 51 38 SAO 52879
23 18 24 +47 15 42 HIP 115067
23 18 38 +36 21 38 BD +35 05000
23 19 08 +48 55 10 HD 219917
23 19 41 +48 22 51 HR 8875
23 20 44 +44 06 58 HR 8884
23 20 53 +38 10 56 12 And
23 21 13 +35 26 40 HD 220149
23 23 29 +45 47 36 HD 220445
23 25 38 +52 40 59 PPM 41792
23 27 28 +50 38 34 SAO 35435
23 27 54 +50 11 02 SAO 53051
23 32 01 +43 49 20 HD 221460
23 33 37 +49 19 04 ADS 16833
23 35 00 +47 30 46 HD 221810
23 36 14 +49 44 04 HD 221947
23 37 09 +34 38 39 HD 222048
23 37 29 +48 32 27 HD 222106
23 37 32 +44 25 44 HR 8962
23 37 34 +46 27 29 Lambda And
23 38 33 +44 41 12 HD 222229
23 38 26 +42 30 41 HD 222207
23 38 34 +35 02 00 HD 222221
23 39 01 +39 32 32 CCDM 23390+3933
23 39 18 +47 30 21 CCDM 23393+4730
23 39 54 +47 33 14 SAO 53254
23 40 03 +37 39 10 HR 8973
23 40 12 +49 48 44 HD 222425
23 42 46 +47 27 08 HD 222705
23 44 32 +46 22 49 HD 222900
23 44 57 +48 30 39 HD 222934
23 46 02 +46 25 13 Psi And
23 46 47 +46 39 59 SAO 53364
23 48 08 +41 06 29 HD 223276
23 48 35 +36 16 28 HD 223331
23 50 31 +43 25 09 HD 223570
23 50 52 +47 30 28 TZ And
23 51 33 +42 04 58 HD 223672
23 51 52 +37 53 28 HD 223718
23 52 50 +38 41 16 SAO 73578
23 53 00 +41 20 45 HD 223835
23 54 04 +39 16 57 HD 223971
23 55 42 +38 29 53 BD +37 04905
23 57 13 +37 50 47 HD 224367
23 57 33 +48 04 15 HD 224405
23 58 21 +35 00 47 HD 224492
23 59 05 +34 15 48 SAO 73652
23 59 29 +33 43 26 HR 9074
23 59 40 +37 47 59 HD 224656
