20 39 16 +02 19 36 CCDM 20393+0220
20 41 47 -04 29 37 HD 197143
20 45 32 -08 08 55 HD 197670
20 45 36 -08 52 43 SAO 144773
20 47 15 -00 05 38 BD -00 04091
20 49 34 -00 05 30 CCDM 20496-0006
20 50 42 -09 28 47 HD 198441
20 50 43 -11 34 02 HD 198442
20 51 26 -05 37 36 4 Aqr
20 52 27 +01 29 10 CCDM 20525+0129
20 56 28 -01 34 10 HD 199321
20 56 54 -09 41 51 7 Aqr
20 57 11 +00 27 50 HR 8017
20 57 29 +00 36 07 HD 199482
20 58 51 -09 21 04 HD 199634
21 00 07 -05 40 41 HD 199879
21 00 30 -05 47 52 CCDM 21005-0548
21 02 21 -09 40 32 HD 200197
21 03 03 +01 31 55 HR 8056
21 03 54 +01 06 04 PPM 171203
21 04 05 -05 49 23 HD 200497
21 04 16 +00 07 25 CCDM 21043+0007
21 06 28 -05 45 46 HD 200896
21 07 10 -13 55 23 HD 200968
21 07 33 -00 09 50 HD 201098
21 07 53 -10 12 42 HD 201102
21 08 38 -04 26 41 BD -05 05479
21 08 53 +00 12 53 PPM 171336
21 09 45 -02 31 14 CCDM 21098-0231
21 10 34 -08 36 30 HD 201549
21 11 09 -02 17 10 CCDM 21112-0217
21 11 36 -03 07 13 HD 201719
21 11 59 -05 48 50 HD 201780
21 12 35 +01 48 53 PPM 171428
21 12 46 -00 45 00 CCDM 21128-0045
21 14 41 -00 49 55 HD 202260
21 15 24 -10 20 53 HD 202332
21 15 39 -01 14 10 HD 202405
21 16 24 -00 02 18 CCDM 21164-0003
21 16 43 -07 39 17 HD 202533
21 17 11 -04 14 22 HD 202632
21 18 03 +00 09 42 HD 202751
21 21 25 -12 19 04 HD 203250
21 21 48 +02 01 38 HD 203383
21 23 51 -06 35 02 HD 203667
21 24 23 -12 47 50 HD 203737
21 30 02 -05 23 55 HD 204629
21 31 04 -05 01 41 CCDM 21311-0502
21 31 34 -05 34 16 Sadalsuud
21 35 55 +00 40 52 HD 205525
21 37 34 -00 23 27 HR 8263
21 39 32 -00 03 04 HD 206058
21 40 19 +00 34 41 CCDM 21403+0035
21 41 45 -00 35 49 CCDM 21418-0036
21 42 29 +00 38 12 CCDM 21425+0038
21 42 27 +00 26 44 HD 206488
21 43 26 -06 04 35 PPM 205525
21 44 48 +02 59 32 HD 206863
21 45 35 +02 51 17 PPM 172218
21 46 26 -05 06 12 BD -05 05635
21 46 42 -06 06 37 HD 207092
21 48 35 -06 14 57 HD 207373
21 50 08 -04 17 50 HD 207597
21 50 26 -03 56 09 HD 207639
21 51 01 -03 51 32 HD 207706
21 51 24 -03 57 43 CCDM 21514-0358
21 52 21 -03 10 29 HD 207888
21 54 13 -04 30 00 BD -05 05661
21 54 36 -03 18 05 HR 8363
21 56 04 -04 02 55 HD 208397
21 56 21 -04 45 23 HD 208459
21 57 18 -03 53 34 HD 208569
21 58 20 -01 49 47 HIP 108460
21 59 01 -11 17 04 HD 208791
22 00 36 -22 24 27 CD -23 17211
22 00 41 -04 48 19 CCDM 22007-0448
22 01 19 -17 31 00 HD 209108
22 01 33 -15 36 43 HD 209154
22 01 38 -04 51 32 HD 209207
22 01 41 -11 59 30 HD 209184
22 02 26 -16 57 53 29 Aqr
22 05 20 -01 25 27 HD 209697
22 07 07 +00 34 13 HIP 109186
22 09 28 -18 27 02 HD 210256
22 11 14 -03 03 31 CCDM 22112-0304
22 11 31 -01 14 31 CCDM 22115-0115
22 12 44 -20 06 23 HD 210721
22 14 18 -21 04 28 41 Aqr
22 15 59 -02 54 07 CCDM 22160-0254
22 17 21 -00 42 17 HD 211477
22 17 33 -23 42 24 HD 211451
22 19 18 -10 47 25 HD 211719
22 20 38 -00 31 02 HD 211927
22 20 59 -03 34 16 SAO 146034
22 21 46 -01 51 10 PPM 709413
22 24 07 -04 50 13 51 Aqr
22 24 31 +00 50 52 HD 212473
22 25 48 -20 14 13 HD 212600
22 26 34 -16 44 32 53 Aqr
22 27 10 -01 46 29 HD 212838
22 27 50 -17 16 14 HD 212889
22 28 50 -00 01 12 Zeta 1 Aqr
22 29 01 +01 18 20 HD 213092
22 29 03 -09 56 09 HD 213067
22 29 27 -07 19 44 PPM 709443
22 29 33 -00 12 18 HD 213162
22 30 33 -08 06 53 HD 213293
22 30 39 -10 40 41 Sigma Aqr
22 34 03 -01 34 27 60 Aqr
22 34 03 -01 47 07 HD 213790
22 34 22 -22 36 08 HD 213792
22 34 55 -05 02 43 HD 213921
22 35 30 +02 33 41 HD 214044
22 35 54 -20 56 05 HD 214046
22 37 45 -04 13 41 Kappa Aqr
22 38 35 -14 04 01 HD 214460
22 38 46 -20 37 16 FK Aqr
22 39 35 -12 36 55 HIP 111870
22 39 46 -19 42 00 PPM 723140
22 41 39 -02 33 10 HD 214909
22 42 06 -05 06 08 HD 214983
22 42 49 +00 13 55 HD 215093
22 42 58 +01 13 02 HD 215129
22 43 03 -08 18 41 HR 8645
22 43 14 -03 25 55 HD 215142
22 43 32 -16 08 16 HD 215166
22 45 05 -02 39 43 SAO 146295
22 45 21 -09 38 40 HD 215449
22 47 21 -16 08 47 HD 215696
22 47 43 -14 03 23 Tau 1 Aqr
22 47 50 -04 13 45 HD 215812
22 49 36 -13 35 33 Tau 2 Aqr
22 52 24 -21 42 30 HIP 112936
22 58 38 -08 27 23 HD 217147
22 59 00 -08 12 48 HD 217194
22 59 41 -04 21 52 HD 217274
23 00 53 -22 15 45 HD 217431
23 02 02 -21 50 36 HD 217593
23 02 24 -11 18 44 HD 217666
23 05 10 -07 41 38 83 Aqr
23 06 42 -04 12 03 HD 218262
23 06 39 -14 51 50 HD 218251
23 09 11 -07 18 50 HD 218576
23 09 29 -08 49 36 HD 218603
23 09 37 -03 57 44 HD 218625
23 12 00 -11 56 01 HIP 114536
23 13 48 -13 23 41 HD 219151
23 14 07 -08 55 28 HD 219175
23 14 40 -10 41 19 HR 8836
23 15 53 -09 05 16 Psi 1 Aqr
23 16 43 -11 58 08 HD 219552
23 18 02 -16 20 45 HD 219703
23 19 07 -13 27 31 94 Aqr
23 19 24 -05 07 28 96 Aqr
23 20 56 -18 32 36 HD 220065
23 22 23 -12 58 50 HD 220259
23 23 40 -14 29 34 HD 220423
23 23 45 -08 27 36 HD 220436
23 24 04 -21 46 28 HD 220466
23 25 25 -17 16 41 HD 220630
23 25 45 -16 54 31 PPM 723370
23 26 05 -07 08 14 HD 220713
23 28 59 -06 38 24 HD 221079
23 32 19 -13 37 19 HD 221451
23 32 49 -16 50 44 HD 221503
23 34 19 -09 42 34 HIP 116329
23 35 12 -11 34 40 HD 221789
23 35 12 -18 34 19 HD 221790
23 37 03 -21 40 33 HD 222011
23 37 40 -13 03 37 HR 8958
23 39 47 -04 20 23 HD 222343
23 41 46 -17 49 00 104 Aqr
23 42 43 -14 32 42 Omega 2 Aqr
23 43 24 -21 42 23 HD 222735
23 46 01 -18 40 42 107 Aqr
23 47 08 -19 21 14 HD 223142
23 47 26 -22 16 32 HD 223182
23 51 09 -19 02 58 ADS 17044
23 54 39 -23 01 56 HD 224040
23 55 10 -21 22 47 HD 224107
23 56 21 -09 29 57 HIP 118020
