04 43 05 +33 55 47 HD 29785
04 49 06 +33 00 32 HD 282454
04 51 05 +44 58 08 HD 30584
04 53 27 +29 34 05 CCDM 4535+2934
04 54 14 +49 34 52 HD 30924
04 55 47 +31 31 41 ADS 3525
04 56 17 +52 05 53 HD 31166
04 57 48 +48 00 49 HD 31379
04 58 51 +44 08 22 HD 31533
04 59 15 +37 53 25 Omega Aur
04 59 21 +31 00 50 HD 31707
04 59 37 +31 35 06 HD 31734
04 59 51 +43 19 09 HD 31678
05 00 18 +39 23 41 5 Aur
05 00 47 +39 12 34 SAO 57565
05 01 20 +50 15 26 HD 31796
05 01 36 +39 14 57 HD 277429
05 01 58 +43 49 24 Al Anz
05 02 49 +52 02 55 HD 233055
05 02 50 +37 17 51 CCDM 5028+3718
05 03 42 +36 47 17 CCDM 5037+3647
05 04 06 +35 46 20 ADS 3643
05 04 23 +37 42 04 CCDM 5044+3742
05 04 45 +28 41 53 HD 32479
05 04 53 +51 54 00 HD 233064
05 04 54 +30 53 55 HD 282854
05 05 10 +50 01 34 PPM 29591
05 06 18 +37 38 17 CCDM 5063+3738
05 06 41 +51 35 52 9 Aur
05 07 02 +33 24 48 HD 32769
05 07 22 +50 18 20 HD 32653
05 07 50 +37 05 42 CCDM 5078+3706
05 07 59 +37 19 02 CCDM 5080+3719
05 08 01 +36 59 19 CCDM 5080+3659
05 08 03 +37 03 05 HD 280462
05 08 06 +36 08 43 HD 32905
05 08 17 +36 47 11 CCDM 5083+3647
05 08 27 +42 04 39 HD 277485
05 08 22 +37 06 42 CCDM 5084+3707
05 09 20 +36 52 49 CCDM 5093+3653
05 09 44 +29 47 55 HD 33185
05 09 46 +42 40 18 HD 33077
05 10 00 +40 09 10 HD 33118
05 10 04 +36 17 48 ADS 3730
05 10 21 +37 40 33 CCDM 5103+3740
05 10 19 +37 18 08 HIP 24072
05 10 27 +37 41 57 CCDM 5104+3742
05 10 51 +38 00 08 CCDM 5108+3800
05 11 02 +39 16 55 HD 33298
05 10 59 +32 02 20 HD 33334
05 11 08 +37 18 07 HD 33308
05 11 15 +37 11 07 CCDM 5113+3711
05 11 56 +36 31 38 ADS 3757
05 12 08 +36 50 37 CCDM 5121+3651
05 12 12 +38 38 49 CCDM 5122+3839
05 12 18 +37 18 45 CCDM 5123+3719
05 12 31 +36 23 02 CCDM 5125+3623
05 13 12 +44 28 54 SAO 40129
05 13 17 +37 20 14 HD 33632
05 13 36 +35 42 03 HD 33688
05 13 50 +46 58 36 HD 33601
05 13 46 +35 19 29 CCDM 5138+3520
05 14 12 +54 45 32 HD 33552
05 14 45 +42 30 19 ADS 3807
05 14 55 +50 54 15 HD 233091
05 14 59 +35 21 28 HD 33879
05 15 06 +36 23 15 CCDM 5151+3623
05 15 24 +32 41 15 14 Aur
05 15 22 +30 20 25 HD 241906
05 15 32 +37 51 30 CCDM 5155+3752
05 15 53 +34 25 23 HD 34030
05 16 03 +41 54 08 HD 277755
05 16 04 +51 57 25 HD 33852
05 16 04 +41 05 22 HD 277774
05 16 06 +36 31 42 CCDM 5161+3632
05 16 37 +35 36 58 CCDM 5166+3537
05 16 40 +39 02 45 HD 34093
05 16 43 +37 24 12 CCDM 5167+3724
05 16 43 +32 30 36 CCDM 5167+3230
05 16 41 +45 59 53 Capella
05 17 06 +33 19 48 HD 34201
05 17 10 +37 47 12 HD 34191
05 17 18 +53 35 11 R Aur
05 17 32 +36 29 33 CCDM 5175+3630
05 17 44 +47 19 49 BD +47 01122
05 17 50 +38 04 10 CCDM 5178+3804
05 18 01 +37 32 59 CCDM 5180+3733
05 18 10 +37 39 00 HD 34302
05 18 10 +36 01 01 CCDM 5182+3601
05 18 11 +33 22 18 16 Aur
05 18 16 +36 49 48 CCDM 5183+3650
05 18 27 +31 35 40 CCDM 5185+3136
05 18 40 +37 45 09 CCDM 5187+3745
05 18 42 +33 31 27 HD 34413
05 18 57 +45 14 51 HD 34331
05 18 57 +36 11 50 HD 34425
05 19 08 +40 05 57 Lambda Aur
05 19 10 +35 47 32 V348 Aur
05 19 15 +34 53 26 HD 34477
05 19 41 +35 25 46 CCDM 5197+3526
05 19 46 +36 12 46 ADS 3897
05 20 06 +39 20 36 HD 34545
05 20 30 +40 19 23 HD 277936
05 20 29 +38 27 59 HD 280844
05 20 39 +46 57 50 HR 1736
05 20 50 +50 36 57 HD 34532
05 20 59 +37 28 31 CCDM 5210+3729
05 21 10 +50 23 26 HD 233104
05 21 22 +33 23 08 HD 34760
05 21 52 +42 03 29 HD 278026
05 22 02 +55 55 34 HD 237379
05 22 02 +36 27 07 CCDM 5220+3627
05 21 57 +35 10 33 CCDM 5220+3511
05 22 11 +45 04 54 HD 34788
05 22 18 +33 47 54 HD 34925
05 22 30 +29 15 49 HD 242938
05 22 50 +36 42 10 CCDM 5228+3642
05 23 06 +31 09 31 HD 35033
05 23 09 +38 01 38 CCDM 5232+3802
05 23 17 +34 08 32 HD 35032
05 23 23 +49 34 19 PPM 48066
05 23 53 +50 28 09 HD 233116
05 24 23 +42 36 38 HD 35101
05 24 33 +48 21 40 HD 35075
05 24 44 +39 44 47 ADS 3988
05 24 50 +37 59 22 CCDM 5248+3759
05 24 55 +37 33 28 CCDM 5249+3733
05 25 14 +35 26 03 CCDM 5252+3526
05 25 13 +34 51 18 HR 1779
05 25 16 +34 33 55 HD 281060
05 25 38 +38 02 41 HD 35313
05 26 19 +37 23 42 CCDM 5263+3724
05 26 18 +37 05 04 CCDM 5263+3705
05 26 19 +30 20 09 HD 35478
05 26 38 +35 23 50 HD 281137
05 27 07 +34 08 59 HD 35556
05 27 16 +34 25 43 HD 281150
05 27 20 +36 01 52 CCDM 5273+3602
05 27 25 +35 51 32 CCDM 5274+3552
05 27 39 +34 28 33 Phi Aur
05 28 01 +33 45 49 HD 35681
05 28 06 +40 21 13 HD 278240
05 28 26 +35 52 32 CCDM 5284+3553
05 28 23 +35 49 09 CCDM 5284+3549
05 28 32 +35 48 42 CCDM 5285+3549
05 28 27 +35 46 06 CCDM 5285+3546
05 28 34 +35 54 00 CCDM 5286+3554
05 28 46 +35 54 06 CCDM 5288+3554
05 28 52 +35 48 54 CCDM 5289+3549
05 29 13 +38 47 35 PPM 70431
05 29 11 +35 54 35 CCDM 5292+3555
05 29 09 +35 47 12 CCDM 5292+3547
05 29 09 +35 44 40 CCDM 5292+3545
05 29 22 +31 51 18 CCDM 5294+3151
05 29 32 +35 40 26 CCDM 5295+3540
05 29 36 +30 45 03 HD 244080
05 29 40 +33 27 06 HD 244061
05 29 51 +35 13 11 CCDM 5298+3513
05 30 06 +29 32 55 HD 36044
05 30 13 +41 45 21 HD 278210
05 30 13 +41 16 57 HD 35951
05 30 11 +35 42 07 CCDM 5302+3542
05 30 12 +35 25 20 SAO 58120
05 30 45 +39 49 33 HR 1825
05 30 48 +47 54 31 HD 35963
05 31 29 +54 39 17 HD 35961
05 31 39 +32 24 44 ADS 4120
05 31 52 +36 03 45 CCDM 5319+3604
05 32 21 +49 23 36 HD 36146
05 32 18 +42 24 57 HD 36229
05 32 26 +35 32 19 SAO 58157
05 32 30 +36 02 07 CCDM 5325+3602
05 33 12 +36 44 02 CCDM 5332+3644
05 33 41 +36 27 35 HD 36483
05 33 51 +44 47 08 HD 36422
05 34 22 +35 48 49 SAO 58190
05 34 34 +51 55 14 HD 36451
05 34 37 +36 56 23 CCDM 5346+3656
05 34 43 +36 51 03 CCDM 5347+3651
05 34 46 +36 26 44 CCDM 5348+3627
05 34 53 +33 53 20 CCDM 5349+3353
05 35 13 +36 30 49 CCDM 5352+3631
05 35 15 +33 57 46 HD 244949
05 35 24 +37 21 12 CCDM 5354+3721
05 35 31 +36 50 39 CCDM 5355+3651
05 35 32 +35 51 22 CCDM 5355+3551
05 35 59 +36 13 57 PPM 70585
05 36 12 +36 23 59 CCDM 5362+3624
05 36 14 +34 07 09 CCDM 5362+3407
05 36 21 +34 12 26 CCDM 5363+3412
05 36 22 +34 09 50 CCDM 5364+3410
05 36 23 +34 08 02 SAO 58234
05 36 28 +34 07 21 CCDM 5365+3407
05 37 07 +41 49 42 HD 36929
05 37 32 +31 46 42 HD 245416
05 37 58 +36 42 19 CCDM 5380+3642
05 38 00 +31 44 54 CCDM 5380+3145
05 38 16 +34 24 36 CCDM 5383+3425
05 38 38 +30 29 33 26 Aur
05 38 42 +32 28 30 HD 37252
05 38 49 +37 03 20 CCDM 5388+3703
05 38 53 +37 27 14 CCDM 5389+3727
05 39 32 +53 52 07 HD 37155
05 40 14 +37 21 25 CCDM 5402+3721
05 40 58 +33 42 44 CCDM 5410+3343
05 41 20 +53 28 52 HR 1925
05 41 23 +32 22 56 CCDM 5414+3223
05 41 21 +29 29 15 HR 1945
05 42 31 +40 53 10 SAO 40546
05 42 29 +29 51 01 HD 37800
05 42 49 +33 22 29 HD 246482
05 43 14 +43 22 26 ADS 4283
05 43 17 +41 07 22 HD 37841
05 44 05 +30 56 02 HD 38017
05 44 25 +40 24 17 HD 37977
05 44 35 +31 33 20 CCDM 5446+3133
05 44 38 +29 01 00 HD 38116
05 44 55 +55 42 56 HD 37880
05 45 17 +33 43 41 HD 246985
05 45 29 +53 19 38 HD 37996
05 45 37 +30 10 04 HD 38231
05 46 02 +37 17 05 HD 38230
05 46 16 +31 52 07 CCDM 5463+3152
05 47 19 +32 21 58 ADS 4368
05 47 25 +29 39 27 HD 38491
05 47 57 +44 21 35 ADS 4375
05 48 11 +30 32 07 HD 38583
05 49 39 +31 46 30 ADS 4415
05 49 46 +32 58 23 HD 247909
05 49 56 +31 47 09 HD 38819
05 50 03 +39 34 35 HIP 27553
05 51 29 +39 08 55 Nu Aur
05 51 38 +32 29 33 CCDM 5516+3230
05 51 51 +48 44 27 BD +48 01314
05 51 56 +32 33 37 CCDM 5519+3234
05 52 00 +37 49 57 HD 39094
05 51 58 +32 36 58 CCDM 5520+3237
05 51 59 +31 36 20 CCDM 5520+3136
05 52 06 +32 28 10 CCDM 5521+3228
05 52 16 +32 36 21 CCDM 5523+3236
05 52 19 +32 33 11 CCDM 5523+3233
05 52 15 +32 30 33 CCDM 5523+3231
05 52 19 +32 27 38 CCDM 5523+3228
05 52 22 +46 48 42 HD 39044
05 52 24 +32 34 57 CCDM 5524+3235
05 52 31 +32 34 40 CCDM 5525+3235
05 52 30 +32 31 57 CCDM 5525+3232
05 52 31 +32 25 04 CCDM 5525+3225
05 52 31 +40 08 55 HD 39154
05 52 38 +32 31 45 CCDM 5526+3232
05 52 48 +32 33 00 HD 248521
05 52 46 +29 46 05 HD 39274
05 52 53 +34 26 43 HD 39251
05 52 56 +31 45 46 ADS 4465
05 53 05 +41 27 08 SAO 40676
05 53 17 +36 23 59 CCDM 5533+3624
05 53 21 +31 29 14 HD 248661
05 53 29 +37 20 21 HD 39315
05 53 31 +32 17 07 HD 39355
05 53 38 +50 10 43 HD 39198
05 54 16 +30 29 39 HD 39477
05 54 22 +38 35 56 HD 39433
05 54 28 +31 09 41 HD 248890
05 54 52 +37 37 40 CCDM 5549+3738
05 55 22 +29 57 50 HD 39677
05 55 38 +53 27 35 HD 39430
05 55 41 +52 58 40 HD 39448
05 56 18 +43 55 20 BD +43 01382
05 56 32 +52 56 25 HD 39568
05 56 32 +37 06 46 CCDM 5565+3707
05 56 49 +37 09 36 CCDM 5568+3710
05 56 55 +46 40 47 SAO 40719
05 57 35 +42 38 39 PPM 48590
05 57 43 +32 29 08 HD 249495
05 57 51 +37 03 54 BD +37 01366
05 58 24 +29 37 37 HIP 28270
05 58 53 +31 42 30 CCDM 5589+3142
05 58 54 +31 03 06 CCDM 5589+3103
05 59 23 +52 41 39 HD 233187
05 59 32 +54 17 05 Delta Aur
05 59 32 +44 56 51 Menkalinan
05 59 43 +37 12 45 Theta Aur
05 59 57 +53 09 47 ADS 4559
06 00 14 +43 10 53 HD 40326
06 00 19 +44 35 31 HR 2096
06 00 23 +34 18 40 CCDM 6004+3419
06 01 15 +31 32 28 HD 40587
06 01 37 +36 30 56 HD 40598
06 01 38 +35 14 36 CCDM 6016+3515
06 02 05 +38 43 13 HD 40669
06 03 35 +35 49 53 BD +35 01322
06 03 38 +33 00 42 CCDM 6036+3301
06 04 29 +51 34 24 HR 2123
06 04 34 +30 14 04 HD 41163
06 05 11 +43 02 18 ADS 4648
06 05 52 +48 14 57 HD 41161
06 06 09 +35 23 16 HR 2141
06 06 22 +29 30 45 HR 2146
06 07 03 +41 45 41 HD 41414
06 07 26 +36 16 29 HD 41523
06 07 53 +28 57 40 HD 251914
06 08 07 +37 14 30 HIP 29084
06 08 12 +37 58 58 HD 41637
06 08 25 +31 12 11 HD 41750
06 08 32 +47 25 20 SAO 40880
06 09 26 +34 27 32 CCDM 6094+3427
06 09 36 +55 04 44 HD 237468
06 09 40 +43 08 27 HD 41847
06 11 11 +44 44 47 BD +44 01380
06 11 19 +30 40 25 HD 42313
06 11 30 +43 09 55 HD 42196
06 11 37 +48 42 40 41 Aur
06 11 41 +43 05 26 PPM 48839
06 12 05 +29 29 32 HD 42454
06 13 54 +39 43 16 PPM 71370
06 14 22 +51 09 59 HD 42614
06 14 27 +38 23 41 SAO 58880
06 15 07 +44 09 36 PPM 48885
06 15 39 +36 08 55 HR 2217
06 18 08 +53 40 17 HD 43227
06 19 08 +39 46 29 HD 43623
06 19 20 +39 34 20 SAO 58980
06 19 59 +28 25 36 HD 43885
06 20 27 +29 39 47 HD 255211
06 20 34 +47 07 13 HD 43794
06 21 49 +39 07 53 BD +39 01600
06 23 23 +28 45 21 HD 44512
06 24 06 +37 33 27 SAO 59041
06 24 52 +31 49 48 HD 256465
06 25 33 +40 21 00 ADS 5027
06 25 53 +51 52 31 HD 44672
06 26 06 +41 35 13 SAO 41093
06 26 56 +29 51 16 CCDM 6269+2951
06 27 31 +34 57 19 SAO 59092
06 28 10 +30 25 12 HD 257491
06 28 25 +40 18 19 ADS 5082
06 28 24 +31 15 51 PPM 71658
06 28 28 +43 04 06 HD 45233
06 28 45 +37 22 51 HD 45373
06 28 54 +49 43 33 HD 45232
06 28 54 +40 07 11 HD 45372
06 29 07 +42 39 47 HD 45371
06 29 46 +36 36 11 HD 45540
06 30 17 +30 26 48 HD 258213
06 30 38 +51 46 46 HD 233252
06 31 46 +31 30 36 HD 258665
06 33 56 +31 40 13 HD 259341
06 33 58 +52 27 41 HD 46048
06 34 00 +47 46 46 ADS 5180
06 34 19 +38 04 34 HD 46296
06 34 27 +29 12 13 CCDM 6345+2912
06 34 42 +38 32 24 HD 46359
06 35 06 +37 03 52 HD 46451
06 35 22 +37 42 56 HD 46482
06 36 17 +37 59 31 HD 46639
06 36 33 +38 26 44 UU Aur
06 36 47 +41 08 07 HD 46704
06 36 58 +38 12 59 BD +38 01542
06 37 17 +38 25 44 HD 46824
06 38 32 +52 17 41 HD 46862
06 38 37 +40 20 12 HD 47047
06 38 41 +41 34 53 HD 47046
06 39 15 +31 35 30 HD 261026
06 39 20 +42 29 20 Psi 2 Aur
06 40 10 +33 42 28 HD 261309
06 40 17 +39 19 48 SAO 59344
06 40 51 +48 15 18 HD 47375
06 41 45 +44 01 32 HIP 32048
06 42 27 +39 02 05 HD 47834
06 44 18 +44 14 16 ADS 5373
06 44 17 +40 37 23 HD 48228
06 46 44 +43 34 39 Psi 5 Aur
06 47 00 +36 55 25 SAO 59476
06 48 21 +41 05 03 HD 49010
06 50 01 +46 11 05 HD 49288
06 49 59 +40 59 51 HD 49363
06 50 12 +39 57 11 HD 49403
06 50 22 +43 45 16 HD 49401
06 50 46 +41 46 52 Psi 7 Aur
06 51 12 +40 29 43 SAO 41388
06 52 04 +40 24 17 SAO 41397
06 53 01 +38 52 09 59 Aur
06 55 25 +48 33 52 HD 50363
06 55 32 +37 54 55 HD 50576
06 56 03 +40 40 31 BD +40 01756
06 56 05 +49 11 49 PPM 49453
06 56 28 +40 04 29 SAO 41448
06 56 37 +46 32 19 HD 50718
06 58 02 +39 24 16 BD +39 01796
06 59 27 +37 05 53 HD 51560
07 00 14 +42 59 04 HD 51611
07 01 37 +39 50 14 SAO 59700
07 04 30 +41 37 01 PPM 49576
07 05 09 +41 52 14 HD 52953
07 05 52 +36 02 56 HD 53229
07 06 11 +38 15 34 BD +38 01683
07 06 39 +38 01 40 BD +38 01686
07 08 50 +35 53 55 HD 54014
07 09 26 +36 33 48 HD 54159
07 09 39 +38 28 27 BD +38 01697
07 10 13 +38 07 49 HD 54369
07 20 56 +43 35 40 ADS 5989
07 24 36 +37 48 41 HD 57815
07 25 13 +39 48 08 BD +40 01858
07 26 09 +37 49 23 HD 58185
07 27 49 +39 46 01 SAO 60092
07 28 31 +42 45 09 HD 58662
07 28 30 +36 07 31 PPM 72826
