06 14 31 -53 04 46 HD 43677
06 16 15 -52 24 43 HD 43999
06 20 25 -54 30 57 SAO 234454
06 34 14 -52 19 07 PPM 335279
06 37 36 -55 20 37 HD 47910
06 44 13 -54 41 44 HD 49219
06 46 42 -54 41 42 HR 2524
06 50 59 -56 14 24 HD 50715
06 52 13 -56 30 31 HD 50994
06 55 59 -55 35 35 HD 51904
07 03 17 -57 30 10 HD 53869
07 03 15 -59 10 41 HR 2674
07 03 49 -51 52 19 SAO 234894
07 05 22 -52 36 34 HD 54290
07 08 36 -60 40 50 SAO 249748
07 09 14 -56 21 36 HD 55327
07 09 49 -56 22 17 HD 55477
07 10 24 -55 35 16 HD 55598
07 10 41 -51 22 17 SAO 234992
07 12 46 -57 29 27 HD 56216
07 15 38 -63 10 47 HD 57126
07 18 59 -52 32 23 HD 57553
07 20 19 -57 40 52 SAO 235115
07 20 21 -52 18 41 HR 2813
07 20 39 -52 11 55 HD 57918
07 20 55 -56 46 49 HD 58116
07 21 34 -55 20 52 HD 58203
07 21 41 -61 57 05 HD 58448
07 24 33 -57 55 50 SAO 235177
07 24 29 -62 32 02 SAO 249847
07 28 20 -55 38 40 HD 59745
07 29 31 -55 18 19 HD 59994
07 32 59 -55 09 34 HD 60734
07 33 41 -57 45 48 SAO 235301
07 36 14 -53 49 12 HD 61392
07 37 39 -57 35 18 SAO 235370
07 42 21 -58 40 12 HD 62805
07 43 24 -52 30 29 HD 62849
07 45 31 -58 57 18 HD 63427
07 46 15 -59 48 51 HD 63581
07 47 13 -59 04 47 HD 63789
07 47 38 -53 10 31 HD 63708
07 47 46 -58 31 55 HD 63871
07 48 39 -63 41 20 HD 64186
07 49 39 -55 04 44 HD 64162
07 51 47 -51 24 32 CCDM 7518-5125
07 52 13 -59 36 49 HD 64784
07 55 24 -53 37 23 HD 65297
07 56 45 -60 48 54 SAO 250023
07 57 47 -60 18 11 HR 3138
07 58 22 -60 51 27 HIP 38966
07 58 50 -60 38 40 CP -60 01005
08 00 02 -57 46 20 SAO 235668
08 00 04 -60 46 32 HD 66442
08 01 01 -61 31 26 HD 66657
08 01 23 -54 30 56 HR 3157
08 02 28 -55 02 13 HD 66820
08 04 43 -62 50 11 V375 Car
08 04 51 -54 59 23 HD 67365
08 05 02 -60 23 17 HD 67515
08 08 01 -51 44 16 HD 67989
08 08 13 -61 04 38 HD 68279
08 15 16 -62 54 56 HR 3260
08 17 59 -59 10 37 CP -58 01095
08 18 58 -60 11 40 HIP 40741
08 20 01 -57 40 24 HD 70620
08 22 23 -55 13 18 HIP 41026
08 28 28 -61 12 23 HD 72255
08 31 02 -60 28 51 HD 72677
08 35 57 -63 37 07 PPM 356819
08 37 19 -62 51 12 HR 3432
08 40 44 -57 32 44 HR 3455
08 42 05 -61 59 50 PPM 356881
08 43 13 -56 21 34 SAO 236221
08 44 58 -58 20 45 HD 75069
08 45 06 -58 43 28 HR 3489
08 47 10 -63 48 45 HD 75541
08 51 45 -58 21 58 HD 76163
08 51 53 -63 40 52 HD 76285
08 55 09 -62 54 06 HD 76790
08 56 58 -59 13 46 V376 Car
08 57 30 -62 53 50 HD 77146
09 03 12 -62 21 06 HD 78084
09 04 48 -57 51 09 HR 3622
09 05 34 -66 36 46 HD 78601
09 08 00 -64 02 02 HD 78977
09 11 04 -60 57 13 HD 79388
09 11 33 -57 58 06 HD 79421
09 12 37 -61 05 22 HD 79654
09 17 26 -70 23 20 HD 80766
09 17 25 -74 53 40 HR 3720
09 17 55 -69 48 17 HD 80807
09 18 09 -69 41 36 HD 80839
09 21 34 -60 49 50 HD 81175
09 23 36 -67 29 29 HD 81668
09 24 39 -70 24 36 HD 81910
09 25 27 -61 57 02 HR 3752
09 27 01 -59 00 18 HD 82023
09 27 55 -57 19 46 HD 82125
09 31 25 -73 44 49 HIP 46720
09 32 00 -67 19 45 HD 311256
09 32 52 -67 38 34 HD 83112
09 33 17 -57 57 48 HD 82988
09 35 42 -68 12 37 HD 83531
09 35 55 -67 16 49 HIP 47097
09 38 26 -57 31 51 HD 83742
09 39 51 -59 17 03 HD 84000
09 42 13 -66 54 53 HD 84416
09 43 17 -60 01 46 HD 84464
09 44 11 -69 47 37 HD 84797
09 45 05 -69 45 44 HD 84910
09 45 13 -59 28 33 HD 84759
09 45 40 -70 07 05 HD 85012
09 47 06 -65 04 19 Upsilon Car
09 47 37 -61 02 25 HD 85138
09 47 50 -65 07 16 HD 85233
09 49 04 -63 01 20 HD 85394
09 50 14 -57 32 46 HD 85494
09 50 12 -58 12 56 HD 85496
09 51 01 -58 07 38 HD 85610
09 51 38 -59 17 06 HD 85716
09 51 55 -60 26 06 HD 85768
09 55 06 -69 11 20 HD 86388
09 55 30 -57 57 17 HD 86269
09 57 14 -59 53 42 HD 86555
09 59 46 -59 16 26 HD 86909
09 59 55 -60 24 33 HD 86960
10 01 06 -59 44 02 HD 87136
10 01 22 -59 39 50 CP -59 01663
10 01 57 -60 04 40 HD 304835
10 05 10 -67 15 31 HD 87849
10 06 44 -61 05 13 HIP 49525
10 07 32 -59 03 40 HD 302564
10 07 29 -62 14 23 HD 88103
10 08 43 -65 48 56 HR 3995
10 08 52 -61 53 10 HD 88294
10 12 57 -65 09 58 HD 88894
10 13 48 -65 42 23 HD 89009
10 14 31 -68 52 25 CP -68 01067
10 15 06 -67 17 09 HD 89205
10 17 10 -66 35 30 HD 89465
10 19 05 -64 40 35 HR 4065
10 20 04 -67 10 04 HD 89891
10 20 24 -63 20 12 HD 89876
10 20 40 -71 08 55 HD 90037
10 20 49 -67 31 33 HD 89974
10 21 41 -69 19 59 HD 90121
10 22 12 -65 41 25 HD 90152
10 22 37 -57 40 15 HD 90102
10 24 23 -61 33 07 HD 90398
10 28 49 -62 35 02 HD 91027
10 28 50 -66 41 48 HD 91095
10 28 59 -58 47 38 HD 91023
10 30 39 -61 21 23 HR 4128
10 31 07 -61 34 35 HD 91342
10 31 07 -68 53 50 HD 91423
10 31 52 -59 33 59 CP -58 02276
10 31 55 -72 06 38 HD 91601
10 32 04 -70 05 03 HD 91561
10 32 13 -59 50 56 HD 91464
10 32 32 -72 25 42 HD 91680
10 34 56 -64 08 02 HD 91906
10 35 05 -57 40 38 HD 91869
10 35 46 -58 14 12 CD -57 03348
10 35 58 -58 12 22 CP -57 03524
10 36 24 -58 57 08 HD 92061
10 37 22 -58 37 23 HD 92206
10 37 33 -65 22 25 HD 92276
10 37 40 -73 34 44 HD 92438
10 38 14 -59 08 05 CCDM 10382-5908
10 38 45 -59 10 59 HR 4177
10 38 51 -64 29 53 HD 92467
10 39 00 -58 49 01 HR 4179
10 39 24 -67 09 55 HD 92571
10 39 31 -65 05 00 HD 92570
10 40 35 -59 32 37 HD 92662
10 41 28 -61 01 48 HD 92797
10 42 10 -59 57 59 CCDM 10421-5958
10 42 46 -60 12 01 HD 305453
10 43 09 -61 10 07 HD 93010
10 43 49 -59 57 23 CD -59 03268
10 43 47 -60 05 49 CP -59 02540
10 44 00 -60 05 10 HD 93146
10 44 09 -59 34 34 HD 93161
10 44 20 -70 51 35 HR 4211
10 44 33 -57 33 55 VY Car
10 44 34 -59 44 15 HD 93205
10 44 44 -59 21 25 HD 93249
10 45 04 -59 41 04 Eta Car
10 45 13 -59 44 47 CCDM 10452-5945
10 45 46 -57 19 03 HD 93389
10 46 13 -59 19 05 HD 93469
10 46 16 -60 54 09 HD 93504
10 46 25 -59 26 43 HD 93500
10 47 13 -60 05 51 HD 93632
10 47 21 -65 55 04 HD 93684
10 47 52 -70 31 24 CP -69 01386
10 48 13 -63 37 25 HIP 52839
10 48 55 -59 26 48 HD 93873
10 49 20 -68 44 47 HD 94008
10 50 59 -59 57 26 HD 94173
10 52 23 -58 44 48 HD 94370
10 52 55 -72 43 51 HD 94572
10 53 01 -63 05 16 HD 94466
10 53 30 -58 51 11 HR 4257
10 53 28 -61 39 35 HD 94534
10 53 42 -70 43 13 HR 4262
10 54 30 -61 49 36 HR 4266
10 54 28 -63 58 22 HD 94684
10 54 52 -58 34 15 HD 94714
10 56 15 -66 08 14 HD 94945
10 56 23 -57 33 05 HD 94909
10 57 01 -71 21 15 PPM 785328
10 57 20 -69 02 16 HD 95122
10 57 42 -62 44 12 HD 95121
10 59 14 -61 19 15 HR 4290
10 59 22 -72 19 56 HD 95482
10 59 47 -60 24 42 HD 95414
11 00 36 -72 59 05 HD 95673
11 01 42 -57 15 50 HD 95672
11 02 24 -60 30 58 HD 95826
11 04 31 -61 46 23 HD 96194
11 04 56 -61 03 06 HD 96264
11 05 03 -59 42 49 HD 96261
11 04 59 -60 30 02 HD 96263
11 05 25 -60 54 35 HD 305994
11 05 51 -59 19 49 HD 96431
11 06 11 -58 41 50 CP -58 03099
11 07 32 -61 22 52 HD 96716
11 08 20 -64 36 05 HD 96901
11 10 28 -60 16 11 HD 97207
11 11 19 -59 55 14 HD 306145
11 11 39 -60 26 36 HD 97400
11 12 09 -58 11 34 HD 97470
11 12 06 -71 13 03 HD 97535
11 17 28 -59 06 18 HD 98278
11 17 31 -72 28 55 HD 98373
11 18 21 -59 13 56 HD 98385
