03 16 17 +60 02 07 HD 20053
03 21 12 +59 10 04 HD 20547
03 22 05 +62 44 29 HD 20588
03 24 15 +67 27 19 HD 20711
03 24 27 +58 25 52 HD 20847
03 26 52 +58 16 23 HD 21084
03 28 08 +61 24 00 CCDM 3281+6124
03 28 29 +59 54 25 HIP 16183
03 29 04 +59 56 25 HR 1035
03 29 45 +59 55 05 HD 237146
03 30 00 +55 27 07 HR 1046
03 30 11 +59 21 57 HR 1043
03 30 55 +55 57 22 HD 21522
03 32 01 +67 35 08 HD 21476
03 33 32 +58 45 55 HR 1068
03 33 59 +60 24 33 HD 21801
03 34 30 +53 34 47 HD 232808
03 35 01 +60 02 29 HR 1077
03 35 34 +53 54 07 HD 232811
03 36 04 +63 17 17 HD 21971
03 39 14 +66 39 40 SAO 12842
03 39 59 +63 52 13 HD 22399
03 41 06 +60 39 23 HD 22577
03 41 48 +62 38 54 U Cam
03 41 50 +53 17 37 HD 232821
03 42 09 +54 35 41 SAO 24165
03 42 39 +62 55 59 SAO 12879
03 42 43 +59 58 11 HR 1112
03 42 45 +69 50 44 HIP 17347
03 43 45 +65 58 41 HD 22776
03 45 27 +75 21 06 HD 22635
03 45 50 +66 05 58 ADS 2719
03 46 14 +71 37 05 HD 22912
03 46 26 +75 22 41 PPM 5365
03 49 20 +57 07 06 HR 1161
03 50 21 +71 19 56 Gamma Cam
03 50 39 +60 07 24 HD 23726
03 51 44 +70 30 29 HD 23602
03 51 57 +56 01 10 HD 237187
03 56 12 +59 38 32 HD 24409
03 57 07 +69 30 56 HD 24297
03 57 08 +61 06 32 HR 1205
04 00 50 +53 22 37 PPM 28842
04 01 21 +69 55 12 PPM 14607
04 01 58 +62 30 51 HIP 18818
04 02 41 +54 27 53 HD 232876
04 04 29 +55 44 26 HIP 19021
04 04 37 +55 03 59 HD 25362
04 05 49 +62 10 25 SAO 13008
04 06 34 +72 02 07 SAO 5086
04 07 32 +60 08 37 HD 25640
04 07 51 +62 19 48 HR 1260
04 07 58 +61 40 39 SAO 13032
04 09 24 +78 25 49 HD 25179
04 10 28 +60 09 24 HD 25993
04 10 45 +57 09 44 CCDM 4108+5710
04 12 29 +67 59 25 HD 26060
04 12 33 +76 14 12 HD 25689
04 16 30 +70 30 29 CCDM 4165+7031
04 17 04 +64 08 20 PPM 14738
04 17 08 +53 22 00 HD 26811
04 18 11 +61 54 45 HD 26801
04 18 19 +67 33 50 HD 26706
04 18 38 +60 50 02 ADS 3104
04 19 14 +61 35 03 HD 26936
04 20 56 +70 23 13 PPM 5563
04 21 01 +57 47 34 HD 237246
04 21 03 +55 31 52 HD 27232
04 22 58 +59 36 58 HR 1352
04 23 19 +63 21 14 SAO 13122
04 23 30 +53 56 52 BD +53 00762
04 24 43 +69 12 07 PPM 14817
04 25 22 +56 22 43 HD 27696
04 25 52 +60 15 21 HD 27705
04 30 17 +55 30 09 HD 237273
04 30 26 +64 14 22 HD 28123
04 30 54 +63 24 57 HD 28184
04 32 02 +53 54 40 1 Cam
04 33 17 +52 48 18 HD 28604
04 34 03 +53 01 07 HD 28675
04 37 34 +62 58 44 HD 28924
04 38 09 +71 28 12 HD 28760
04 38 37 +56 55 47 HD 237293
04 40 24 +53 28 09 HD 29362
04 42 14 +58 45 22 HD 237302
04 42 58 +53 08 18 HD 29644
04 43 53 +69 05 30 SAO 13242
04 45 00 +57 17 38 PPM 29361
04 48 02 +53 07 19 HD 30167
04 48 47 +53 07 32 BD +52 00882
04 50 05 +66 32 07 HD 30164
04 50 46 +66 36 32 SAO 13284
04 52 05 +63 30 20 HR 1527
04 53 52 +67 29 16 HD 30555
04 54 14 +60 35 18 HD 30768
04 57 29 +56 38 45 HD 237335
04 58 35 +65 19 06 BD +65 00443
04 58 58 +69 18 39 HD 31133
04 59 33 +80 08 25 SAO 782
04 59 58 +70 03 15 HD 31231
05 00 09 +69 57 32 HD 31264
05 00 26 +69 25 10 HD 31313
05 02 01 +68 43 00 SAO 13337
05 02 31 +54 49 50 HD 31893
05 03 25 +60 26 32 Beta Cam
05 03 33 +63 05 09 HD 31865
05 03 26 +63 00 18 SAO 13346
05 04 33 +58 51 39 HD 32142
05 05 15 +69 22 45 HD 31891
05 06 08 +58 58 21 11 Cam
05 06 22 +54 24 19 HR 1630
05 07 31 +55 32 24 HD 32606
05 07 50 +68 49 09 BD +68 00364
05 08 02 +73 35 30 HD 32086
05 10 01 +75 40 56 HD 32230
05 10 43 +63 35 50 HD 32893
05 12 43 +67 50 07 SAO 13401
05 14 02 +75 27 51 SAO 5462
05 14 20 +69 49 25 HD 33164
05 14 36 +76 28 23 HR 1650
05 20 41 +63 09 54 HD 34277
05 20 53 +78 22 29 HIP 24969
05 21 01 +71 13 15 HD 34061
05 21 47 +64 54 17 HIP 25046
05 22 34 +79 13 52 HR 1686
05 22 47 +66 12 36 HD 34491
05 23 43 +73 47 26 HD 34254
05 24 47 +64 43 53 HD 34804
05 26 07 +74 05 21 SAO 5523
05 26 50 +57 48 30 HD 237390
05 27 39 +74 33 24 HD 34740
05 28 54 +67 54 58 HIP 25665
05 29 43 +62 41 41 SAO 13512
05 31 33 +64 19 08 HD 35759
05 33 15 +62 11 39 SAO 13532
05 34 04 +69 39 39 HD 35919
05 36 19 +56 41 24 HD 237404
05 36 49 +63 30 30 HIP 26358
05 37 15 +64 09 17 19 Cam
05 40 15 +74 00 36 SAO 5600
05 42 01 +71 38 45 HD 36990
05 42 23 +79 19 56 HD 36258
05 42 51 +65 07 51 HD 37337
05 43 35 +66 32 41 HD 37419
05 47 14 +56 30 41 HD 237419
05 50 26 +64 56 42 SAO 13626
05 50 34 +56 55 08 29 Cam
05 51 01 +65 45 15 HIP 27634
05 52 22 +60 51 49 SAO 13636
05 55 10 +76 52 10 HD 38399
05 55 44 +64 19 35 HD 39218
05 59 31 +58 52 36 HD 39921
06 01 15 +65 31 31 HD 40034
06 02 21 +64 58 06 HD 40202
06 11 04 +67 58 36 SAO 13738
06 11 32 +57 01 32 HD 41963
06 12 38 +68 55 03 HD 41706
06 15 36 +66 08 55 HD 42417
06 15 41 +59 59 56 40 Cam
06 18 16 +62 11 52 HD 43016
06 20 51 +84 10 45 HD 40456
06 23 57 +64 54 42 HD 43960
06 24 13 +73 54 57 HD 43494
06 28 14 +70 32 08 HR 2285
06 29 35 +73 00 52 HD 44534
06 29 36 +72 58 27 SAO 5866
06 35 42 +82 32 24 HD 43883
06 38 19 +64 44 06 HD 46463
06 40 10 +67 19 25 HD 46701
06 42 29 +66 11 53 HD 47215
06 50 29 +65 57 11 HD 48860
07 04 04 +75 13 39 HD 51067
07 04 55 +72 40 10 HD 51609
07 06 20 +62 50 39 HD 52652
07 06 54 +62 32 50 HD 52821
07 11 10 +64 11 16 HD 53843
07 18 28 +63 32 54 SAO 14142
07 20 31 +68 32 25 HD 55943
07 22 17 +59 54 07 47 Cam
07 26 22 +69 29 01 HD 57308
07 26 35 +73 04 58 HD 57044
07 27 44 +62 59 46 HD 57974
07 45 15 +75 47 52 HD 61010
07 45 48 +60 53 21 HD 62067
07 45 52 +65 09 13 HD 61907
07 46 54 +63 30 47 BD +63 00734
07 47 00 +64 03 07 HD 62195
08 02 31 +63 05 25 HR 3112
08 05 44 +68 22 54 HD 65871
08 05 59 +71 47 26 HD 65754
08 16 31 +79 30 03 HD 67064
08 22 10 +74 49 13 HD 69054
08 36 49 +74 43 26 HR 3352
09 07 58 +81 02 29 HD 76702
09 21 25 +81 23 04 HD 79005
10 53 47 +79 47 23 SAO 1780
10 57 52 +85 44 22 SAO 1784
11 02 23 +83 13 19 HD 94859
11 09 28 +83 05 45 SAO 1824
11 30 18 +81 02 14 HD 99687
12 11 00 +81 42 35 HR 4639
12 13 40 +78 26 02 HD 106364
12 16 12 +80 07 30 HD 106799
12 48 31 +81 33 45 SAO 2096
12 49 14 +83 24 46 HR 4893
12 59 13 +82 56 05 HD 113467
