00 00 25 +60 25 31 CCDM 0004+6026
00 01 16 +60 21 19 WZ Cas
00 01 49 +64 37 29 SAO 21015
00 01 52 +63 18 59 BD +62 02350
00 02 36 +66 05 56 HR 9094
00 02 45 +59 57 36 HD 240480
00 03 18 +60 53 25 CCDM 0033+6053
00 04 03 +60 50 50 CCDM 0041+6051
00 04 14 +62 17 16 9 Cas
00 04 09 +49 59 18 HD 225171
00 04 55 +58 31 56 HD 225257
00 04 54 +49 38 52 SAO 36040
00 06 01 +60 52 02 BD +60 02668
00 05 57 +49 37 20 HD 98
00 06 16 +58 26 12 HR 5
00 16 42 +54 39 37 HD 1210
00 17 11 +57 36 23 HD 1277
00 17 45 +53 42 40 HD 1335
00 19 05 +65 13 14 HD 1456
00 19 14 +59 42 18 V377 Cas
00 20 17 +54 12 04 HD 232161
00 21 43 +65 48 18 BD +65 00037
00 21 51 +66 28 02 HD 1696
00 22 34 +50 33 06 PPM 25262
00 22 53 +62 14 29 HD 1810
00 22 52 +54 19 44 HD 1821
00 23 12 +51 46 06 HD 1846
00 23 13 +47 16 06 HD 1864
00 25 20 +51 34 16 HD 232184
00 26 12 +56 46 45 HD 2170
00 27 00 +64 30 32 BD +63 00049
00 27 12 +49 59 10 HD 2301
00 27 46 +50 01 23 SAO 36382
00 28 45 +58 01 30 ADS 391
00 29 16 +64 14 58 HD 2498
00 30 29 +59 41 50 HD 236439
00 31 01 +55 39 10 HD 232208
00 31 08 +56 47 43 HD 236444
00 31 18 +63 20 33 HIP 2460
00 31 30 +49 04 16 SAO 36439
00 32 22 +58 20 19 HD 2851
00 33 20 +58 36 39 HD 236463
00 33 38 +50 06 56 BD +49 00126
00 33 39 +62 47 20 HD 2973
00 34 34 +62 54 12 HD 3067
00 34 59 +56 36 06 HD 3124
00 35 27 +58 40 43 HD 3163
00 35 50 +57 55 34 CCDM 0358+5756
00 36 00 +72 29 55 HD 3162
00 36 13 +63 43 44 ADS 495
00 36 17 +70 34 35 CCDM 0363+7035
00 36 33 +58 30 41 HD 236477
00 36 49 +60 30 56 HD 236479
00 37 46 +72 53 41 HD 3366
00 38 42 +46 57 24 HD 3531
00 39 10 +49 21 17 HR 164
00 39 59 +76 52 16 HD 3553
00 40 30 +56 32 14 Shedir
00 41 18 +52 39 31 HD 232250
00 42 40 +71 21 57 HD 3891
00 43 29 +61 48 04 CCDM 0435+6148
00 44 22 +77 12 36 HD 4012
00 45 12 +53 32 55 HD 4215
00 45 17 +55 13 17 HR 196
00 45 39 +74 59 17 21 Cas
00 45 51 +49 50 47 SAO 36632
00 45 51 +54 58 40 HD 4277
00 46 21 +65 16 28 CCDM 0463+6516
00 47 25 +51 05 46 HD 4475
00 47 59 +51 26 41 HD 4536
00 48 12 +65 07 11 HD 4523
00 49 06 +57 48 55 Achird
00 49 20 +61 00 28 ADS 676
00 49 27 +75 37 43 BD +74 00030
00 49 33 +55 33 55 HD 232283
00 49 46 +70 26 58 HD 4635
00 49 40 +60 45 33 HD 4674
00 50 25 +50 37 49 HD 4777
00 51 47 +48 03 24 HD 4912
00 52 45 +68 51 57 HIP 4116
00 52 49 +56 37 39 HD 5005
00 53 04 +61 07 26 HR 244
00 53 35 +68 35 09 HD 5047
00 53 51 +54 34 13 HD 232308
00 53 48 +52 41 21 HR 250
00 54 18 +69 02 50 HD 5109
00 55 05 +64 22 05 HD 5221
00 56 10 +54 02 39 HD 232322
00 56 43 +60 43 00 Gamma Cas
00 56 50 +64 02 42 ADS 779
00 57 00 +57 29 32 HD 5430
00 57 17 +60 20 20 HD 236582
00 57 20 +52 14 24 HD 5492
00 58 04 +67 41 52 SAO 11496
00 58 01 +49 54 34 BD +49 00252
00 58 18 +56 59 18 HD 5564
00 58 22 +54 25 32 HD 232332
00 59 16 +59 42 59 HD 236592
01 01 27 +49 32 39 HD 5927
01 01 33 +62 29 20 CCDM 1015+6229
01 02 36 +61 35 13 HD 6017
01 03 37 +63 41 16 HD 6129
01 03 37 +61 04 29 HR 292
01 04 12 +50 36 26 ADS 876
01 05 30 +62 53 13 ADS 885
01 07 09 +53 29 53 HR 318
01 07 50 +70 00 41 CCDM 1078+7001
01 08 17 +67 29 00 HD 6599
01 10 01 +52 02 00 HD 6843
01 10 08 +51 44 48 HD 6872
01 10 34 +51 00 48 HD 6918
01 11 06 +55 09 00 Marfak
01 12 04 +65 19 06 ADS 975
01 12 04 +61 11 10 ADS 977
01 12 19 +51 31 30 HD 7114
01 12 40 +53 10 56 HD 232394
01 13 10 +61 42 22 HR 354
01 13 41 +65 37 00 HD 7188
01 16 36 +74 01 37 HD 7406
01 16 42 +68 40 33 HD 7472
01 17 03 +56 30 15 HD 7587
01 16 58 +53 46 05 HD 7599
01 17 13 +68 09 46 HD 7537
01 17 30 +75 53 41 SAO 4364
01 17 38 +63 46 13 SAO 11677
01 18 01 +53 55 01 HD 7721
01 18 56 +66 09 28 HIP 6156
01 19 23 +58 18 20 CCDM 1194+5818
01 19 41 +61 34 44 HD 7859
01 20 05 +58 13 54 Phi Cas
01 20 28 +56 51 40 HD 236700
01 20 48 +56 12 26 HD 8026
01 21 05 +64 39 29 35 Cas
01 23 21 +58 08 35 HR 391
01 24 08 +72 50 51 HD 8226
01 24 20 +58 57 36 SAO 22241
01 24 33 +53 11 10 HD 8425
01 25 55 +68 07 48 Psi Cas
01 27 26 +60 17 04 HD 236740
01 27 31 +63 21 37 ADS 1146
01 27 37 +64 28 32 SAO 11766
01 30 06 +63 34 56 SAO 11781
01 31 41 +61 02 34 HD 9145
01 32 16 +58 25 01 HD 236773
01 32 39 +54 44 49 HD 9285
01 32 54 +56 28 06 PPM 26443
01 33 14 +60 41 11 HD 9311
01 33 45 +60 37 23 HD 9365
01 34 46 +69 54 02 HD 9382
01 36 04 +54 58 17 HD 232471
01 36 42 +64 30 28 HD 9681
01 37 20 +63 43 45 BD +62 00279
01 37 23 +58 38 15 HD 9812
01 37 37 +55 11 06 HD 232480
01 38 18 +72 34 58 HD 9775
01 38 43 +55 13 42 HD 232484
01 38 47 +63 43 00 HIP 7670
01 42 18 +58 37 40 HR 482
01 43 20 +60 33 05 44 Cas
01 43 47 +55 52 39 HD 10495
01 45 54 +71 41 44 HD 10563
01 46 35 +61 15 45 SAO 11974
01 47 12 +55 28 03 BD +54 00376
01 47 44 +63 51 09 HR 511
01 48 29 +60 26 32 HD 10871
01 48 42 +61 50 24 HD 10892
01 49 31 +56 44 51 HD 236885
01 50 51 +59 38 11 BD +58 00311
01 51 17 +64 51 18 HD 11092
01 51 54 +58 37 38 HD 11214
01 52 10 +66 26 56 HD 11161
01 54 02 +62 22 33 ADS 1501
01 54 32 +59 53 37 HD 11463
01 55 27 +76 13 28 HIP 8962
01 56 07 +60 34 51 HD 11632
01 56 24 +61 16 53 HIP 9037
01 58 17 +69 26 41 HD 11756
01 59 28 +62 54 21 SAO 12075
01 59 38 +64 37 18 HR 567
02 00 40 +58 31 37 HD 12098
02 01 07 +73 58 00 SAO 4545
02 01 20 +60 30 43 HD 12161
02 02 09 +75 30 08 HD 12013
02 03 10 +73 51 02 HR 579
02 05 01 +64 23 08 HD 12509
02 05 20 +67 40 28 SAO 12114
02 15 42 +67 40 20 HD 13579
02 16 46 +73 25 29 CCDM 2168+7326
02 17 23 +61 21 06 HD 13864
02 19 44 +60 01 46 HD 14172
02 20 08 +59 21 34 CCDM 2201+5922
02 21 40 +76 22 49 SAO 4623
02 21 49 +72 11 18 BD +71 00131
02 23 34 +74 06 13 SAO 4636
02 26 13 +61 06 40 ADS 1838
02 29 04 +67 24 09 Iota Cas
02 29 38 +60 39 26 V528 Cas
02 32 43 +61 27 22 HD 15558
02 36 55 +59 53 01 HD 16038
02 38 58 +62 35 29 HD 16218
02 39 09 +63 42 58 HD 16229
02 40 32 +61 29 03 HD 16410
02 40 45 +61 16 57 V482 Cas
02 41 03 +65 38 38 SAO 12384
02 41 08 +61 08 07 PPM 13804
02 42 41 +76 49 18 PPM 5070
02 44 20 +64 10 38 SAO 12418
02 46 00 +67 48 31 HD 16893
02 49 58 +64 37 51 HD 17327
02 50 12 +72 54 52 HD 17179
02 50 42 +62 48 34 SAO 12462
02 51 08 +60 25 05 HD 17505
02 51 36 +60 32 51 HD 237011
02 51 46 +58 18 51 HR 839
02 54 11 +60 39 03 SAO 12499
02 56 10 +72 53 10 HD 17785
02 56 20 +58 52 19 HD 237032
02 56 25 +64 19 57 HR 861
02 57 57 +63 59 47 HD 18138
02 58 07 +69 11 36 HD 18056
03 00 34 +65 48 03 PPM 14017
03 00 54 +59 39 58 HD 18473
03 00 57 +65 23 50 CCDM 3010+6524
03 01 10 +59 02 11 HD 18518
03 01 16 +66 34 41 SAO 12561
03 01 20 +60 34 23 CCDM 3013+6034
03 01 48 +58 50 58 HD 237051
03 03 22 +60 50 35 HIP 14221
03 04 39 +63 45 47 HD 18800
03 05 07 +70 11 35 HD 18728
03 05 38 +57 43 59 HD 18969
03 07 35 +75 48 13 HD 18787
03 10 50 +63 47 16 HD 19440
03 12 14 +60 55 33 BD +60 00639
03 14 31 +67 01 13 BD +66 00249
03 15 08 +73 52 05 HD 19615
03 21 46 +68 30 00 HIP 15665
22 58 06 +56 47 12 ADS 16415
22 58 18 +58 30 40 PPM 41322
23 02 06 +54 54 50 HD 236025
23 02 44 +55 14 11 V638 Cas
23 09 44 +59 19 58 2 Cas
23 10 10 +57 26 54 HD 218803
23 13 16 +57 10 06 HR 8832
23 13 29 +57 21 18 HD 240228
23 16 14 +54 24 22 HD 219573
23 17 37 +55 42 08 HD 236088
23 18 33 +54 09 27 HD 236094
23 20 28 +55 30 22 HD 220087
23 24 16 +61 35 18 SAO 20606
23 24 50 +62 16 58 4 Cas
23 27 09 +57 12 49 HD 240303
23 30 02 +58 32 56 AR Cas
23 30 52 +58 24 57 HD 221335
23 30 55 +62 19 18 SAO 20675
23 31 20 +52 24 39 HD 221377
23 32 42 +57 30 51 HD 240325
23 33 12 +57 24 29 HD 221625
23 33 36 +60 28 07 HD 221670
23 34 03 +59 46 49 HD 240331
23 35 51 +61 48 41 ADS 16856
23 35 54 +51 32 23 HD 236177
23 37 59 +52 49 19 HD 222154
23 40 35 +55 12 40 HD 236198
23 40 45 +62 57 02 SAO 20768
23 42 24 +49 55 43 BD +49 04195
23 43 11 +54 54 52 ADS 16953
23 43 18 +62 34 04 PPM 24661
23 43 27 +58 04 49 HD 222794
23 43 41 +64 57 19 SAO 20803
23 43 55 +66 33 07 HD 222857
23 44 49 +56 27 25 HD 222931
23 46 08 +60 28 23 HD 223070
23 46 04 +50 39 47 HD 223046
23 46 10 +62 40 05 BD +61 02520
23 46 48 +62 35 40 SAO 20841
23 47 20 +63 13 12 SAO 20847
23 47 30 +49 17 36 HD 223228
23 48 03 +59 47 15 HD 240406
23 48 06 +63 49 03 HD 223288
23 48 39 +64 52 35 HR 9017
23 48 50 +62 12 52 6 Cas
23 49 38 +60 52 24 HD 223471
23 51 10 +51 24 10 ADS 17045
23 53 05 +60 42 16 HD 223866
23 53 05 +61 57 12 BD +61 02555
23 53 32 +49 36 42 BD +48 04185
23 53 34 +51 31 21 HD 223916
23 53 44 +54 53 02 HD 236242
23 55 18 +51 43 33 HD 224117
23 56 43 +49 29 23 SAO 53504
23 56 58 +49 29 08 SAO 53507
23 57 20 +61 01 34 HD 224364
23 57 50 +53 34 49 HD 236255
23 58 25 +51 23 20 R Cas
23 59 02 +53 15 10 HD 224587
23 59 08 +56 58 28 HD 240465
23 59 01 +55 45 18 HD 224572
23 59 13 +53 29 13 HD 236261
23 59 18 +53 52 16 HD 236262
23 59 35 +53 59 17 HD 236263
