00 01 04 -23 26 25 HD 224832
00 05 57 -20 38 54 HD 102
00 26 49 +01 02 04 CCDM 0268+0102
00 26 52 -05 31 22 HD 2307
00 27 40 -16 24 34 HD 2394
00 29 05 -18 17 03 CCDM 0291-1817
00 30 02 -03 57 26 12 Cet
00 30 44 -15 44 31 SAO 147316
00 31 00 -10 05 05 HD 2760
00 31 32 -11 16 24 HD 2819
00 32 08 -05 10 43 HD 2880
00 33 19 -19 29 50 HD 3018
00 33 38 -16 55 40 CCDM 0336-1656
00 34 30 -04 32 48 HD 3125
00 38 05 -00 30 13 HD 3512
00 38 23 +01 30 12 SAO 109334
00 40 29 -16 31 00 HR 172
00 40 35 -00 23 17 PPM 174766
00 40 42 -04 21 07 HR 174
00 40 47 -07 13 57 HD 3821
00 41 04 -23 08 54 HIP 3226
00 42 51 -09 55 18 HD 4048
00 43 25 -00 53 41 HD 4096
00 44 10 +02 28 36 PPM 143824
00 44 41 -21 36 02 HD 4235
00 45 42 -16 25 27 HR 206
00 47 01 -01 15 09 HD 4491
00 48 36 -01 45 50 HD 4657
00 49 18 -21 23 51 HD 4731
00 49 59 -04 01 00 HD 4801
00 51 51 -08 09 57 HD 4987
00 52 13 -22 37 02 SAO 166640
00 52 41 -24 00 21 HR 247
00 53 12 -24 46 37 HR 251
00 55 50 -16 22 07 HD 5412
00 57 38 -18 59 55 HD 5617
00 58 10 -15 40 58 HD 5659
00 59 23 +00 46 44 HD 5780
01 00 04 -02 01 08 HD 5861
01 00 32 -17 04 36 HIP 4711
01 02 06 -08 51 34 HD 6095
01 02 31 -10 04 14 PPM 209652
01 02 28 -21 36 37 HD 6156
01 03 29 -05 35 10 HD 6251
01 03 49 +01 22 01 26 Cet
01 04 24 -05 18 09 HD 6349
01 04 47 -05 28 07 HD 6388
01 07 11 -01 43 55 HD 6651
01 08 03 -22 10 22 SAO 166826
01 08 35 -10 10 56 Dheneb
01 09 10 -02 53 09 HD 6865
01 09 16 -07 49 13 SAO 129145
01 09 46 -20 12 59 HIP 5452
01 10 41 -17 09 41 HD 7050
01 12 05 -13 37 35 HD 7195
01 12 31 +02 28 18 HD 7218
01 13 55 -07 37 21 HD 7385
01 14 24 -07 55 22 37 Cet
01 16 17 -07 08 56 HD 7651
01 17 06 -23 14 19 HIP 5996
01 17 10 +02 00 55 HD 7736
01 17 19 +01 50 29 HD 7763
01 17 43 -12 20 40 HD 7814
01 18 00 -04 20 10 SAO 129218
01 18 41 -00 52 03 HD 7895
01 18 40 -22 49 16 HD 7930
01 19 00 -08 56 22 HD 7983
01 19 48 -00 30 33 42 Cet
01 19 58 -15 48 52 HD 8071
01 20 35 -00 36 22 PPM 174883
01 21 59 -09 27 28 HD 8277
01 22 23 -00 18 17 CCDM 1224-0018
01 22 30 -19 04 52 HR 394
01 23 03 -12 57 58 HD 8389
01 23 35 -24 21 10 HD 8487
01 23 44 -09 55 20 SAO 147782
01 24 30 -16 14 38 HD 8580
01 25 01 -05 56 47 HD 8627
01 26 17 -13 53 37 HD 8766
01 27 02 -00 09 27 HD 8828
01 27 47 -10 54 06 HR 425
01 28 06 -17 15 41 HD 8957
01 30 00 -22 31 27 HD 9175
01 30 45 -08 04 09 HD 9227
01 31 34 -19 01 23 HD 9336
01 32 42 -01 39 09 SAO 129359
01 33 50 -11 51 45 HD 9588
01 35 53 -17 31 57 HD 9847
01 39 39 -02 31 01 HD 10199
01 41 10 -21 43 11 HD 10412
01 41 19 -12 08 50 HIP 7877
01 41 32 -17 59 16 HD 10445
01 41 43 -14 19 53 HD 10454
01 43 14 -21 37 11 HD 10611
01 43 18 -17 36 22 HD 10622
01 43 22 -07 04 37 HD 10606
01 44 44 -06 45 58 HD 10725
01 45 08 -20 03 07 SAO 167267
01 46 38 +00 06 43 HIP 8274
01 47 57 -00 57 23 HIP 8377
01 48 00 -13 04 13 CCDM 1480-1304
01 48 46 -01 25 33 SAO 129513
01 48 51 -18 22 38 HD 11106
01 49 35 -10 41 11 Chi Cet
01 51 28 -10 20 06 Baten Kaitos
01 52 16 -09 43 49 HD 11434
01 53 08 -16 43 58 HD 11561
01 54 39 +00 35 08 CCDM 1546+0035
01 55 00 +00 12 21 HD 11708
01 57 10 -10 14 33 HD 11964
01 57 59 -02 03 34 HD 12020
01 58 49 -22 11 41 HD 12145
01 59 01 -22 55 11 AA Cet
02 00 17 -01 38 02 HD 12261
02 00 27 -08 31 26 AR Cet
02 02 53 -19 37 59 HD 12575
02 03 06 -07 24 38 HD 12574
02 03 12 -09 14 08 SAO 129659
02 03 45 -19 53 21 HD 12677
02 03 48 -00 20 25 61 Cet
02 05 02 -10 51 04 HD 12775
02 05 25 -09 47 31 SAO 148191
02 07 15 -02 08 05 SAO 129703
02 08 42 -00 26 13 HD 13179
02 12 48 -02 23 37 66 Cet
02 13 42 -03 01 55 HD 13729
02 15 46 -18 14 17 HD 14001
02 16 09 -21 00 30 HIP 10579
02 16 14 -23 02 29 HD 14085
02 16 16 -09 49 16 HD 14044
02 19 07 -06 50 48 HD 14363
02 19 21 -02 58 40 Mira
02 21 17 -10 56 43 PPM 710021
02 21 22 +08 52 51 HD 14562
02 23 17 -07 49 05 HD 14828
02 24 24 -18 09 45 HD 14975
02 24 30 -01 44 59 HD 14937
02 24 32 -22 45 17 SAO 167759
02 24 54 -02 06 43 HD 14986
02 25 45 -21 18 48 HD 15146
02 25 50 -10 37 37 HD 15118
02 26 00 -15 20 27 AB Cet
02 29 35 +09 33 56 HR 725
02 31 30 +01 05 39 HD 15695
02 31 35 -07 35 31 HD 15736
02 32 35 +09 35 17 PPM 145681
02 32 40 +06 19 47 HD 15804
02 34 07 -05 38 07 HIP 11945
02 35 11 -10 54 22 HD 16131
02 35 24 -12 46 38 HD 16163
02 35 52 +05 35 36 Nu Cet
02 36 00 -07 49 54 80 Cet
02 35 59 -21 24 13 HD 16263
02 37 39 +06 41 26 CCDM 2377+0642
02 38 10 -11 23 06 HD 16454
02 38 56 -01 35 06 HD 16525
02 39 00 +08 55 12 HD 16500
02 39 19 -01 54 04 HD 16560
02 40 12 +07 52 48 PPM 145797
02 40 11 -12 33 14 HD 16687
02 41 14 -00 41 44 84 Cet
02 42 27 -01 19 17 HD 16885
02 42 52 -06 29 21 HD 16945
02 42 57 -20 17 21 HD 16994
02 43 18 +03 14 09 Kaffaljidhma
02 44 40 -01 57 43 HD 17107
02 47 37 +10 13 35 HD 17383
02 47 43 +05 51 27 HD 17416
02 49 52 +08 56 23 HD 17613
02 50 15 +06 41 04 HD 17664
02 50 52 +03 30 36 PPM 145962
02 52 17 +04 19 25 HD 17861
02 52 40 +06 28 29 HIP 13408
02 54 25 +09 46 23 HD 18058
02 56 47 +03 30 03 HD 18320
02 57 11 -00 34 28 HD 18384
02 57 52 +00 24 49 HD 18433
03 01 45 +02 33 10 SAO 110913
03 01 59 +03 48 01 CCDM 3020+0348
03 02 06 +00 05 24 SAO 130249
03 02 26 +02 37 41 PPM 146176
03 07 19 +08 23 45 HD 19391
03 09 11 +07 27 38 HD 19573
03 16 25 -00 25 22 HD 20348
03 17 26 +07 39 21 HD 20430
03 18 22 -00 55 49 95 Cet
03 19 22 +03 22 13 Kappa 1 Cet
03 20 53 +01 09 54 HD 20771
03 21 10 +05 22 38 PPM 146482
23 57 23 -16 05 44 HD 224374
23 59 35 -07 48 39 HD 224651
