00 01 05 +69 34 32 SAO 21000
00 02 46 +80 16 56 HD 225020
00 02 56 +71 21 31 HD 225044
00 32 44 +78 06 42 HD 2770
00 39 35 +84 44 52 HD 3290
00 59 28 +83 41 00 SAO 158
01 10 41 +80 20 37 PPM 213
01 19 06 +80 51 42 HD 7471
01 35 09 +83 21 13 SAO 249
01 36 26 +79 09 17 HD 9341
02 12 49 +79 41 30 HD 12927
03 06 08 +79 25 07 HR 881
03 11 42 +81 28 15 HR 906
03 16 50 +78 30 02 HD 19580
03 20 44 +84 58 39 SAO 512
03 24 44 +78 30 45 SAO 4894
03 29 51 +84 02 19 HD 20110
03 31 31 +84 36 51 SAO 547
03 44 41 +78 41 19 BD +78 00128
05 28 25 +86 04 52 SAO 834
05 34 52 +86 50 46 HD 31432
06 13 09 +85 36 31 SAO 940
20 07 21 +61 42 46 HD 191607
20 08 53 +77 42 41 Kappa Cep
20 20 05 +76 05 31 HD 194736
20 25 43 +60 10 39 HD 195013
20 28 23 +60 15 21 HD 195461
20 40 36 +58 58 36 HD 239480
20 44 27 +59 01 59 HD 239492
20 45 15 +63 32 10 HD 198180
20 45 21 +57 34 47 Castula
20 47 11 +56 06 50 HD 239495
20 49 19 +58 44 54 HD 198679
20 51 44 +67 00 39 PPM 22435
20 52 03 +61 26 42 SAO 19075
20 53 20 +62 09 16 HD 199305
20 54 22 +69 56 51 HD 199660
20 56 51 +61 33 39 HD 199849
20 57 20 +66 45 07 HD 200040
20 57 40 +61 21 37 HIP 103454
20 57 41 +58 49 19 HD 199937
21 00 17 +61 29 50 HD 200386
21 00 55 +59 30 42 BD +58 02209
21 01 32 +66 42 33 HD 200708
21 02 09 +56 40 11 HIP 103810
21 04 29 +70 45 52 SAO 9948
21 05 32 +62 09 32 HD 201267
21 07 00 +58 59 45 HD 201430
21 08 08 +59 07 26 HD 239582
21 11 09 +74 03 31 HD 202506
21 11 48 +59 59 12 HR 8119
21 12 04 +76 18 37 HD 202765
21 12 11 +58 54 13 HD 239605
21 15 36 +78 35 55 HD 203516
21 15 49 +67 21 14 SAO 19282
21 17 28 +76 58 10 CCDM 21174+7658
21 17 34 +82 31 03 HIP 105112
21 18 31 +80 21 12 HIP 105190
21 18 35 +62 35 08 Alderamin
21 18 54 +59 38 04 HD 203300
21 19 07 +61 51 30 HD 203374
21 19 16 +58 37 25 HR 8164
21 19 55 +58 40 51 HD 239633
21 20 14 +60 37 51 HD 203534
21 21 20 +60 41 58 HIP 105429
21 22 19 +79 45 17 SAO 10040
21 23 36 +64 55 38 HD 204130
21 25 41 +72 32 57 CCDM 21257+7233
21 25 58 +60 09 43 HD 239667
21 27 25 +59 45 00 HR 8224
21 28 10 +65 24 51 PPM 22922
21 28 39 +61 37 00 ADS 15019
21 28 40 +70 33 39 Alfirk
21 28 47 +77 56 07 HD 205395
21 31 47 +70 35 49 PPM 10884
21 32 34 +66 06 50 SAO 19484
21 32 50 +58 39 30 HD 205396
21 34 26 +66 43 35 HD 205741
21 34 35 +59 06 24 HD 239706
21 34 50 +59 40 51 HD 239707
21 36 03 +57 28 14 HD 205850
21 36 32 +58 42 40 HD 205917
21 36 59 +82 55 17 HD 207146
21 37 20 +59 00 16 HD 239716
21 37 25 +75 13 20 HD 206460
21 37 35 +55 45 48 HD 206054
21 37 41 +57 33 37 HD 206081
21 38 46 +55 47 30 HD 206222
21 38 58 +57 29 21 HR 8281
21 39 44 +58 14 44 HD 239731
21 39 51 +68 07 51 HD 206578
21 40 19 +68 23 22 HD 206631
21 40 21 +57 34 54 HD 206482
21 43 19 +85 23 07 SAO 3640
21 43 54 +63 36 29 HD 207048
21 43 57 +82 07 39 SAO 3628
21 44 23 +66 21 03 SAO 19617
21 44 53 +62 27 38 HR 8327
21 46 11 +57 47 34 SAO 33737
21 46 28 +61 51 32 SAO 19636
21 47 50 +57 42 36 CCDM 21478+5743
21 48 03 +69 19 41 SAO 19657
21 48 30 +61 36 55 SAO 19656
21 49 08 +66 47 31 HD 207826
21 49 24 +58 30 05 HD 239776
21 50 58 +61 37 00 HD 207990
21 51 01 +56 21 20 HD 239782
21 51 09 +64 01 18 HD 208036
21 51 37 +65 45 10 HR 8361
21 51 48 +64 54 00 HD 208141
21 52 01 +55 47 48 HR 8357
21 52 04 +62 06 47 ADS 15411
21 52 21 +63 06 04 HD 208185
21 53 08 +68 06 27 HD 208411
21 53 48 +62 36 52 EM Cep
21 55 31 +65 19 15 HR 8375
21 55 57 +59 49 59 HD 208666
21 57 34 +67 08 25 HD 209020
21 58 13 +82 52 10 HR 8423
21 58 18 +56 15 48 HD 208961
21 58 29 +69 29 24 ADS 15522
21 58 43 +64 33 49 HD 209122
21 59 12 +72 24 40 SAO 10214
21 59 47 +67 58 27 HD 209328
21 59 54 +62 00 06 CCDM 21599+6200
22 00 21 +64 44 26 CCDM 22004+6444
22 00 52 +62 50 18 SAO 19794
22 02 13 +65 50 16 HD 209594
22 02 52 +67 15 39 HD 209722
22 03 14 +60 50 51 HD 209677
22 03 47 +64 37 41 HIP 108917
22 04 04 +73 27 51 SAO 10242
22 03 54 +59 48 52 HD 209744
22 04 21 +70 12 47 HD 209989
22 05 09 +62 16 47 19 Cep
22 05 29 +54 22 37 HD 235719
22 05 42 +58 18 38 HD 210013
22 08 00 +61 07 21 HD 210352
22 08 18 +60 53 47 SAO 19882
22 08 23 +61 04 54 HD 210403
22 08 36 +59 17 22 HD 210433
22 09 02 +67 43 03 HD 210604
22 10 04 +68 13 56 PPM 23524
22 10 13 +68 11 22 CCDM 22102+6811
22 10 30 +68 38 28 PPM 23534
22 10 39 +70 07 57 HR 8474
22 11 48 +59 43 15 HD 210885
22 11 49 +56 50 22 HR 8472
22 12 03 +60 05 26 HD 210940
22 12 13 +63 44 19 HD 211014
22 12 53 +73 18 26 HR 8493
22 14 16 +61 55 14 HIP 109785
22 15 02 +57 02 37 Epsilon Cep
22 16 45 +62 02 18 SAO 19976
22 16 53 +60 52 22 HD 211658
22 18 28 +63 13 22 HD 211880
22 18 59 +56 07 23 ADS 15834
22 19 14 +63 54 37 ADS 15839
22 20 11 +70 37 52 SAO 10321
22 20 38 +59 52 16 HD 239930
22 20 58 +66 57 55 HD 212278
22 21 31 +68 02 10 SAO 20030
22 21 45 +66 42 23 HD 212391
22 23 12 +70 53 41 SAO 10341
22 26 28 +57 43 13 ADS 15943
22 26 51 +70 59 55 BD +70 01241
22 26 52 +63 43 05 HD 213023
22 28 00 +57 41 45 Krueger 60
22 28 26 +58 25 20 HD 213224
22 29 10 +58 24 55 Delta Cep
22 29 28 +80 50 24 SAO 3755
22 29 28 +73 20 47 BD +72 01041
22 30 19 +57 13 32 HD 213470
22 30 44 +67 32 30 SAO 20122
22 31 59 +63 10 31 SAO 20132
22 32 24 +60 14 23 ADS 16038
22 33 03 +69 54 49 HR 8595
22 33 04 +67 10 15 SAO 20149
22 33 17 +70 22 25 HR 8598
22 34 22 +58 12 36 BD +57 02561
22 36 09 +72 52 51 HD 214511
22 39 46 +61 23 47 PPM 23882
22 41 17 +72 43 40 HD 215223
22 43 26 +67 44 20 HD 215440
22 43 51 +78 31 06 HD 215730
22 45 03 +68 07 59 ZZ Cep
22 46 04 +65 17 41 HD 215770
22 46 05 +58 04 20 HD 215714
22 46 54 +58 05 04 DH Cep
22 47 29 +83 09 14 HR 8702
22 47 31 +58 32 48 HD 215922
22 49 01 +68 34 13 HR 8687
22 49 36 +66 33 14 HD 216227
22 49 55 +75 09 44 HD 216367
22 51 14 +57 11 40 HD 240085
22 51 23 +61 41 48 HR 8696
22 52 42 +67 59 25 HD 216606
22 52 46 +60 54 59 HD 216572
22 54 15 +76 20 17 HD 216886
22 54 49 +59 14 26 PPM 41242
22 55 18 +84 56 14 SAO 3819
22 56 13 +72 50 14 HD 217085
22 56 31 +62 52 08 KZ Cep
22 56 42 +78 29 45 HD 217294
22 58 28 +67 05 17 HIP 113437
22 58 35 +69 50 22 SAO 20352
22 59 09 +80 20 39 HD 217691
23 01 39 +69 12 16 SAO 20375
23 01 43 +67 47 43 HIP 113703
23 03 23 +60 26 43 HR 8777
23 05 15 +63 23 47 BD +62 02167
23 06 29 +61 26 23 HD 218375
23 07 10 +60 49 57 HD 218439
23 07 22 +70 39 39 HD 218535
23 08 46 +70 06 03 ADS 16544
23 10 54 +81 49 01 HD 219194
23 11 02 +65 54 40 SAO 20475
23 11 55 +67 35 38 SAO 20482
23 12 37 +76 45 31 SAO 10649
23 12 43 +63 16 36 SAO 20491
23 13 32 +62 39 44 SAO 20499
23 13 50 +69 04 22 PPM 24292
23 15 07 +83 26 49 SAO 3879
23 15 12 +60 27 02 HD 219460
23 15 36 +69 49 51 PPM 24312
23 18 37 +68 06 41 Omicron Cep
23 23 52 +77 04 09 HD 220615
23 24 21 +86 25 04 HD 221142
23 24 21 +69 17 11 SAO 20609
23 27 43 +74 07 10 HD 221071
23 37 22 +71 41 22 BD +70 01328
23 39 57 +64 18 49 HD 222415
23 39 53 +63 43 32 HD 222407
23 40 30 +67 33 12 HD 222471
23 41 14 +74 08 38 SAO 10835
23 43 49 +69 03 46 HD 222852
23 47 05 +69 02 59 SAO 20845
23 52 25 +75 32 41 HR 9038
