06 13 54 -30 30 06 CCDM 6139-3030
06 14 30 -29 36 15 HD 43369
06 16 42 -12 02 50 HIP 29811
06 17 04 -22 42 54 HR 2254
06 18 53 -32 12 04 SAO 196677
06 19 15 -24 58 30 HD 44144
06 19 18 -12 31 59 HIP 30042
06 20 20 -29 36 49 HD 44401
06 20 19 -30 03 48 Furud
06 21 25 -11 46 24 FR CMa
06 22 09 -16 36 00 HD 44640
06 22 24 -16 43 50 HD 44682
06 22 42 -17 57 21 Murzim
06 23 42 -23 12 19 HD 44954
06 24 21 -12 57 43 HR 2309
06 24 21 -16 13 28 HD 45016
06 25 15 -31 33 40 HD 45305
06 25 38 -23 26 17 SAO 171728
06 26 30 -26 49 00 SAO 171749
06 29 21 -17 48 47 HD 45889
06 29 26 -22 35 28 HD 45941
06 29 29 -24 20 42 SAO 171834
06 30 14 -22 28 18 CCDM 6302-2228
06 30 24 -24 08 28 HIP 31005
06 30 30 -14 57 16 HD 46035
06 32 39 -32 01 50 HR 2397
06 32 50 -12 03 24 HD 46428
06 33 16 -24 28 11 HD 46584
06 34 08 -29 37 47 HD 46813
06 34 46 -32 56 59 SAO 196960
06 35 38 -26 02 30 HD 47041
06 35 51 -16 06 10 HD 47011
06 36 05 -24 07 08 HD 47116
06 36 17 -26 07 25 HD 47185
06 36 23 -18 39 36 Nu 1 CMa
06 36 41 -22 36 53 HR 2433
06 37 48 -18 57 21 CCDM 6378-1857
06 38 29 -23 02 18 HD 47597
06 38 29 -31 41 32 SAO 197029
06 39 12 -26 34 19 HIP 31821
06 39 15 -31 50 08 HD 47851
06 40 05 -30 33 03 SAO 197061
06 41 26 -11 18 45 HD 48127
06 42 00 -16 00 26 HD 48287
06 42 28 -23 13 56 HD 48425
06 42 46 -22 26 55 HR 2481
06 43 29 -17 09 28 SAO 151847
06 43 33 -31 46 33 SAO 197133
06 43 59 -32 44 58 SAO 197143
06 44 17 -27 25 54 HD 48854
06 44 18 -32 18 38 HD 48891
06 44 28 -31 04 14 10 CMa
06 45 03 -30 35 11 HR 2497
06 45 09 -16 42 58 Sirius
06 45 21 -19 12 15 SAO 151884
06 45 31 -30 56 56 HR 2501
06 45 41 -20 41 27 HD 49024
06 46 04 -20 47 10 BD -20 01558
06 46 07 -27 18 42 HD 49187
06 46 16 -20 45 34 HD 49150
06 47 03 -20 40 32 HD 49317
06 47 27 -28 33 32 HD 49488
06 47 48 -11 43 26 HD 49387
06 48 21 -13 26 28 HD 49546
06 48 22 -15 19 47 HIP 32628
06 48 49 -16 12 42 HD 49649
06 49 07 -26 03 49 HIP 32685
06 49 38 -24 08 10 HD 49892
06 49 44 -24 04 34 HR 2528
06 49 54 -22 28 22 HD 49939
06 50 24 -16 01 49 HD 49978
06 50 23 -31 42 22 HR 2545
06 50 43 -20 56 15 HD 50073
06 51 06 -28 43 53 HD 50234
06 51 13 -11 25 48 HD 50090
06 51 49 -26 34 53 HD 50379
06 52 05 -18 38 16 SAO 152029
06 53 17 -19 35 08 HD 50645
06 53 33 -24 25 00 CD -24 04556
06 54 20 -14 14 34 HD 50849
06 54 48 -28 22 29 HD 51116
06 55 03 -20 24 18 17 CMa
06 55 37 -13 58 44 ADS 5600
06 55 37 -20 08 11 Pi CMa
06 55 45 -11 51 33 HD 51153
06 55 53 -25 31 05 HD 51343
06 55 52 -30 07 01 HD 51388
06 56 07 -14 02 36 Mu CMa
06 56 34 -22 38 41 HD 51457
06 56 36 -29 24 49 HD 51578
06 57 10 -25 09 05 HD 51632
06 57 23 -30 28 44 SAO 197401
06 58 28 -11 25 51 HD 51848
06 58 36 -23 18 15 HD 51985
06 58 38 -28 58 20 Adara
06 58 44 -30 59 53 HR 2621
06 58 57 -19 24 25 CCDM 6589-1924
07 00 03 -12 00 20 HIP 33693
07 00 10 -22 43 10 HD 52390
07 00 05 -24 34 08 HD 52392
07 00 19 -22 07 09 FU CMa
07 00 17 -24 17 23 HD 52439
07 00 37 -19 55 00 HD 52484
07 00 35 -20 38 25 HD 52485
07 00 51 -15 18 56 HD 52482
07 00 50 -22 23 04 HD 52566
07 00 48 -25 38 38 HD 52596
07 01 15 -20 34 20 HD 52643
07 01 21 -29 03 16 HD 52781
07 02 22 -28 48 10 SAO 172824
07 02 37 -21 06 07 HD 53017
07 03 41 -23 50 15 HD 53321
07 04 38 -11 31 27 HD 53456
07 04 38 -29 42 20 HD 53675
07 06 07 -12 57 08 HD 53857
07 06 41 -11 17 38 FN CMa
07 08 38 -17 38 05 HD 54576
07 11 21 -21 48 12 HD 55271
07 13 11 -15 05 45 HD 55634
07 13 13 -30 57 58 HD 55817
07 13 33 -21 21 15 HD 55780
07 13 48 -22 54 21 HR 2733
07 14 26 -15 19 04 BD -15 01715
07 14 34 -25 18 09 HD 56067
07 14 35 -31 29 36 HD 56162
07 14 48 -15 28 34 HD 56012
07 14 48 -21 01 27 HD 56093
07 15 39 -23 34 19 CCDM 7156-2334
07 16 00 -29 29 34 HD 56504
07 16 37 -23 18 56 HR 2764
07 16 57 -30 53 49 HR 2768
07 17 07 -12 02 02 HD 56593
07 17 27 -18 43 14 HIP 35290
07 18 02 -28 38 41 SAO 173420
07 18 04 -13 41 37 HD 56830
07 18 33 -30 47 56 HD 57120
07 18 42 -24 57 16 Tau CMa
07 19 20 -22 02 59 HIP 35471
07 19 37 -24 01 28 HD 57281
07 20 03 -24 24 58 HD 57372
07 20 06 -21 52 57 HD 57370
07 21 26 -19 44 22 HD 57658
07 22 11 -24 11 55 HIP 35722
07 23 04 -25 31 53 SAO 173595
07 23 25 -12 40 01 HD 58055
07 23 29 -13 17 56 HD 58076
07 24 06 -29 18 11 Aludra
07 24 35 -26 02 43 SAO 173668
07 24 44 -31 48 32 HR 2834
07 25 01 -21 01 12 HD 58465
07 25 01 -32 13 36 HD 58631
07 25 08 -21 10 26 HD 58510
07 25 16 -28 11 12 HD 58630
07 26 03 -18 21 47 HIP 36079
07 27 08 -17 51 54 HR 2853
07 27 37 -11 44 33 CCDM 7276-1145
07 27 52 -11 33 24 HR 2859
