19 08 20 +55 19 50 HD 179142
19 12 05 +49 51 21 HR 7294
19 12 24 +55 18 40 HD 180137
19 12 44 +49 44 48 SAO 48207
19 12 43 +47 46 09 HD 180076
19 13 09 +55 07 01 HD 234837
19 14 51 +47 56 26 HD 180611
19 15 19 +50 04 16 HR 7311
19 16 46 +48 01 10 HIP 94745
19 19 43 +44 22 29 HD 181777
19 20 07 +53 32 40 HD 234872
19 20 31 +50 20 24 HD 182076
19 23 16 +47 37 46 ADS 12402
19 23 15 +47 11 45 HD 182614
19 23 41 +27 45 45 HD 338251
19 24 06 +46 26 18 HD 182754
19 24 48 +28 56 12 SAO 87177
19 25 48 +28 45 34 HD 182898
19 26 05 +47 23 41 CCDM 19261+4724
19 26 24 +34 27 54 CCDM 19264+3428
19 26 40 +32 20 44 HD 183101
19 26 48 +50 08 44 HD 183361
19 27 26 +36 03 30 BD +35 03630
19 27 23 +33 19 35 SAO 68335
19 27 41 +36 31 44 HD 183363
19 28 47 +46 17 40 BD +45 02905
19 28 55 +36 09 22 BD +35 03644
19 29 08 +35 40 40 CCDM 19291+3541
19 29 21 +34 37 16 CCDM 19294+3437
19 29 55 +49 30 32 HIP 95869
19 30 12 +55 25 22 HD 184170
19 30 22 +35 05 37 CCDM 19304+3506
19 30 45 +32 26 01 CCDM 19307+3226
19 30 43 +27 57 35 Albireo
19 30 55 +54 01 36 HD 184274
19 31 04 +31 45 47 CCDM 19311+3146
19 31 05 +29 42 32 SAO 87308
19 31 26 +36 42 38 SAO 68437
19 31 26 +35 13 53 CCDM 19314+3514
19 31 33 +32 46 21 CCDM 19315+3246
19 31 43 +52 59 59 HD 184424
19 31 45 +33 48 01 SAO 68444
19 31 40 +32 13 25 CCDM 19317+3213
19 31 58 +52 59 07 HD 184468
19 29 56 +40 09 59 SAO 48511
19 32 01 +38 48 34 SAO 68455
19 32 01 +35 14 50 CCDM 19320+3515
19 32 06 +28 16 00 HD 184172
19 32 10 +35 21 08 CCDM 19322+3521
19 32 12 +34 56 50 CCDM 19322+3457
19 32 24 +39 18 33 HD 184334
19 32 22 +34 17 00 HD 184295
19 32 35 +54 33 07 HD 234928
19 32 35 +46 02 57 SAO 48567
19 32 49 +32 50 35 CCDM 19328+3250
19 33 19 +52 49 02 HD 234932
19 33 26 +44 37 38 PPM 58498
19 33 24 +35 05 52 CCDM 19334+3506
19 33 33 +36 10 13 CCDM 19335+3610
19 33 36 +32 29 20 HD 184523
19 33 40 +50 02 40 PPM 37529
19 33 47 +42 21 30 HD 184678
19 33 46 +38 36 05 CCDM 19338+3836
19 33 57 +32 17 59 CCDM 19340+3218
19 34 00 +28 55 34 PPM 109219
19 34 07 +33 00 36 HD 184630
19 34 05 +31 47 12 CCDM 19341+3147
19 34 39 +35 17 56 PPM 83154
19 34 56 +32 31 56 SAO 68527
19 34 53 +27 50 17 CCDM 19349+2750
19 35 07 +34 11 59 HD 184877
19 35 14 +32 59 11 CCDM 19352+3259
19 35 30 +46 25 42 HD 185116
19 35 32 +32 29 46 CCDM 19355+3230
19 35 33 +29 44 33 ADS 12647
19 35 40 +36 17 22 BD +35 03699
19 36 12 +53 22 28 HD 234943
19 36 11 +31 57 46 CCDM 19362+3158
19 36 20 +48 06 38 BD +47 02874
19 36 17 +35 39 35 HD 185149
19 36 27 +50 13 16 Theta Cyg
19 36 22 +35 35 51 PPM 83209
19 36 32 +41 00 35 HD 185266
19 36 39 +43 27 35 BD +43 03305
19 36 49 +50 11 59 R Cyg
19 36 46 +35 38 13 CCDM 19368+3538
19 37 10 +29 20 01 HR 7466
19 37 18 +35 54 16 CCDM 19373+3554
19 37 25 +46 19 22 ADS 12713
19 37 29 +33 32 31 BD +33 03525
19 37 46 +38 10 00 CCDM 19378+3810
19 37 57 +49 17 04 HR 7477
19 38 25 +52 11 20 HD 234949
19 38 26 +33 54 22 HD 185582
19 39 20 +31 52 20 SAO 68636
19 39 23 +39 48 41 CCDM 19394+3949
19 39 35 +29 44 55 HD 185756
19 39 40 +33 14 46 CCDM 19397+3315
19 40 09 +30 35 51 ADS 12773
19 40 22 +31 21 26 HD 331099
19 40 57 +32 37 06 TT Cyg
19 41 49 +50 31 30 16 Cyg
19 42 03 +52 01 04 HD 234978
19 42 09 +31 32 27 HD 331096
19 42 32 +56 55 21 HD 239184
19 42 34 +40 01 36 HD 186410
19 42 49 +37 41 12 HD 186429
19 43 06 +34 33 07 CCDM 19431+3433
19 43 11 +38 40 18 HD 186506
19 43 22 +47 14 41 HD 186618
19 43 18 +37 54 43 CCDM 19433+3755
19 43 26 +38 55 11 HD 225525
19 43 25 +31 57 58 HD 186466
19 43 28 +34 50 20 HD 225513
19 43 33 +35 18 55 CCDM 19436+3519
19 43 38 +32 25 13 CCDM 19436+3225
19 44 19 +34 01 26 CCDM 19443+3401
19 45 00 +55 50 51 HD 187053
19 44 58 +45 07 51 Delta Cyg
19 45 20 +30 48 05 HD 186789
19 45 40 +36 05 28 HR 7529
19 45 34 +33 36 07 HD 186858
19 45 47 +46 22 13 SAO 48809
19 45 51 +35 00 46 HR 7530
19 46 26 +33 43 39 17 Cyg
19 46 35 +32 53 19 HR 7535
19 46 44 +34 04 05 CCDM 19467+3404
19 47 51 +51 53 57 HD 187522
19 48 09 +38 17 45 CCDM 19481+3818
19 48 41 +33 42 34 CCDM 19487+3343
19 48 55 +34 43 30 CCDM 19489+3443
19 48 58 +59 16 12 PPM 37814
19 49 01 +44 22 45 HD 187613
19 49 02 +33 40 36 CCDM 19490+3341
19 49 17 +38 57 27 CCDM 19493+3857
19 49 59 +45 09 05 HD 187810
19 50 08 +54 39 06 HD 187979
19 50 07 +47 48 23 HD 187877
19 50 07 +38 32 40 CCDM 19501+3833
19 50 17 +33 51 02 CCDM 19503+3351
19 50 24 +34 12 02 CCDM 19504+3412
19 50 34 +32 54 50 Chi Cyg
19 50 34 +38 43 20 19 Cyg
19 50 41 +34 29 20 CCDM 19507+3429
19 51 00 +36 49 53 CCDM 19510+3650
19 51 14 +38 00 25 CCDM 19512+3800
19 51 09 +36 58 29 CCDM 19512+3658
19 51 15 +37 24 28 CCDM 19513+3724
19 51 18 +35 35 30 HD 226174
19 51 34 +59 12 55 HD 239243
19 51 39 +53 38 15 BD +53 02311
19 51 41 +31 08 29 HD 187981
19 52 00 +38 01 54 HD 226250
19 52 18 +45 45 01 HD 188254
19 52 41 +34 24 30 CCDM 19527+3424
19 52 47 +36 43 33 CCDM 19528+3644
19 52 58 +56 05 48 HD 188590
19 52 54 +39 33 43 CCDM 19529+3934
19 52 58 +39 20 50 CCDM 19530+3921
19 52 59 +37 04 08 HD 226338
19 53 21 +38 29 56 CCDM 19533+3830
19 53 22 +29 22 43 HD 332988
19 53 31 +49 38 46 PPM 58989
19 53 35 +59 42 31 HR 7611
19 53 43 +44 35 43 HD 188524
19 53 39 +34 41 43 CCDM 19537+3442
19 53 57 +39 22 49 CCDM 19539+3923
19 54 01 +49 14 33 HD 188649
19 54 12 +42 33 40 HD 188611
19 54 24 +39 17 14 CCDM 19544+3917
19 54 23 +30 01 31 HIP 97949
19 54 41 +38 49 50 CCDM 19547+3850
19 54 39 +34 52 45 ADS 13108
19 55 03 +35 52 17 HD 226534
19 55 07 +30 11 42 HR 7607
19 55 10 +37 21 03 ADS 13126
19 55 31 +39 18 47 CCDM 19555+3919
19 55 38 +52 26 20 Psi Cyg
19 55 45 +40 23 29 HD 188891
19 55 47 +38 36 17 HD 226607
19 55 51 +32 55 56 CCDM 19558+3256
19 55 53 +40 03 46 CCDM 19559+4004
19 56 12 +54 27 26 CCDM 19562+5427
19 56 20 +37 08 18 CCDM 19563+3708
19 56 18 +35 05 00 Eta Cyg
19 56 34 +32 38 22 CCDM 19566+3238
19 56 50 +44 16 16 AX Cyg
19 57 09 +31 04 31 HD 333065
19 57 14 +40 22 04 HR 7628
19 57 13 +39 26 43 CCDM 19572+3927
19 57 11 +36 45 52 CCDM 19572+3646
19 57 25 +31 06 10 HD 333066
19 57 36 +52 49 59 HD 235048
19 57 36 +40 33 11 SAO 49024
19 57 43 +38 41 18 ADS 13181
19 57 43 +37 54 50 HD 226811
19 57 53 +44 23 03 HD 189376
19 57 56 +42 15 39 HR 7638
19 58 04 +53 55 30 HD 189572
19 58 19 +31 47 14 HD 331604
19 58 34 +38 06 20 HR 7642
19 58 34 +34 24 37 CCDM 19586+3425
19 58 50 +31 38 02 CCDM 19588+3138
19 58 52 +47 21 48 HD 189636
19 58 53 +36 56 44 HD 226928
19 58 59 +38 51 49 CCDM 19590+3852
19 59 08 +37 02 54 CCDM 19591+3703
19 59 07 +35 32 10 HD 189528
19 59 10 +35 03 23 CCDM 19592+3503
19 59 20 +38 29 15 CCDM 19593+3829
19 59 32 +59 44 15 HD 189979
19 59 34 +59 27 19 HD 239281
19 59 34 +33 21 41 CCDM 19596+3322
19 59 44 +31 40 19 CCDM 19597+3140
20 00 02 +38 41 58 CCDM 20000+3842
20 00 11 +36 24 51 HD 189751
20 00 17 +46 20 19 HD 189881
20 00 16 +29 55 14 HD 189690
20 00 23 +34 33 12 CCDM 20004+3433
20 00 28 +36 58 43 CCDM 20005+3659
20 00 31 +34 17 11 CCDM 20005+3417
20 00 45 +36 35 23 HD 189864
20 00 51 +33 36 35 CCDM 20008+3337
20 01 02 +48 15 27 HD 190042
20 01 00 +37 41 55 HD 189901
20 01 07 +34 51 09 CCDM 20011+3451
20 01 05 +33 45 50 CCDM 20011+3346
20 01 19 +34 26 03 CCDM 20013+3426
20 01 19 +33 45 27 CCDM 20013+3345
20 01 22 +50 06 17 26 Cyg
20 01 26 +32 39 51 CCDM 20014+3240
20 01 28 +40 17 56 HD 190046
20 01 40 +58 05 45 HD 190380
20 01 51 +40 51 32 HD 190130
20 01 52 +31 39 12 HD 331700
20 02 01 +34 10 38 CCDM 20020+3411
20 02 07 +31 34 20 CCDM 20021+3134
20 02 08 +54 38 28 HD 190398
20 02 19 +37 05 34 CCDM 20023+3705
20 02 22 +37 27 50 CCDM 20024+3728
20 02 23 +35 18 41 HD 227247
20 02 21 +33 53 22 CCDM 20024+3353
20 02 29 +34 26 49 CCDM 20025+3427
20 02 37 +39 39 32 CCDM 20026+3940
20 02 44 +33 48 28 CCDM 20027+3348
20 03 07 +33 43 02 HD 227334
20 03 15 +33 56 55 CCDM 20032+3357
20 03 19 +38 06 34 ADS 13309
20 03 19 +34 02 25 CCDM 20033+3402
20 03 29 +36 01 31 HIP 98753
20 03 40 +38 19 37 HD 190466
20 03 42 +36 25 32 V1362 Cyg
20 03 40 +31 50 17 HD 331781
20 03 44 +31 44 42 HD 190431
20 03 48 +43 59 34 HD 190567
20 03 53 +38 21 58 CCDM 20039+3822
20 04 06 +44 04 55 PPM 59253
20 04 10 +46 44 30 HD 190698
20 04 17 +34 30 21 CCDM 20043+3430
20 04 34 +36 40 50 HD 227487
20 04 40 +49 38 31 PPM 59271
20 04 49 +33 58 21 CCDM 20048+3358
20 05 05 +38 41 54 HD 227544
20 05 17 +49 23 56 BD +48 03024
20 05 23 +58 07 21 HD 239318
20 05 30 +57 59 54 HD 239319
20 05 30 +50 30 28 BD +50 02977
20 05 40 +35 36 28 HD 190864
20 05 43 +59 24 57 HD 239323
20 05 42 +37 10 36 CCDM 20057+3711
20 05 50 +35 57 19 ADS 13368
20 05 48 +35 19 56 CCDM 20058+3520
20 05 57 +35 45 21 CCDM 20059+3545
20 06 02 +37 14 12 CCDM 20060+3714
20 05 57 +35 47 18 V1676 Cyg
20 06 05 +45 00 23 HD 191044
20 06 07 +35 43 44 CCDM 20061+3544
20 06 06 +34 16 47 CCDM 20061+3417
20 06 12 +37 08 23 CCDM 20062+3708
20 06 15 +35 51 02 CCDM 20062+3551
20 06 14 +35 38 01 CCDM 20062+3538
20 06 14 +53 09 56 HR 7697
20 06 22 +35 58 20 27 Cyg
20 06 26 +31 47 34 CCDM 20064+3147
20 06 42 +36 07 09 CCDM 20067+3607
20 06 48 +36 11 08 CCDM 20068+3611
20 06 50 +32 03 19 CCDM 20068+3203
20 06 56 +35 54 20 CCDM 20069+3554
20 06 54 +32 46 59 CCDM 20069+3247
20 06 52 +31 15 02 HD 331869
20 07 12 +36 16 07 CCDM 20072+3616
20 07 15 +35 52 42 CCDM 20072+3553
20 07 19 +35 53 14 CCDM 20073+3553
20 07 16 +35 34 28 HD 227758
20 07 34 +38 37 51 HD 191257
20 07 36 +36 27 09 CCDM 20076+3627
20 07 43 +59 08 25 HD 191608
20 07 47 +35 20 30 CCDM 20078+3520
20 08 01 +42 23 06 HD 191394
20 08 01 +35 21 21 CCDM 20080+3521
20 07 58 +32 35 11 HD 191292
20 08 22 +38 08 20 HD 191424
20 08 23 +35 27 33 HD 227877
20 08 30 +37 06 32 CCDM 20085+3706
20 08 31 +36 18 29 CCDM 20085+3619
20 09 11 +35 39 29 CCDM 20092+3539
20 09 14 +35 29 02 HD 191566
20 09 09 +33 39 21 HD 191511
20 09 26 +36 29 20 HD 191611
20 09 29 +51 40 28 HD 191807
20 09 30 +47 52 17 SV Cyg
20 09 38 +35 59 36 HD 228005
20 09 35 +35 31 38 CCDM 20096+3532
20 09 35 +35 29 11 CCDM 20096+3529
20 09 34 +34 58 36 CCDM 20096+3459
20 09 37 +33 24 39 HD 191613
20 09 43 +35 08 58 CCDM 20097+3509
20 09 51 +56 57 13 HD 239339
20 10 12 +36 44 05 HD 228069
20 10 10 +36 17 09 CCDM 20102+3617
20 10 18 +35 10 01 CCDM 20103+3510
20 10 23 +49 49 16 HD 191974
20 10 31 +36 14 01 CCDM 20105+3614
20 10 28 +35 49 03 CCDM 20105+3549
20 10 33 +36 34 36 CCDM 20106+3635
20 10 37 +34 52 04 HD 191833
20 10 35 +33 38 03 HD 191812
20 10 44 +37 02 34 HD 191897
20 10 41 +36 56 43 CCDM 20107+3657
20 10 48 +36 53 35 CCDM 20108+3654
20 10 48 +36 51 17 CCDM 20108+3651
20 11 00 +57 17 17 HD 192238
20 11 01 +36 42 02 HIP 99441
20 11 13 +37 17 25 CCDM 20112+3717
20 11 13 +37 10 08 CCDM 20112+3710
20 11 19 +35 49 49 PPM 84397
20 11 18 +35 26 50 CCDM 20113+3527
20 11 26 +35 38 54 CCDM 20114+3539
20 11 28 +37 21 36 CCDM 20115+3722
20 11 28 +36 03 45 CCDM 20115+3604
20 11 33 +36 38 30 CCDM 20116+3639
20 11 44 +37 19 51 CCDM 20117+3720
20 11 42 +37 06 21 CCDM 20117+3706
20 11 49 +35 50 53 ADS 13503
20 11 54 +36 11 51 V1042 Cyg
20 11 55 +35 50 13 CCDM 20119+3550
20 12 01 +36 40 00 CCDM 20120+3640
20 12 01 +34 54 05 CCDM 20120+3454
20 12 08 +37 09 17 CCDM 20121+3709
20 12 04 +36 02 31 CCDM 20121+3603
20 12 06 +35 59 37 CCDM 20121+3600
20 12 09 +35 47 37 CCDM 20121+3548
20 12 13 +38 26 35 HD 192182
20 12 10 +36 02 38 CCDM 20122+3603
20 12 18 +34 51 11 HD 192164
20 12 19 +32 04 52 HD 192165
20 12 20 +29 22 44 HD 192125
20 12 23 +37 10 59 CCDM 20124+3711
20 12 32 +37 16 57 CCDM 20125+3717
20 12 31 +36 18 06 CCDM 20125+3618
20 12 31 +36 13 52 CCDM 20125+3614
20 12 30 +35 52 14 CCDM 20125+3552
20 12 32 +51 27 49 HR 7726
20 12 44 +36 44 51 CCDM 20127+3645
20 12 44 +36 41 27 CCDM 20127+3641
20 12 50 +39 16 15 CCDM 20128+3916
20 12 51 +36 37 30 CCDM 20128+3637
20 12 56 +34 28 32 HD 192284
20 13 04 +34 11 25 HD 192321
20 13 17 +32 24 40 CCDM 20133+3225
20 13 24 +38 43 44 RS Cyg
20 13 38 +46 44 29 31 Cyg
20 13 32 +39 11 57 ADS 13548
20 13 31 +36 33 46 CCDM 20135+3634
20 13 29 +35 50 27 CCDM 20135+3550
20 13 33 +38 28 10 ADS 13549
20 13 34 +36 40 29 HD 228403
20 13 35 +35 52 45 CCDM 20136+3553
20 13 41 +53 07 30 HD 192679
20 13 45 +40 50 19 HD 228446
20 13 59 +36 32 38 HD 228450
20 14 07 +36 16 44 HD 192556
20 14 14 +35 21 42 HD 192557
20 14 22 +42 06 15 HR 7737
20 14 23 +36 30 06 CCDM 20144+3630
20 14 32 +36 48 23 29 Cyg
20 14 32 +36 39 40 V1679 Cyg
20 14 41 +36 34 39 CCDM 20147+3635
20 14 59 +37 42 43 CCDM 20150+3743
20 15 07 +39 30 27 HD 228568
20 15 14 +54 08 48 HD 192967
20 15 18 +35 46 26 CCDM 20153+3546
20 15 28 +47 42 51 32 Cyg
20 15 40 +43 39 00 HD 192911
20 15 49 +52 30 08 RT Cap
20 15 57 +51 08 29 HD 235148
20 15 54 +42 56 35 BD +42 03657
20 15 53 +34 47 16 CCDM 20159+3447
20 15 56 +29 30 14 ADS 13607
20 15 58 +37 57 36 CCDM 20160+3757
20 15 59 +34 02 45 HD 228629
20 16 09 +38 36 59 CCDM 20162+3837
20 16 16 +40 07 18 CCDM 20163+4007
20 16 24 +55 41 49 HD 239364
20 16 30 +37 38 34 ADS 13626
20 16 34 +36 51 22 HD 228691
20 16 49 +39 41 50 HD 193063
20 16 50 +32 17 16 CCDM 20168+3217
20 16 57 +43 36 33 SAO 49418
20 16 55 +31 30 19 HD 193010
20 16 55 +50 16 43 HD 193216
20 17 12 +52 00 57 PPM 38330
20 17 30 +45 38 16 HD 193267
20 17 34 +38 06 00 CCDM 20176+3806
20 17 44 +33 31 19 HD 228771
20 17 45 +57 17 13 HD 193511
20 17 47 +36 44 13 CCDM 20178+3644
20 17 53 +37 11 55 CCDM 20179+3712
20 18 02 +32 01 56 CCDM 20180+3202
20 18 04 +41 22 15 HD 228827
20 18 07 +40 43 55 HR 7767
20 18 25 +55 23 50 HR 7781
20 18 50 +52 12 16 HD 235175
20 18 55 +42 27 28 SAO 49460
20 18 58 +49 37 36 HD 193609
20 19 07 +36 45 08 HD 193487
20 19 11 +36 46 12 CCDM 20192+3646
20 19 18 +36 35 09 HD 228899
20 19 24 +56 07 18 HD 239383
20 19 35 +38 07 24 CCDM 20196+3807
20 19 37 +47 53 39 U Cyg
20 19 45 +41 08 19 HD 193633
20 19 39 +39 48 53 CCDM 20197+3949
20 19 59 +39 37 48 HD 228960
20 20 01 +51 15 33 HD 235183
20 20 15 +39 24 12 HR 7784
20 20 18 +38 39 28 ADS 13729
20 20 50 +37 48 08 CCDM 20208+3748
20 21 02 +39 17 33 CCDM 20210+3918
20 21 05 +43 40 31 SAO 49504
20 21 14 +43 35 21 HD 193926
20 21 22 +37 58 25 CCDM 20215+3758
20 21 22 +36 55 55 BI Cyg
20 21 38 +38 35 48 CCDM 20216+3836
20 22 03 +38 55 01 CCDM 20220+3855
20 22 14 +40 15 24 Sadr
20 22 17 +47 47 39 HD 194192
20 22 18 +37 58 39 CCDM 20223+3759
20 22 32 +36 56 39 CCDM 20225+3657
20 22 50 +53 25 02 HD 194354
20 22 51 +42 43 15 HD 194240
20 22 58 +39 12 40 HD 194206
20 22 56 +42 59 01 HR 7802
20 23 10 +35 41 35 HD 194208
20 23 25 +30 52 53 HD 194209
20 23 26 +30 06 55 HD 334263
20 23 30 +35 39 45 CCDM 20235+3540
20 23 51 +38 29 34 HD 194378
20 23 49 +35 30 45 CCDM 20238+3531
20 23 57 +44 56 34 PPM 59853
20 23 55 +32 38 12 CCDM 20239+3238
20 24 03 +39 12 09 CCDM 20241+3912
20 24 11 +38 19 11 HD 194447
20 24 35 +48 41 34 HD 194614
20 24 33 +32 12 29 HD 194468
20 24 49 +35 45 28 HD 194524
20 25 07 +31 58 35 HD 332252
20 25 14 +35 21 32 BD +34 04011
20 25 16 +43 55 17 SAO 49599
20 25 33 +54 41 02 HD 194883
20 25 31 +40 05 53 HD 194685
20 25 29 +35 53 27 PPM 84916
20 25 36 +41 54 35 BD +41 03746
20 25 57 +37 57 27 CCDM 20259+3757
20 26 12 +37 11 36 HD 194791
20 26 22 +54 01 33 HD 235240
20 26 23 +56 38 19 HR 7827
20 26 32 +56 18 41 HD 195088
20 26 51 +41 51 33 SAO 49632
20 27 01 +33 28 41 HD 332234
20 27 15 +39 48 24 CCDM 20273+3948
20 27 42 +45 06 38 PPM 59956
20 28 01 +30 08 03 HD 195051
20 28 24 +54 30 05 HD 195372
20 28 36 +50 39 02 HD 235247
20 28 50 +38 10 21 BD +37 03949
20 28 53 +56 55 23 HD 239426
20 29 08 +45 44 05 HD 195375
20 29 05 +29 56 24 HD 334456
20 29 14 +37 30 46 HIP 101062
20 29 28 +41 00 14 PPM 60009
20 29 35 +39 01 10 CCDM 20296+3901
20 29 34 +38 36 28 HD 195394
20 29 43 +38 07 31 HD 195406
20 29 54 +40 22 01 HD 195448
20 30 04 +48 57 06 Ruchba
20 30 14 +43 43 05 SAO 49713
20 30 20 +58 50 36 HD 239433
20 30 16 +44 38 54 PPM 60042
20 30 29 +35 39 55 BD +35 04145
20 30 41 +35 20 52 HD 195530
20 30 46 +37 49 02 CCDM 20308+3749
20 30 53 +49 12 48 HD 195710
20 30 59 +36 56 09 44 Cyg
20 31 04 +38 54 32 CCDM 20311+3855
20 31 05 +38 47 00 CCDM 20311+3847
20 31 07 +36 52 30 CCDM 20311+3652
20 31 15 +59 44 42 HD 195915
20 31 19 +49 13 12 Ruchba
20 31 50 +35 16 42 SAO 70157
20 31 51 +39 20 19 BD +38 04134
20 32 21 +41 52 00 HD 195873
20 32 18 +37 26 20 PPM 85128
20 32 44 +39 16 16 HD 195918
20 32 59 +39 03 25 CCDM 20330+3903
20 33 07 +39 32 34 BD +39 04231
20 33 15 +41 18 50 SAO 49781
20 33 12 +40 27 39 SAO 49778
20 33 10 +33 24 20 SAO 70182
20 33 30 +47 02 58 BD +46 02972
20 33 30 +38 57 32 CCDM 20335+3858
20 33 36 +47 18 08 BD +46 02973
20 33 52 +56 15 59 CCDM 20339+5616
20 33 55 +46 41 38 HR 7870
20 33 54 +40 33 53 SAO 49798
20 33 54 +35 15 03 47 Cyg
20 33 51 +32 57 04 CCDM 20339+3257
20 33 59 +37 36 52 CCDM 20340+3737
20 33 58 +35 03 57 CCDM 20340+3504
20 34 02 +34 40 44 HD 196120
20 34 17 +57 07 12 HD 239452
20 34 19 +45 20 23 ADS 14025
20 34 28 +38 51 30 CCDM 20345+3852
20 34 41 +49 57 11 SAO 49829
20 34 45 +32 30 21 HD 196197
20 34 47 +48 30 02 ADS 14037
20 34 51 +46 50 51 HD 196331
20 34 52 +38 48 55 SAO 70226
20 34 58 +37 56 52 CCDM 20350+3757
20 35 03 +34 20 29 ADS 14035
20 35 01 +33 22 36 CCDM 20350+3323
20 35 07 +37 24 26 CCDM 20351+3724
20 35 06 +32 59 07 BD +32 03868
20 35 15 +56 21 33 HD 239456
20 35 28 +37 48 53 CCDM 20355+3749
20 35 35 +35 10 08 HD 196344
20 35 45 +54 35 17 HD 235289
20 36 07 +40 07 52 CCDM 20361+4008
20 36 10 +37 37 01 SAO 70252
20 36 43 +50 53 23 HD 196670
20 36 44 +39 06 15 HD 196542
20 36 56 +36 52 03 CCDM 20369+3652
20 37 03 +38 37 16 SAO 70271
20 37 18 +38 21 54 CCDM 20373+3822
20 37 30 +42 33 14 SAO 49870
20 37 32 +31 34 21 48 Cyg
20 37 44 +33 21 59 HD 196673
20 37 48 +60 45 22 HD 196988
20 37 51 +47 56 42 HD 196808
20 37 50 +29 43 18 HD 196655
20 37 55 +51 06 23 HD 235299
20 37 54 +37 24 47 CCDM 20379+3725
20 38 14 +37 42 08 CCDM 20382+3742
20 38 11 +31 08 36 ADS 14087
20 38 36 +44 38 27 SAO 49891
20 38 40 +38 38 06 HD 196850
20 39 05 +37 16 58 CCDM 20391+3717
20 39 03 +36 19 19 CCDM 20391+3619
20 39 03 +35 43 08 CCDM 20391+3543
20 39 17 +39 10 20 CCDM 20393+3910
20 39 33 +40 34 47 HR 7911
20 39 35 +30 30 15 HD 196954
20 39 45 +36 44 18 CCDM 20398+3644
20 39 58 +55 14 59 HD 197225
20 40 13 +54 27 09 HD 235317
20 40 27 +40 10 40 CCDM 20404+4011
20 40 37 +36 02 49 CCDM 20406+3603
20 40 43 +43 21 00 SAO 49926
20 40 47 +53 06 54 HD 235318
20 41 00 +39 04 56 HR 7922
20 41 05 +33 14 42 CCDM 20411+3315
20 41 03 +32 18 26 49 Cyg
20 41 38 +36 22 07 CCDM 20416+3622
20 42 04 +50 13 47 ADS 14186
20 42 10 +40 40 52 SAO 49954
20 42 15 +36 35 59 BD +36 04202
20 42 20 +45 49 24 HD 197488
20 42 30 +49 15 59 HD 197548
20 42 51 +52 06 13 HD 197640
20 42 52 +34 29 24 CCDM 20429+3429
20 43 10 +46 37 13 CCDM 20432+4637
20 43 17 +44 56 03 HD 197621
20 43 35 +39 18 00 CCDM 20436+3918
20 43 50 +39 27 35 HD 197667
20 44 51 +35 41 49 CCDM 20448+3542
20 44 50 +30 21 31 HD 335032
20 44 53 +43 31 52 PPM 60409
20 45 04 +44 29 57 HIP 102401
20 45 13 +43 37 24 PPM 60418
20 45 16 +35 31 05 CCDM 20453+3531
20 45 29 +54 01 00 HD 198055
20 45 40 +30 43 11 52 Cyg
20 45 56 +44 48 02 SAO 50037
20 45 59 +36 00 51 CCDM 20460+3601
20 46 00 +33 07 33 BD +32 03925
20 46 15 +35 45 44 CCDM 20462+3546
20 46 33 +34 51 51 CCDM 20465+3452
20 46 55 +32 51 50 HD 198088
20 46 59 +31 56 09 CCDM 20470+3156
20 47 10 +42 24 35 HD 198195
20 47 10 +35 45 20 CCDM 20472+3545
20 47 11 +34 22 27 T Cyg
20 47 25 +36 29 27 Lambda Cyg
20 47 37 +38 39 06 CCDM 20476+3839
20 47 40 +38 11 41 CCDM 20477+3812
20 47 58 +41 25 34 SAO 50071
20 48 23 +40 01 47 ADS 14324
20 48 30 +36 08 34 CCDM 20485+3609
20 48 34 +50 29 28 HD 198455
20 48 43 +51 54 37 HR 7978
20 48 41 +33 33 46 HD 198365
20 48 48 +35 03 08 CCDM 20488+3503
20 48 56 +46 06 51 55 Cyg
20 48 52 +34 49 25 CCDM 20489+3449
20 49 01 +39 47 30 HD 198436
20 49 00 +34 51 36 CCDM 20490+3452
20 48 57 +29 32 10 HD 335167
20 49 10 +39 17 24 HD 198456
20 49 16 +33 13 46 HIP 102764
20 49 38 +50 07 37 HD 198624
20 49 36 +48 04 57 BD +47 03193
20 49 48 +38 33 11 SAO 70553
20 50 04 +37 13 38 CCDM 20501+3714
20 50 12 +36 41 38 CCDM 20502+3642
20 50 39 +36 15 39 CCDM 20506+3616
20 50 35 +35 52 02 CCDM 20506+3552
20 50 36 +30 54 46 HD 198626
20 50 36 +30 24 47 HIP 102877
20 50 42 +38 08 03 CCDM 20507+3808
20 50 53 +38 54 49 CCDM 20509+3855
20 51 05 +51 25 02 HD 198834
20 51 22 +45 19 03 SAO 50140
20 51 30 +54 02 50 HD 235384
20 51 53 +39 10 24 CCDM 20519+3910
20 51 54 +33 27 10 SAO 70594
20 51 59 +43 45 29 HIP 102990
20 52 08 +36 56 16 CCDM 20521+3656
20 52 11 +35 12 49 SAO 70603
20 52 38 +37 27 48 CCDM 20526+3728
20 52 53 +31 53 22 CCDM 20529+3153
20 53 06 +39 39 28 CCDM 20531+3939
20 53 16 +37 39 03 CCDM 20533+3739
20 53 33 +30 57 05 HD 199042
20 53 42 +35 11 23 CCDM 20537+3511
20 53 53 +36 21 35 CCDM 20539+3622
20 53 54 +33 26 16 HR 8005
20 54 06 +45 06 37 HD 199206
20 54 22 +40 42 11 HR 8009
20 54 21 +37 03 55 CCDM 20544+3704
20 54 26 +36 47 36 CCDM 20544+3648
20 54 42 +37 04 25 HD 199234
20 54 45 +45 08 11 HD 199312
20 55 13 +39 15 06 CCDM 20552+3915
20 55 18 +42 30 49 HD 199355
20 55 19 +39 43 50 CCDM 20553+3944
20 55 18 +32 13 30 CCDM 20553+3213
20 55 25 +37 07 56 CCDM 20554+3708
20 55 27 +39 10 46 ADS 14433
20 55 37 +39 01 15 PPM 85730
20 55 52 +32 05 41 HD 199374
20 56 07 +36 48 38 CCDM 20561+3649
20 56 18 +44 46 48 ADS 14455
20 56 18 +36 34 08 CCDM 20563+3634
20 56 17 +36 14 11 CCDM 20563+3614
20 56 15 +32 46 54 PPM 85747
20 56 16 +29 53 37 CCDM 20563+2954
20 56 34 +39 31 58 CCDM 20566+3932
20 56 48 +42 53 44 HD 199580
20 57 31 +36 43 16 CCDM 20575+3643
20 57 34 +40 58 25 SAO 50283
20 57 55 +36 41 23 CCDM 20579+3641
20 58 30 +50 27 42 HR 8040
20 58 27 +41 21 28 HD 199871
20 58 40 +38 56 23 CCDM 20587+3856
20 58 58 +39 31 24 CCDM 20590+3931
20 59 05 +36 55 11 CCDM 20591+3655
20 59 05 +35 42 27 CCDM 20591+3542
20 59 18 +39 25 28 CCDM 20593+3925
20 59 28 +50 12 42 HD 200101
20 59 32 +36 45 49 CCDM 20595+3646
20 59 38 +32 15 42 CCDM 20596+3216
20 59 50 +47 31 15 59 Cyg
20 59 49 +31 26 26 PPM 85850
20 59 55 +40 15 32 HD 200077
20 59 54 +36 12 06 CCDM 20599+3612
21 00 04 +49 10 05 CCDM 21001+4910
21 00 07 +48 40 46 HD 200177
21 00 04 +36 54 55 CCDM 21001+3655
21 00 12 +35 43 27 CCDM 21002+3543
21 00 26 +34 10 42 HD 200121
21 00 35 +54 31 46 HD 235422
21 00 43 +33 53 21 SAO 70784
21 00 42 +28 43 48 ADS 14535
21 00 49 +38 59 44 CCDM 21008+3900
21 01 01 +36 46 03 CCDM 21010+3646
21 01 05 +35 31 40 CCDM 21011+3532
21 01 11 +46 09 21 60 Cyg
21 01 24 +39 47 37 CCDM 21014+3948
21 02 21 +39 30 33 HD 200465
21 02 22 +42 36 04 PPM 60867
21 02 22 +37 39 14 HD 200466
21 02 25 +34 08 35 SAO 70814
21 02 30 +38 43 21 CCDM 21025+3843
21 02 49 +45 50 56 HR 8064
21 02 46 +35 33 33 ADS 14580
21 02 52 +35 53 28 BD +35 04369
21 03 30 +35 51 13 BD +35 04375
21 03 28 +38 24 14 CCDM 21035+3824
21 03 30 +29 05 33 HD 200578
21 03 39 +53 57 50 HD 200803
21 03 52 +41 37 41 HR 8071
21 04 01 +28 40 41 HD 335475
21 04 16 +35 29 42 CCDM 21043+3530
21 04 21 +46 31 05 PPM 60912
21 04 35 +52 23 59 HD 200943
21 04 35 +50 28 14 HD 200926
21 04 35 +36 27 12 CCDM 21046+3627
21 04 35 +33 45 22 SAO 70865
21 04 46 +35 30 39 SAO 70871
21 05 02 +35 59 16 CCDM 21050+3559
21 04 58 +35 25 46 HD 200842
21 05 31 +53 40 06 HD 201113
21 05 44 +32 14 57 PPM 86007
21 05 46 +36 33 04 CCDM 21058+3633
21 05 49 +36 10 23 CCDM 21058+3610
21 05 52 +37 25 46 CCDM 21059+3726
21 05 55 +32 31 30 CCDM 21059+3231
21 06 08 +44 47 34 HD 201115
21 06 03 +37 05 23 CCDM 21060+3705
21 06 14 +53 07 34 HD 235441
21 06 33 +48 23 12 HD 201231
21 06 32 +36 44 31 CCDM 21065+3645
21 06 28 +32 27 11 HD 201093
21 06 47 +34 07 56 HD 201156
21 06 55 +38 44 45 61 Cyg
21 07 01 +41 24 47 PPM 60974
21 07 54 +37 01 14 CCDM 21079+3701
21 08 10 +40 54 36 HD 201432
21 08 09 +36 28 19 CCDM 21082+3628
21 08 33 +36 07 30 CCDM 21086+3608
21 08 43 +37 19 30 CCDM 21087+3720
21 08 39 +30 12 19 V389 Cyg
21 08 53 +48 14 48 SAO 50494
21 09 08 +38 43 45 HD 201561
21 09 05 +38 22 38 CCDM 21091+3823
21 09 55 +44 21 31 SAO 50520
21 09 53 +36 59 10 HD 201653
21 10 01 +43 26 00 BD +42 03988
21 10 05 +36 19 57 CCDM 21101+3620
21 10 14 +43 59 50 HD 201749
21 10 23 +37 05 04 CCDM 21104+3705
21 10 31 +47 41 32 HR 8107
21 10 27 +32 15 28 SAO 71009
21 11 04 +36 19 03 CCDM 21111+3619
21 11 17 +34 19 18 SAO 71036
21 11 31 +41 14 29 HD 201936
21 11 45 +36 20 20 CCDM 21118+3620
21 11 56 +48 38 10 ADS 14744
21 11 55 +32 16 01 CCDM 21119+3216
21 12 30 +38 33 59 HD 202088
21 12 29 +37 19 19 ADS 14747
21 12 55 +37 17 10 CCDM 21129+3717
21 13 01 +36 47 43 CCDM 21130+3648
21 12 57 +36 18 50 CCDM 21130+3619
21 13 10 +32 28 01 CCDM 21132+3228
21 13 25 +36 57 24 CCDM 21134+3657
21 13 34 +35 46 34 CCDM 21136+3547
21 13 55 +38 08 37 CCDM 21139+3809
21 14 19 +41 08 48 HD 202403
21 14 16 +34 01 53 SAO 71106
21 14 20 +34 17 40 HD 202386
21 14 26 +29 05 09 ADS 14776
21 14 37 +38 31 25 CCDM 21146+3831
21 14 41 +37 33 33 CCDM 21147+3734
21 14 45 +35 58 08 CCDM 21147+3558
21 14 45 +32 15 40 CCDM 21147+3216
21 14 47 +38 02 43 Tau Cyg
21 14 52 +36 30 59 CCDM 21149+3631
21 14 58 +36 11 36 CCDM 21150+3612
21 15 05 +37 15 30 CCDM 21151+3715
21 15 10 +36 33 42 CCDM 21152+3634
21 15 16 +32 35 27 BD +32 04102
21 15 26 +39 01 51 CCDM 21154+3902
21 15 30 +46 37 23 SAO 50626
21 15 30 +37 19 19 CCDM 21155+3719
21 15 50 +47 19 20 PPM 61189
21 15 57 +33 39 53 CCDM 21159+3340
21 16 58 +39 05 37 CCDM 21170+3906
21 17 00 +38 10 09 CCDM 21170+3810
21 17 07 +35 46 10 HD 202768
21 17 13 +39 36 29 CCDM 21172+3936
21 17 22 +32 02 31 PPM 86325
21 17 33 +39 50 16 CCDM 21175+3950
21 17 37 +39 44 46 HD 202879
21 17 46 +43 02 02 SAO 50675
21 17 55 +34 53 49 Upsilon Cyg
21 18 03 +38 54 16 CCDM 21180+3854
21 18 17 +42 44 04 SAO 50682
21 18 22 +39 29 58 CCDM 21184+3930
21 18 55 +39 05 26 CCDM 21189+3905
21 19 00 +39 44 57 HD 203112
21 18 58 +39 09 47 HD 203097
21 19 07 +39 44 14 CCDM 21191+3944
21 19 24 +52 19 28 HD 203283
21 19 41 +53 03 29 HD 203320
21 19 41 +33 15 15 HD 203170
21 19 59 +52 58 44 HD 203380
21 20 12 +38 35 52 CCDM 21202+3836
21 20 19 +49 21 09 HD 203416
21 20 37 +42 14 54 SAO 50734
21 20 42 +49 23 04 BD +48 03350
21 20 50 +32 27 08 HIP 105390
21 21 30 +54 33 28 ADS 14910
21 21 33 +40 01 12 CCDM 21216+4001
21 21 33 +32 53 07 PPM 86434
21 21 46 +43 08 38 HD 203578
21 22 09 +37 33 43 CCDM 21222+3734
21 22 26 +52 17 54 HD 203764
21 23 00 +32 01 37 HD 203697
21 23 05 +28 57 18 HIP 105579
21 23 48 +37 21 05 HR 8193
21 24 31 +30 15 17 PPM 86507
21 24 36 +48 00 49 SAO 50808
21 25 09 +37 08 09 CCDM 21252+3708
21 25 09 +31 28 39 SAO 71310
21 25 47 +36 40 03 69 Cyg
21 25 48 +33 28 56 HD 204154
21 26 00 +41 43 33 SAO 50839
21 26 38 +34 13 35 ADS 14985
21 26 48 +37 31 03 HD 204324
21 27 09 +36 27 03 CCDM 21272+3627
21 27 49 +38 34 45 ADS 14995
21 28 01 +43 04 43 HD 204537
21 28 43 +49 52 07 HIP 106038
21 29 06 +44 55 23 HD 204710
21 29 21 +45 12 59 BD +44 03835
21 29 53 +52 56 01 HD 204905
21 30 21 +38 58 47 PPM 86658
21 30 22 +35 03 40 HD 204842
21 31 32 +45 08 38 BD +44 03852
21 31 37 +44 21 33 BD +43 03955
21 31 44 +33 02 36 CCDM 21317+3303
21 31 49 +33 48 56 HIP 106303
21 32 05 +34 12 06 HD 205075
21 32 16 +52 45 01 HD 205236
21 32 40 +39 48 05 BD +39 04586
21 33 09 +37 25 13 CCDM 21331+3725
21 33 21 +30 57 44 PPM 86724
21 33 55 +50 45 04 HD 235542
21 34 05 +32 36 21 CCDM 21341+3236
21 34 25 +47 25 13 BD +46 03368
21 34 37 +43 22 14 SAO 51049
21 34 51 +33 03 56 CCDM 21348+3304
21 35 11 +38 38 48 BD +38 04545
21 35 20 +52 10 10 HD 235553
21 35 39 +51 33 06 BD +50 03374
21 35 46 +34 23 22 SAO 71496
21 35 46 +31 04 06 PPM 86772
21 35 46 +31 00 35 HD 205617
21 36 14 +30 03 20 HR 8261
21 36 59 +50 31 44 HD 205918
21 37 17 +52 44 20 HD 235563
21 37 16 +50 50 20 HD 205951
21 37 52 +37 39 04 BD +37 04374
21 37 59 +48 29 14 HD 206041
21 38 09 +35 13 52 CCDM 21382+3514
21 38 27 +43 17 27 HD 206066
21 38 56 +36 22 53 HD 206112
21 39 07 +33 56 27 HD 206122
21 39 29 +41 43 36 HD 206224
21 39 38 +47 12 03 HD 206268
21 39 36 +36 50 23 CCDM 21396+3650
21 39 56 +49 07 58 HD 206312
21 40 01 +51 33 22 HD 206364
21 40 03 +48 24 25 ADS 15207
21 40 11 +43 16 26 75 Cyg
21 40 15 +38 58 46 CCDM 21403+3859
21 40 39 +54 19 29 RU Cyg
21 40 53 +31 22 21 SAO 71587
21 41 02 +35 04 46 HD 206400
21 41 19 +39 28 26 HD 206462
21 41 24 +49 21 07 SAO 51190
21 41 34 +40 48 18 76 Cyg
21 42 00 +29 22 57 PPM 113437
21 42 06 +53 21 34 HD 235593
21 42 14 +44 34 57 BD +43 04018
21 42 34 +42 26 27 HD 206673
21 43 15 +51 00 12 HD 206844
21 43 16 +38 01 03 RV Cyg
21 43 26 +38 17 01 79 Cyg
21 44 05 +37 56 28 CCDM 21441+3756
21 44 08 +34 52 36 ADS 15272
21 44 09 +28 44 33 HIP 107310
21 44 45 +49 30 46 HD 207020
21 45 22 +39 54 59 CCDM 21454+3955
21 46 55 +32 28 55 CCDM 21469+3229
21 47 23 +34 53 51 ADS 15331
21 48 38 +51 36 24 HD 235629
21 49 08 +42 41 35 PPM 62074
21 49 14 +50 30 54 HD 207661
21 49 24 +30 45 14 HD 207593
21 49 28 +53 49 24 HD 207729
21 50 38 +40 16 53 CCDM 21506+4017
21 51 06 +50 23 21 PPM 39927
21 51 24 +54 17 34 HD 207975
21 51 22 +37 30 32 CCDM 21514+3731
21 51 53 +42 20 38 HD 207966
21 52 52 +39 00 56 CCDM 21529+3901
21 53 20 +53 59 50 HD 208253
21 54 43 +49 16 21 SAO 51428
21 54 50 +45 47 30 HD 208395
21 54 59 +38 42 30 HD 208377
21 55 32 +52 31 41 HD 208546
21 55 48 +37 16 01 SAO 71853
21 57 17 +37 31 06 CCDM 21573+3731
21 57 34 +40 03 26 CCDM 21576+4003
21 58 12 +44 28 25 CCDM 21582+4428
21 58 25 +52 44 29 BD +52 03072
21 58 22 +44 22 47 CCDM 21584+4423
21 58 34 +44 41 32 HD 208940
21 59 24 +45 20 08 CCDM 21594+4520
21 59 36 +52 23 08 HD 235684
22 00 35 +54 10 23 BD +53 02764
22 01 19 +46 21 11 SAO 51561
22 01 18 +45 15 01 SAO 51558
22 01 34 +49 21 09 SAO 51567
22 02 52 +47 17 14 SAO 51592
22 02 57 +44 39 00 HR 8407
