09 26 29 +78 26 16 HD 80388
09 28 21 +77 07 06 SAO 6860
09 30 55 +73 25 29 PPM 7410
09 37 56 +73 04 49 HR 3806
09 46 01 +76 42 39 HD 83746
09 59 05 +80 22 48 HD 85471
10 10 58 +75 08 29 SAO 7063
10 11 14 +76 21 44 HD 87715
10 11 22 +73 02 13 HD 87851
10 34 13 +73 50 04 HD 91114
11 15 12 +73 28 31 HD 97584
11 49 10 +67 19 43 HD 102616
11 50 13 +70 51 05 CCDM 11502+7051
12 00 08 +70 39 05 HD 104202
12 01 38 +70 50 59 HD 104435
12 02 16 +72 21 43 SAO 7488
12 05 34 +68 47 39 HD 105028
12 06 01 +68 41 55 HD 105122
12 07 08 +69 04 35 HD 105287
12 11 58 +68 36 10 HD 106054
12 13 08 +67 04 24 HD 106221
12 16 47 +70 08 46 HD 106831
12 24 20 +63 47 36 HD 108040
12 25 06 +63 48 10 HR 4727
12 32 03 +74 48 42 HD 109213
12 39 57 +74 25 15 HD 110312
12 53 54 +74 39 38 HD 112310
13 13 28 +67 17 17 HD 115136
13 27 05 +64 44 08 HR 5074
13 34 06 +67 46 08 HD 118328
13 44 25 +69 13 12 HD 120032
13 50 59 +68 18 55 HR 5227
14 41 01 +57 57 28 HD 129580
14 42 03 +61 15 43 DL Dra
14 44 04 +61 05 54 HD 130173
14 47 33 +62 09 37 SAO 16498
14 52 37 +59 03 04 HD 238401
14 56 30 +59 22 48 HD 132422
14 59 21 +60 35 05 PPM 19243
15 07 50 +63 07 02 HD 134646
15 11 50 +61 51 25 BV Dra
15 18 43 +53 33 39 HD 136511
15 19 08 +63 07 22 ADS 9593
15 20 05 +60 22 49 HD 136882
15 22 28 +55 16 20 HD 238454
15 23 09 +60 59 37 HD 137470
15 24 56 +58 57 58 Ed Asich
15 26 35 +54 53 56 HD 137972
15 33 51 +63 54 26 TW Dra
15 36 05 +55 31 20 HIP 76385
15 37 07 +60 21 28 SAO 16784
15 38 55 +57 27 42 HD 140064
15 44 55 +59 25 43 HD 141242
15 46 58 +53 37 17 HD 141508
15 47 38 +55 22 36 HR 5887
15 51 10 +52 54 25 HD 142282
15 52 00 +52 33 55 HD 142417
15 53 00 +60 06 52 HD 142738
15 56 31 +57 16 58 HD 238521
16 00 18 +58 56 03 HD 143988
16 00 21 +54 31 21 HD 143914
16 01 59 +60 28 57 HD 144328
16 04 13 +59 22 33 HD 144759
16 04 49 +60 02 41 HD 144903
16 05 28 +69 00 20 PPM 19722
16 05 51 +56 37 08 HD 238528
16 09 03 +57 56 16 HR 6036
16 13 57 +64 20 12 SAO 17002
16 18 36 +51 19 52 HD 234298
16 20 18 +61 29 45 HD 147803
16 20 54 +64 21 46 HD 147995
16 23 59 +61 30 51 Eta Dra
16 28 12 +60 40 49 HD 148977
16 28 32 +56 44 08 HIP 80690
16 28 55 +56 36 16 HD 149007
16 31 37 +57 45 51 HD 149430
16 31 56 +52 59 27 HD 149419
16 32 25 +57 23 23 HD 238574
16 35 42 +67 16 03 SAO 17163
16 36 14 +52 55 28 17 Dra
16 36 39 +69 47 35 HD 150631
16 38 21 +70 20 18 SAO 8579
16 39 04 +60 41 59 WW Dra
16 44 49 +66 46 47 SAO 17208
16 48 36 +55 07 46 HD 152125
16 48 53 +59 30 12 HD 152274
16 55 14 +63 31 42 HD 153397
16 56 25 +65 02 21 20 Dra
16 56 34 +51 26 41 HD 234371
16 56 35 +57 11 17 HD 153495
16 58 48 +71 05 51 SAO 8675
16 59 20 +65 12 35 SAO 17303
17 01 01 +68 05 06 CCDM 17010+6805
17 03 19 +59 35 07 HD 154712
17 03 56 +53 13 53 HD 154650
17 05 20 +54 28 12 Arrakis
17 06 03 +71 02 38 SAO 8709
17 08 17 +50 50 32 HR 6383
17 10 10 +54 29 40 HD 155674
17 11 17 +69 30 10 SAO 17386
17 12 35 +71 07 44 SAO 8737
17 13 06 +54 08 22 HD 156162
17 16 05 +60 42 50 HD 156890
17 19 32 +58 31 45 HD 157410
17 20 00 +72 35 01 HD 158044
17 22 02 +53 51 01 HD 234431
17 26 14 +63 10 49 SAO 17481
17 26 59 +57 17 31 HD 238697
17 28 58 +50 52 12 HIP 85545
17 29 38 +69 52 38 PPM 20398
17 32 16 +55 10 23 Kuma
17 34 59 +61 52 28 26 Dra
17 36 42 +68 22 59 HD 160861
17 37 25 +50 40 07 HD 160469
17 38 38 +55 45 35 HD 160780
17 39 44 +72 55 42 HD 161692
17 39 46 +59 07 30 HD 238737
17 40 18 +63 40 31 HD 161285
17 41 18 +69 47 58 PPM 20527
17 41 18 +61 36 21 HD 161399
17 41 56 +72 08 56 Dsiban
17 42 25 +65 00 59 PPM 20541
17 45 10 +51 56 56 HD 161865
17 45 37 +59 14 24 ADS 10797
17 46 10 +76 28 56 SAO 8923
17 47 57 +57 06 40 HD 238759
17 51 22 +59 38 24 HD 238770
17 52 17 +64 14 16 BD +64 01227
17 52 46 +67 00 13 PPM 20621
17 52 40 +60 30 13 CCDM 17527+6030
17 55 12 +67 28 40 SAO 17691
17 56 20 +62 36 36 HD 164330
17 56 23 +58 13 06 T Dra
17 58 05 +52 13 06 HD 164394
17 59 14 +64 08 33 HD 164984
17 59 59 +53 16 16 HD 234533
18 00 09 +80 00 15 41 Dra
18 00 19 +52 51 16 HD 164874
18 00 43 +54 52 38 HD 234538
18 01 23 +65 56 55 HD 165522
18 01 27 +84 36 00 SAO 2995
18 02 51 +75 47 25 HD 166655
18 02 53 +56 25 41 SAO 30715
18 04 34 +50 52 48 HD 234551
18 05 20 +81 29 08 HD 168518
18 07 06 +62 27 59 ADS 11101
18 09 19 +59 45 03 HD 238823
18 11 06 +53 29 38 HD 234577
18 11 15 +69 15 00 HD 167855
18 11 33 +53 29 09 HD 234579
18 11 58 +51 10 09 HD 234580
18 14 12 +64 45 08 HD 168267
18 14 41 +56 35 18 HR 6849
18 16 13 +51 19 51 PPM 36490
18 17 13 +51 02 45 SAO 30868
18 18 14 +60 49 53 ADS 11263
18 19 37 +76 36 16 HD 170340
18 19 40 +67 42 13 ADS 11288
18 23 45 +51 38 57 HIP 90141
18 23 55 +58 48 03 39 Dra
18 25 52 +60 28 45 HD 170508
18 28 43 +65 06 15 PPM 20938
18 31 15 +65 26 10 HR 6979
18 31 19 +62 32 17 HD 171549
18 32 54 +63 42 33 HIP 90928
18 33 45 +64 14 29 ADS 11481
18 33 57 +52 21 13 HR 6983
18 33 59 +50 58 18 HD 234676
18 35 09 +63 41 47 HD 172323
18 36 13 +82 24 02 SAO 3090
18 37 32 +64 04 43 ADS 11521
18 38 24 +63 31 58 HD 172923
18 38 24 +60 42 40 HD 172825
18 38 43 +52 43 28 HD 234686
18 38 51 +52 20 38 HIP 91436
18 42 38 +55 32 22 46 Dra
18 42 47 +59 37 49 Struve 2398
18 45 36 +64 04 03 SAO 18008
18 46 57 +59 19 52 HD 174455
18 49 21 +65 27 38 ADS 11759
18 51 12 +59 23 18 Omicron Dra
18 51 23 +65 13 39 SAO 18050
18 52 09 +51 19 43 HD 175308
18 53 33 +75 47 15 HIP 92717
18 55 02 +61 42 43 SAO 18068
18 55 46 +52 40 16 HD 234755
18 56 55 +56 44 58 HD 176409
18 57 17 +62 23 48 HR 7191
18 58 47 +53 07 00 HD 234767
19 02 07 +52 15 40 HR 7229
19 02 58 +51 35 22 HD 234786
19 03 36 +56 14 41 ADS 12012
19 03 40 +57 27 25 BH Dra
19 14 20 +67 54 29 HD 181179
19 14 59 +63 53 53 SAO 18239
19 15 08 +83 27 46 HR 7425
19 16 51 +67 41 33 HD 181798
19 16 53 +63 12 27 HD 181566
19 16 52 +61 59 53 HD 181520
19 19 46 +64 23 27 HR 7361
19 21 09 +64 32 26 ADS 12373
19 21 12 +55 49 22 HD 182334
19 26 20 +66 57 45 SAO 18345
19 26 59 +73 21 59 HIP 95625
19 29 30 +78 15 56 HD 185497
19 30 02 +66 30 23 HD 184481
19 30 50 +81 25 23 SAO 3246
19 31 12 +63 18 53 HD 184563
19 33 10 +60 09 31 HR 7448
19 33 58 +60 16 35 HD 185081
19 34 15 +62 49 38 SAO 18406
19 36 09 +67 54 51 PPM 21632
19 36 30 +65 02 53 HD 185800
19 37 00 +63 49 48 HD 185855
19 38 45 +64 55 57 SAO 18451
19 39 16 +72 19 40 SAO 9491
19 40 13 +60 30 26 HR 7500
19 41 52 +67 32 31 HD 186813
19 42 52 +81 25 42 SAO 3278
19 43 20 +69 29 21 HD 187177
19 47 53 +61 12 55 SAO 18535
19 48 10 +70 16 05 Epsilon Dra
19 51 03 +75 24 10 HD 189126
19 52 48 +64 10 34 HD 188772
19 54 37 +64 08 05 SAO 18591
19 56 05 +79 27 07 HD 190712
19 56 42 +59 58 53 HD 239263
19 59 37 +76 28 53 69 Dra
20 01 34 +70 27 16 HD 190833
20 02 20 +64 38 04 65 Dra
20 04 45 +63 53 25 HR 7695
20 05 13 +63 45 42 HD 191276
20 05 35 +63 42 19 HD 191310
20 07 00 +66 18 29 HD 191700
20 11 55 +64 30 32 HD 192618
20 14 26 +80 31 55 HD 194375
20 16 32 +81 08 47 HD 194860
20 22 54 +64 10 59 HD 194613
20 28 14 +81 25 22 75 Dra
20 28 12 +73 33 23 SAO 9781
20 28 27 +70 15 16 ADS 13925
20 29 27 +81 05 29 74 Dra
