01 26 08 -56 50 17 HD 8860
01 31 35 -53 22 10 HD 9438
01 38 49 -53 26 20 HR 479
01 39 47 -56 11 47 HIP 7751
01 43 01 -54 14 06 HD 10692
01 46 03 -56 57 32 HD 10950
01 47 11 -56 26 56 HD 11067
01 55 57 -51 36 32 Chi Eri
01 57 30 -52 11 58 HD 12108
01 58 51 -56 52 11 HD 12287
02 04 44 -50 28 10 HD 12878
02 09 07 -52 14 45 HD 13367
02 09 42 -51 58 08 HD 13425
02 11 29 -49 19 53 HD 13618
02 16 31 -51 30 44 Phi Eri
02 16 35 -49 34 17 HD 14227
02 21 34 -48 18 44 HD 14792
02 34 24 -42 58 33 HD 16169
02 35 06 -42 30 07 CCDM 2351-4230
02 35 58 -48 25 23 HD 16373
02 38 14 -40 01 34 HD 16571
02 39 37 -39 58 08 SAO 215993
02 43 20 -40 31 40 HIP 12708
02 45 38 -41 13 57 HD 17343
02 46 59 -09 52 03 HD 17386
02 47 08 -01 41 47 PPM 175191
02 47 09 -15 22 38 HD 17405
02 49 20 -10 33 02 HIP 13168
02 49 47 -20 14 46 HD 17700
02 50 21 -04 59 11 HD 17699
02 50 26 -48 06 25 HD 17866
02 50 51 -45 14 24 HIP 13273
02 51 11 -21 25 27 HD 17827
02 57 51 -18 26 08 HD 18499
02 58 02 -15 50 18 HD 18498
02 58 24 -01 34 52 HD 18497
02 58 16 -40 18 17 Acamar
02 59 37 -09 25 00 HD 18646
03 02 42 -07 41 08 Rho 2 Eri
03 03 02 -02 05 11 HD 18975
03 05 16 -08 56 41 HD 19220
03 06 04 -13 26 06 HD 19313
03 06 42 -13 19 08 HD 19383
03 08 09 -42 30 49 HIP 14573
03 08 17 -12 35 35 HD 19544
03 10 52 -11 07 30 HD 19810
03 12 26 -44 25 11 HR 968
03 12 44 -02 54 26 HD 19996
03 13 53 -14 29 00 ADS 2420
03 16 48 -22 04 20 HD 20461
03 17 10 -23 01 36 HD 20503
03 18 41 -18 33 35 HR 997
03 19 31 -21 45 28 Tau 4 Eri
03 20 03 -45 14 23 HD 20861
03 22 08 -41 31 25 HD 21035
03 23 16 -11 20 49 HD 21020
03 23 22 -10 14 37 HD 21040
03 23 35 -40 04 35 HD 21175
03 24 25 -13 59 35 HIP 15869
03 25 17 -45 02 40 HD 21386
03 28 14 -43 39 10 HD 21682
03 29 59 -11 08 48 HD 21735
03 32 15 -07 05 24 HD 21978
03 32 56 -09 27 30 Epsilon Eri
03 33 16 -10 03 36 HD 22096
03 33 30 -02 32 35 HD 22094
03 33 35 -19 04 00 HD 22163
03 36 04 -03 20 05 HD 22393
03 37 44 -20 28 03 HD 22631
03 37 55 -07 39 03 HD 22590
03 39 16 -22 19 21 HD 22822
03 39 45 -40 21 08 HD 22986
03 40 28 -22 54 59 HD 22971
03 40 52 -12 36 57 HD 22968
03 41 10 -05 17 16 HD 22980
03 42 04 -17 08 45 HD 23121
03 44 06 -40 39 37 HR 1157
03 44 43 -10 46 36 HD 23416
03 45 42 -13 19 59 HD 23558
03 45 43 -40 10 32 HD 23717
03 46 23 -08 10 06 HIP 17612
03 46 29 -16 30 51 CCDM 3465-1631
03 48 36 -37 37 13 HR 1190
03 50 16 -01 31 21 HD 24098
03 50 52 -00 09 53 HD 24170
03 51 06 -15 14 08 HD 24256
03 51 12 -18 54 38 HD 24280
03 51 25 -27 28 53 HD 24348
03 51 43 -22 55 54 HD 24359
03 52 09 -01 08 56 HD 24325
03 52 37 -08 29 30 HD 24402
03 52 42 -05 21 41 30 Eri
03 53 08 -01 50 15 HD 24435
03 53 12 -01 59 52 HD 24445
03 54 18 -02 57 17 32 Eri
03 54 32 -12 43 19 HD 24624
03 56 13 -06 56 40 HD 24781
03 57 29 -01 09 34 HD 24916
03 58 38 -02 39 05 HD 25040
04 00 36 -37 06 47 HD 25387
04 00 55 -10 26 59 HD 25298
04 02 03 -34 28 56 HD 25535
04 02 23 -07 00 18 HIP 18840
04 03 06 -11 49 22 HD 25561
04 03 03 -15 08 45 HD 25573
04 04 32 -32 28 42 HD 25858
04 04 53 -35 50 21 HD 25927
04 06 46 -32 27 23 HD 26121
04 07 04 -28 48 40 HD 26134
04 08 39 -02 41 15 HD 26215
04 09 28 -17 28 44 HD 26360
04 09 40 -16 53 08 SAO 149418
04 11 05 -18 25 36 HD 26529
04 11 56 -08 50 14 HD 26584
04 11 57 -33 46 04 HD 26698
04 12 32 -30 09 50 SAO 194828
04 12 31 -36 09 09 HD 26758
04 13 01 -28 32 26 HIP 19684
04 13 19 -09 28 15 HD 26723
04 14 11 -16 32 55 HD 26850
04 14 24 -10 15 22 39 Eri
04 15 06 -30 04 19 HD 27016
04 15 16 -07 39 10 Keid
04 16 03 -21 39 40 HD 27094
04 18 27 -23 47 29 SAO 169322
04 18 45 -02 41 49 HD 27340
04 18 53 -26 44 01 HD 27438
04 19 03 -07 25 23 HD 27388
04 19 03 -33 54 17 HR 1359
04 20 44 -14 13 18 SAO 149560
04 21 29 -20 54 54 HD 27701
04 21 31 -25 43 43 HR 1374
04 22 04 -09 57 06 HD 27708
04 22 10 -04 40 37 HIP 20407
04 23 09 -01 16 48 HD 27792
04 23 15 -05 00 21 HD 27810
04 23 40 -24 07 43 SAO 169400
04 24 36 -04 52 20 HD 27955
04 24 42 -08 45 12 HIP 20598
04 24 56 -34 45 27 HR 1398
04 25 40 -01 24 39 HD 28053
04 26 12 -34 42 11 HD 28275
04 27 55 -21 30 15 HD 28396
04 28 35 -29 45 25 HD 28508
04 28 54 -25 11 42 HIP 20909
04 29 42 -03 34 41 SAO 131246
04 29 43 -29 01 47 HD 28639
04 30 42 -16 27 11 HD 28680
04 31 26 -13 38 39 HR 1438
04 31 35 -35 54 20 HD 28884
04 31 57 -08 50 57 SAO 131273
04 32 38 -03 12 34 DZ Eri
04 33 06 -12 08 11 HD 28934
04 33 16 -21 08 07 HD 28995
04 33 55 -06 44 20 46 Eri
04 34 21 -00 45 01 PPM 175571
04 34 55 -25 02 20 HD 29198
04 35 14 -09 44 11 HR 1460
04 35 18 -00 28 44 PPM 175580
04 36 02 -03 36 42 HR 1462
04 36 54 -14 55 32 HIP 21488
04 38 00 -13 01 44 HD 29482
04 39 37 -21 14 51 HD 29674
04 43 16 -09 37 05 HD 29980
04 43 35 -08 47 40 55 Eri
04 45 51 -11 56 58 SAO 149867
04 46 35 -22 46 46 HD 30421
04 46 51 -21 41 16 HD 30430
04 47 14 -17 14 54 HD 30460
04 47 47 -20 48 35 HD 30537
04 48 33 -11 45 08 HD 30600
04 48 36 -20 25 47 HD 30627
04 53 50 -26 25 44 HD 31341
04 54 22 -09 19 48 CCDM 4544-0920
04 55 16 -03 51 55 HD 31375
04 56 24 -05 10 17 62 Eri
04 57 19 -05 45 01 SAO 131627
04 57 38 -05 44 55 HD 31682
05 00 41 -13 30 13 HD 32179
05 03 02 -08 39 47 HD 32468
05 06 46 -04 39 19 66 Eri
05 07 51 -05 05 11 Cursa
05 08 20 -08 39 55 HR 1671
05 09 55 -09 06 18 HD 33432
05 10 02 -07 04 18 HD 33449
