06 03 26 +27 38 31 HD 40959
06 04 01 +27 34 13 HD 41056
06 04 19 +22 10 01 HD 251014
06 09 16 +24 25 40 HD 41996
06 09 39 +24 03 22 CCDM 6096+2403
06 11 05 +24 52 56 HD 42332
06 12 50 +24 25 35 HD 42636
06 14 09 +23 59 11 HD 42871
06 14 53 +22 30 24 Propus
06 16 28 +23 18 51 ADS 4877
06 17 26 +22 25 37 HD 254477
06 17 48 +26 11 57 HD 254518
06 18 07 +21 50 34 HD 254657
06 19 23 +23 16 29 HD 43836
06 19 45 +21 28 27 HD 43928
06 19 47 +22 18 19 HD 255093
06 19 45 +22 06 39 HD 43907
06 19 52 +25 00 50 HD 43906
06 20 36 +25 11 20 HD 44050
06 20 34 +18 02 57 HD 44073
06 21 14 +21 07 57 HD 44171
06 21 54 +27 31 25 HD 255627
06 22 02 +22 01 48 CCDM 6220+2202
06 22 26 +26 40 08 HD 44328
06 22 23 +21 58 51 HD 44370
06 22 50 +17 34 27 HD 44496
06 22 58 +22 30 49 Mu Gem
06 23 30 +27 07 05 HD 44541
06 23 29 +23 02 22 ADS 4999
06 26 28 +20 10 35 BD +20 01419
06 26 38 +15 31 25 HD 45180
06 27 30 +24 31 58 HD 45276
06 27 47 +20 47 22 HD 45352
06 27 55 +15 41 41 HD 45430
06 28 00 +24 15 18 HD 257517
06 28 29 +13 53 52 HD 257905
06 28 58 +20 12 44 Nu Gem
06 30 01 +17 54 24 HD 45757
06 30 31 +13 47 48 HD 258549
06 31 09 +21 43 06 HD 45900
06 31 10 +16 56 19 HR 2366
06 31 18 +15 44 15 HD 45994
06 32 19 +17 47 04 HD 46136
06 32 21 +15 42 22 HD 46148
06 32 22 +13 11 48 HD 46163
06 33 10 +25 16 51 HD 46220
06 34 07 +22 07 27 HD 46401
06 34 22 +14 45 08 HIP 31345
06 36 04 +13 41 39 HD 46825
06 36 17 +26 41 06 BD +26 01291
06 37 34 +12 10 50 HD 47127
06 37 41 +23 38 55 HD 260686
06 37 43 +16 23 58 Alhena
06 37 47 +23 10 37 HD 260717
06 38 19 +24 27 02 HD 47176
06 38 21 +14 46 29 HD 261047
06 38 54 +27 48 16 HD 47256
06 39 58 +16 21 40 HD 261517
06 40 35 +17 38 26 HD 47681
06 41 21 +28 11 48 25 Gem
06 41 26 +23 36 00 HD 261831
06 42 08 +24 41 21 CCDM 6421+2441
06 42 11 +14 51 22 HD 262229
06 43 56 +25 07 52 Mebsuta
06 44 20 +28 22 08 HD 262665
06 44 38 +23 26 50 HD 48471
06 45 02 +30 05 40 HD 262880
06 44 57 +13 45 38 SAO 96066
06 45 10 +30 49 33 HD 48510
06 45 24 +24 40 21 HD 48640
06 46 58 +19 33 36 HD 263635
06 47 42 +23 42 58 ADS 5449
06 48 11 +26 42 23 HD 49141
06 51 22 +18 40 00 HD 49885
06 51 45 +32 44 59 CCDM 6518+3245
06 52 45 +24 58 06 HD 50106
06 52 34 +12 12 06 HD 265452
06 53 06 +28 42 41 HD 265379
06 53 41 +23 32 34 HD 265675
06 54 21 +21 09 41 HD 50482
06 54 26 +18 17 08 CCDM 6544+1817
06 54 31 +23 21 12 CCDM 6545+2321
06 54 39 +13 10 40 38 Gem
06 54 40 +13 49 19 HD 266089
06 55 28 +30 09 43 HD 50662
06 56 04 +20 05 04 PPM 96759
06 56 17 +32 26 41 HD 50841
06 56 34 +28 57 58 HD 266479
06 57 01 +24 57 28 HD 51127
06 58 07 +14 13 43 HD 51502
06 59 11 +18 43 13 HD 267347
06 59 21 +25 14 00 HD 51690
06 59 50 +15 56 28 HD 51911
07 00 13 +27 45 05 HD 267497
07 00 37 +12 43 24 HD 52155
07 00 45 +31 56 22 HD 267598
07 02 18 +12 34 54 HD 52586
07 02 27 +28 55 31 CCDM 7024+2856
07 02 59 +24 27 26 HD 268265
07 03 04 +12 33 54 HD 268393
07 04 07 +20 34 13 Mekbuda
07 04 54 +28 07 01 HD 268551
07 05 45 +26 08 26 SAO 79046
07 06 05 +19 03 13 HD 53506
07 06 12 +24 51 37 HD 53472
07 06 29 +15 48 20 ADS 5784
07 07 10 +16 50 22 HD 53818
07 07 39 +32 29 59 CCDM 7076+3230
07 08 00 +15 31 43 HD 54046
07 08 32 +24 59 27 SAO 79098
07 08 47 +16 54 32 HD 54244
07 09 35 +25 43 43 HD 54371
07 10 24 +30 21 32 HD 54535
07 10 38 +15 43 19 ADS 5841
07 11 08 +30 14 43 Tau Gem
07 11 15 +33 43 50 CCDM 7113+3344
07 12 01 +22 16 44 HD 55005
07 12 48 +15 10 42 HD 55283
07 13 06 +14 33 01 HD 55359
07 13 22 +16 09 32 51 Gem
07 13 53 +25 00 41 HD 55458
07 14 20 +15 45 33 HD 55625
07 14 27 +24 42 40 HR 2722
07 15 03 +26 00 17 HD 55705
07 15 20 +32 08 45 CCDM 7153+3209
07 15 34 +21 58 01 HD 55847
07 15 56 +31 31 29 CCDM 7159+3131
07 16 10 +14 38 10 HD 56078
07 16 49 +24 32 11 HD 56152
07 18 05 +34 57 07 HD 56327
07 18 06 +16 32 26 Lambda Gem
07 19 49 +13 22 23 HD 56988
07 20 07 +21 58 56 Wasat
07 20 46 +31 27 33 SAO 59990
07 21 22 +34 01 36 HD 57158
07 21 33 +25 13 54 HD 57289
07 24 09 +21 27 28 HD 57900
07 24 49 +26 37 39 SAO 79369
07 25 35 +20 29 43 HD 58246
07 26 02 +14 06 11 HD 58383
07 26 12 +14 50 25 HD 58430
07 26 27 +18 31 01 HD 58453
07 27 26 +15 18 59 HD 58729
07 27 41 +22 08 30 HD 58712
07 27 44 +21 26 44 63 Gem
07 28 41 +24 38 55 HD 58919
07 29 07 +31 47 04 Rho Gem
07 29 13 +14 21 30 HD 59150
07 30 26 +13 51 54 HD 59432
07 30 30 +25 46 37 PPM 97588
07 30 56 +24 40 46 CCDM 7309+2441
07 30 55 +30 34 26 HD 59372
07 30 59 +25 09 58 BD +25 01691
07 31 11 +18 58 51 HD 59536
07 31 21 +16 18 39 HD 59601
07 32 51 +22 53 16 HR 2879
07 33 15 +32 51 43 HD 59848
07 34 25 +33 07 21 HD 60106
07 34 32 +12 18 17 HD 60355
07 34 36 +31 53 18 Castor
07 34 44 +20 10 17 PPM 97699
07 34 59 +24 15 56 HD 60336
07 35 09 +30 57 40 HR 2896
07 36 00 +34 19 41 HIP 36974
07 38 12 +17 51 17 CCDM 7382+1751
07 38 30 +33 42 42 HD 60987
07 38 33 +35 02 55 70 Gem
07 40 58 +21 47 48 HD 61604
07 41 26 +23 11 40 PPM 97843
07 41 32 +33 24 35 HD 61629
07 41 43 +18 03 12 HD 61787
07 43 19 +28 53 01 Sigma Gem
07 44 27 +24 23 53 Kappa Gem
07 44 27 +31 10 13 CCDM 7445+3110
07 45 07 +30 14 04 PPM 73082
07 45 19 +28 01 35 Pollux
07 45 53 +26 43 32 HD 62615
07 46 16 +13 43 43 HD 62786
07 47 30 +33 24 57 Pi Gem
07 48 23 +18 20 12 HD 63210
07 48 23 +13 25 06 HD 63240
07 48 29 +28 45 51 HD 63138
07 48 47 +28 55 08 SAO 79706
07 48 47 +14 36 23 CCDM 7488+1436
07 49 01 +28 34 26 HD 63238
07 50 20 +24 31 57 SAO 79735
07 50 37 +20 00 33 PPM 98029
07 51 02 +33 14 01 HR 3040
07 51 00 +31 36 49 HD 63610
07 51 22 +26 36 59 CCDM 7513+2637
07 51 54 +22 15 26 SAO 79756
07 52 29 +33 56 40 CCDM 7525+3357
07 52 41 +20 02 38 SAO 79764
07 53 03 +31 38 03 PPM 73207
07 53 24 +20 50 13 SAO 79776
07 54 03 +14 56 54 HD 64352
07 54 14 +27 53 02 SAO 79780
07 54 54 +19 14 11 HD 64468
07 55 27 +29 09 31 HD 64510
07 56 02 +24 39 57 HD 64682
07 56 31 +21 52 29 HD 64813
08 02 44 +32 11 09 HD 65991
08 03 31 +27 47 41 Chi Gem
08 05 06 +28 27 23 PPM 98317
08 06 48 +33 02 38 SAO 60568
