08 13 28 -01 22 24 CCDM 8135-0122
08 13 40 +04 07 16 SAO 116496
08 14 54 -00 00 51 PPM 177359
08 15 32 +02 01 54 HD 69095
08 15 49 +02 48 05 HD 69178
08 16 26 -03 13 34 HD 69351
08 16 48 -09 00 52 HD 69460
08 20 53 +05 20 05 PPM 154311
08 21 36 -11 18 21 CCDM 8216-1118
08 22 08 -06 49 29 HD 70497
08 22 10 +01 44 14 CCDM 8222+0144
08 22 10 -03 48 38 CCDM 8222-0349
08 24 33 -01 08 54 HD 70923
08 25 31 -02 06 47 HD 71116
08 25 47 +05 57 07 PPM 154451
08 25 46 -00 24 42 HD 71137
08 26 11 +04 30 10 HD 71209
08 26 27 -03 59 15 2 Hya
08 30 38 -02 47 24 CCDM 8306-0247
08 30 49 -00 47 03 HD 72054
08 31 15 -02 12 00 PPM 177476
08 32 22 -00 56 17 HD 72362
08 32 56 -09 32 56 PPM 191445
08 33 41 -01 44 04 CCDM 8337-0144
08 33 48 -14 23 47 HD 72684
08 33 54 +01 35 08 HIP 42017
08 35 59 -00 06 34 CCDM 8360-0007
08 37 39 +05 42 14 Delta Hya
08 37 50 -06 48 25 HD 73350
08 39 13 +00 30 18 PPM 154804
08 39 23 -00 16 32 PPM 177540
08 39 44 +05 45 51 HD 73668
08 40 44 -11 55 38 HD 73940
08 40 41 -12 10 09 HD 73941
08 42 16 -08 23 58 HD 74188
08 42 31 -08 29 55 HD 74217
08 43 40 -07 14 01 HR 3459
08 43 50 -17 01 14 HD 74492
08 45 21 -02 36 04 HIP 42951
08 45 46 -12 39 49 HD 74798
08 45 57 -06 43 01 HD 74797
08 46 07 -11 00 23 HR 3480
08 46 20 +00 38 49 HD 74831
08 46 47 +06 25 08 Epsilon Hya
08 47 37 +00 01 04 SAO 117128
08 47 59 +03 07 40 SAO 117134
08 48 12 +02 34 48 HD 75121
08 48 18 +00 33 18 HD 75138
08 48 30 -18 02 35 HD 75283
08 49 03 -05 14 23 HD 75282
08 49 03 -12 44 07 HD 75340
08 49 05 -13 24 32 HD 75342
08 50 26 -00 02 02 SAO 117185
08 50 25 -04 11 51 HD 75529
08 50 30 +03 32 34 SAO 117186
08 51 01 +02 54 48 PPM 155089
08 51 34 -07 10 38 15 Hya
08 51 45 -06 47 03 HD 75770
08 52 03 +04 27 58 HD 75768
08 53 27 +05 12 47 HD 75977
08 53 46 -00 34 41 HD 76051
08 54 37 +01 27 00 SAO 117254
08 54 55 -07 49 07 HD 76274
08 55 12 -18 14 28 HR 3554
08 55 17 -11 22 18 HD 76352
08 55 30 -07 58 15 17 Hya
08 56 38 -13 42 55 HD 76578
08 56 50 -17 26 00 HIP 43920
08 57 51 -18 53 21 HD 76784
08 59 52 -01 34 40 HD 77040
09 00 21 +03 31 49 HD 77081
09 00 46 -09 11 29 HD 77196
09 01 13 +02 44 43 HD 77213
09 03 10 -17 39 39 HD 77608
09 03 37 -02 24 31 HD 77625
09 04 59 -03 59 15 HIP 44584
09 05 34 +01 02 35 PPM 155413
09 06 38 +02 49 06 HD 78126
09 07 53 -07 08 21 HD 78391
09 08 42 -08 35 21 19 Hya
09 09 09 -01 35 16 HD 78610
09 09 23 -15 35 20 HD 78733
09 09 31 +02 56 29 HD 78637
09 10 10 -16 51 45 HD 78891
09 11 29 +00 17 29 HD 79011
09 11 47 -16 48 45 HD 79132
09 12 21 -07 08 52 CCDM 9124-0709
09 14 19 -08 16 34 HD 79502
09 14 22 +02 18 51 Theta Hya
09 14 51 +04 12 38 HD 79556
09 14 53 -08 45 29 HD 79597
09 15 02 -20 07 13 HD 79709
09 15 19 +05 30 56 SAO 117539
09 15 43 -01 14 30 HD 79728
09 16 04 -08 21 01 HD 79825
09 16 19 -23 07 48 HD 79934
09 16 40 +00 43 45 HD 79873
09 16 42 -06 21 11 23 Hya
09 17 33 +00 33 18 HD 80046
09 18 05 -01 22 17 HD 80150
09 18 13 -00 36 28 HD 80164
09 18 25 -20 22 16 HD 80316
09 18 46 -10 24 48 HD 80314
09 19 08 -20 26 10 HD 80428
09 19 33 -15 50 05 HR 3704
09 19 58 +04 59 59 HD 80462
09 20 15 -01 36 15 CCDM 9202-0136
09 20 16 -23 28 47 HD 80618
09 20 22 +04 08 34 CCDM 9204+0409
09 20 29 -09 33 20 27 Hya
09 20 39 -07 41 56 HD 80615
09 22 32 -08 27 53 HD 80941
09 22 29 -17 53 37 HD 80971
09 22 57 -15 29 45 HD 81043
09 23 16 +03 30 05 HD 81029
09 23 48 -23 39 32 HIP 46078
09 24 29 +06 21 00 HIP 46134
09 27 08 -17 15 56 HD 81748
09 27 17 +06 13 58 HIP 46367
09 27 35 -08 39 31 Alphard
09 28 20 -08 05 18 HD 81901
09 28 21 -09 59 13 HD 81902
09 29 02 -01 15 25 HR 3758
09 29 09 -02 46 08 Tau 1 Hya
09 29 16 +03 05 44 HD 81979
09 29 41 +04 33 11 HD 82054
09 30 57 -15 44 20 HD 82339
09 31 31 +01 27 55 HD 82355
09 32 12 -10 50 37 HD 82508
09 32 55 -14 00 02 HD 82661
09 32 54 +04 15 05 HD 82571
09 34 44 -12 36 26 HD 82944
09 35 25 +03 54 19 HD 82994
09 35 34 -19 35 00 HR 3822
09 36 11 -17 14 59 HD 83164
09 40 02 -17 09 52 HD 83713
09 40 46 +01 01 29 HIP 47480
09 41 17 -23 35 29 HR 3858
09 41 30 -18 28 59 HD 83973
09 45 21 -20 20 25 HD 84517
09 49 42 -12 16 48 HD 85164
09 53 33 -19 29 06 HIP 48507
09 53 50 -22 31 50 HD 85800
09 54 35 -12 57 05 HD 85883
09 55 06 -26 32 20 HD 85994
09 56 47 -26 32 59 HR 3931
09 59 34 -14 57 21 HD 86650
10 01 16 -22 45 54 HD 86916
10 02 12 -19 46 00 HD 87052
10 04 03 -18 06 05 HR 3963
10 06 39 -19 18 39 HD 87743
10 06 40 -23 08 22 HIP 49521
10 06 50 -24 42 56 HIP 49533
10 08 21 -19 45 19 HD 87998
10 12 17 -16 05 11 HD 88536
10 16 46 -20 40 11 HR 4040
10 20 38 -16 43 04 HD 89676
10 20 37 -16 21 03 HD 89675
10 20 33 -23 38 26 SAO 178706
10 21 36 -22 31 43 HR 4073
10 23 18 -13 22 38 HD 90045
10 23 33 -29 34 17 HD 90097
10 32 00 -20 20 58 HD 91279
10 32 27 -12 02 58 CCDM 10324-1203
10 32 49 -13 07 05 HD 91378
10 33 12 -11 47 23 HD 91413
10 33 22 -12 27 42 HD 91443
10 33 51 -17 49 35 HD 91528
10 34 05 -11 48 30 BD -11 02910
10 34 36 -12 57 32 SAO 156072
10 34 42 -22 12 12 HD 91660
10 35 22 -12 51 33 HD 91728
10 35 39 -13 00 01 HD 91773
10 36 05 -26 40 32 HR 4157
10 36 32 -12 13 48 HR 4158
10 36 50 -13 32 17 HD 91952
10 37 27 -12 23 38 HD 92034
10 37 34 -19 21 22 HD 92070
10 37 56 -12 56 39 HD 92115
10 39 09 -17 34 35 HD 92296
10 39 10 -12 00 52 BD -11 02927
10 40 10 -16 22 21 HD 92440
10 41 48 -14 42 31 HD 92677
10 47 36 -15 37 36 HD 93527
10 47 38 -15 15 43 HR 4218
10 48 04 -14 57 38 HD 93588
10 48 13 -14 38 02 HD 93615
10 51 37 -21 15 00 V Hya
10 53 30 -20 08 19 HR 4251
10 55 05 -30 59 34 HD 94640
10 55 21 -31 17 09 HD 94676
10 56 05 -21 07 40 HD 94749
10 57 50 -35 38 28 HD 95041
10 58 14 -31 33 49 HD 95078
10 59 14 -33 44 15 HR 4282
10 59 37 -31 21 35 SAO 201987
11 02 24 -26 49 53 HR 4302
11 03 17 -27 31 05 HD 95855
11 09 59 -29 36 01 HD 97021
11 16 40 -30 06 51 SAO 179725
11 18 46 -31 21 25 HD 98380
11 21 09 -35 31 26 HD 98703
11 23 45 -28 30 25 HD 99043
11 27 16 -32 41 45 SAO 202456
11 28 09 -31 14 11 HD 99727
11 31 36 -33 37 50 HD 100189
11 32 16 -29 15 40 HD 100287
11 33 00 -31 51 27 Xi Hya
11 36 35 -33 34 12 HR 4469
11 39 57 -33 27 00 HD 101387
11 41 44 -32 29 58 HR 4503
11 45 31 -30 29 54 HD 102183
11 56 44 -32 16 03 HD 103743
11 58 54 -25 54 32 HR 4579
12 05 06 -35 01 47 SAO 203110
12 05 56 -27 17 24 HD 105077
12 06 05 -32 57 40 HD 105113
12 10 03 -34 42 17 HR 4628
12 10 38 -32 53 56 SAO 203198
12 13 37 -33 47 35 HR 4651
12 19 00 -33 17 32 HD 107106
12 22 37 -33 33 39 HIP 60362
12 25 24 -31 07 50 HD 108111
12 25 40 -28 25 07 HD 108164
12 36 00 -33 06 31 HD 109572
12 39 20 -30 47 29 HD 110001
12 43 27 -25 14 27 HD 110590
12 48 11 -24 48 24 HD 111261
12 50 47 -29 44 18 SAO 181149
12 53 53 -29 18 29 HD 112052
12 54 16 -27 57 34 HD 112086
12 56 24 -30 07 24 SAO 181241
13 00 14 -23 54 52 HD 112890
13 00 20 -27 07 39 HD 112904
13 02 46 -26 31 20 SAO 181338
13 12 59 -29 06 00 HIP 64480
13 14 43 -27 51 37 HD 115024
13 18 55 -23 10 17 Gamma Hya
13 19 01 -26 37 46 HD 115684
13 22 32 -22 57 10 HD 116219
13 24 51 -28 15 35 HD 116570
13 26 16 -23 14 29 HD 116769
13 26 40 -24 17 36 HD 116858
13 32 06 -22 58 08 HD 117640
13 34 57 -29 55 24 HD 118072
13 36 48 -26 29 43 HD 118349
13 40 47 -28 14 31 HD 118959
13 41 31 -23 27 00 HR 5146
13 43 17 -24 58 19 HD 119375
13 45 40 -25 17 37 HD 119774
13 49 02 -28 22 03 W Hya
13 49 54 -28 11 13 HD 120426
13 50 44 -29 52 27 HD 120546
13 55 58 -25 31 51 HD 121468
14 05 25 -23 09 54 HD 122960
14 12 04 -28 53 24 HD 124090
14 14 30 -29 14 21 HD 124464
14 17 34 -27 49 44 HD 125028
14 18 12 -27 31 17 HD 125131
14 19 01 -25 48 56 HR 5356
14 28 10 -29 29 30 52 Hya
14 29 50 -25 32 35 HD 127037
14 37 29 -29 40 58 HD 128407
14 39 41 -26 43 25 HD 128787
14 40 24 -26 15 21 HD 128928
14 46 00 -25 26 35 HD 129926
14 47 03 -28 46 01 HIP 72294
