09 23 55 +27 53 55 HD 81027
09 24 39 +26 10 56 Al Minliar al Asad
09 27 39 +15 44 30 HIP 46397
09 28 29 +08 11 18 3 Leo
09 30 36 +10 36 06 HD 82159
09 31 13 +24 36 05 CCDM 9312+2436
09 32 02 +20 02 49 HD 82372
09 31 58 +09 42 57 6 Leo
09 32 08 +30 26 52 HD 82330
09 33 18 +28 22 05 HR 3792
09 35 10 +14 04 32 HD 82906
09 35 53 +14 22 47 7 Leo
09 36 31 +28 20 23 HD 83037
09 37 42 +11 52 48 HD 83301
09 41 09 +09 53 32 Subra
09 41 18 +27 37 43 CCDM 9413+2738
09 42 27 +18 13 24 HD 83981
09 43 44 +14 01 18 Psi Leo
09 44 47 +19 40 11 BD +20 02372
09 47 22 +31 30 27 CCDM 9474+3130
09 47 46 +10 04 30 HD 84781
09 49 57 +16 19 56 SAO 98795
09 50 29 +26 02 30 ADS 7537
09 50 53 +19 19 25 HD 85216
09 52 09 +16 27 47 HIP 48406
09 52 26 +26 58 53 HD 85441
09 55 23 +10 06 43 HD 85916
09 55 34 +08 06 05 HD 85959
09 56 22 +10 39 55 HD 86059
09 57 02 +19 45 45 HD 86133
09 58 39 +10 57 39 HD 86419
10 05 31 +18 48 58 CCDM 10055+1849
10 08 10 +26 47 56 HD 87804
10 08 22 +11 58 02 Regulus
10 10 00 +16 23 07 PPM 127160
10 10 59 +18 33 59 SAO 98987
10 11 16 +10 00 40 PPM 127182
10 12 03 +20 07 07 HD 88403
10 12 19 +16 20 54 HD 88447
10 12 23 +11 39 02 CCDM 10124+1139
10 14 01 +23 13 44 CCDM 10140+2314
10 15 09 +19 07 27 HIP 50223
10 15 56 +27 46 20 PPM 100210
10 16 16 +17 44 25 HR 4028
10 16 41 +23 25 02 Adhafera
10 16 57 +25 51 39 HD 89055
10 17 03 +10 06 52 HD 89126
10 18 06 +27 31 29 HD 89223
10 19 58 +19 50 29 Algieba
10 20 26 +11 21 10 HD 89574
10 20 32 +06 25 47 HD 89619
10 22 44 +15 20 40 HD 89906
10 23 35 +26 17 26 SAO 81327
10 25 35 +08 46 35 HD 90303
10 27 08 +18 03 45 SAO 99130
10 27 39 +09 45 45 45 Leo
10 30 06 +20 48 04 HD 90915
10 30 26 +11 37 51 SAO 99162
10 31 59 +22 02 22 HD 91192
10 33 33 +15 12 50 SAO 99184
10 33 47 +23 21 02 HD 91427
10 34 24 +21 35 38 HD 91527
10 35 02 +08 39 02 49 Leo
10 35 25 +26 16 11 SAO 81428
10 36 07 +11 36 52 HD 91785
10 38 55 +07 21 26 HD 92212
10 40 03 +19 14 25 HD 92337
10 40 56 +17 07 27 PPM 127614
10 44 40 +20 42 19 HD 92991
10 47 00 +13 01 47 HD 93363
10 48 08 +13 12 33 SAO 99298
10 49 37 +12 55 45 SAO 99310
10 49 46 +18 05 10 HD 93766
10 50 19 +22 34 10 PPM 100680
10 51 37 +06 34 49 PPM 157279
10 52 11 +07 27 39 HD 94164
10 52 34 +05 00 09 HD 94220
10 53 25 -02 15 19 HR 4249
10 55 37 +24 44 59 54 Leo
10 58 19 +13 16 42 HD 95023
10 58 37 +09 08 13 SAO 118596
11 00 02 -03 28 17 HD 95280
11 00 32 +02 58 09 PPM 157414
11 01 13 +21 05 29 HD 95436
11 02 01 +14 37 15 HD 95577
11 02 11 +09 53 43 AM Leo
11 02 12 +09 44 59 PPM 157441
11 02 11 +07 25 01 PPM 157440
11 03 57 +23 08 51 HD 95867
11 03 59 +03 38 20 HD 95899
11 04 33 +12 40 01 HD 96003
11 04 41 -04 13 16 HD 96064
11 05 01 +07 20 10 Chi Leo
11 05 26 -06 26 30 HD 96183
11 06 07 +07 02 00 HD 96273
11 06 27 +23 54 43 PPM 100896
11 06 32 +14 15 46 HD 96345
11 06 54 +01 57 20 65 Leo
11 07 12 +10 54 48 HD 96478
11 07 26 -01 14 53 CCDM 11074-0115
11 07 59 +10 11 49 SAO 99463
11 08 27 +03 13 22 HD 96710
11 10 01 +10 54 14 PPM 128025
11 10 57 -06 19 31 HD 97157
11 12 49 +04 53 15 PPM 157624
11 14 06 +20 31 25 Zosma
11 14 29 +05 15 47 HD 97676
11 14 32 -02 23 47 CCDM 11145-0224
11 15 21 +27 34 16 HD 97799
11 15 21 +26 27 00 HD 97777
11 16 40 -03 39 06 Phi Leo
11 18 28 +00 24 53 PPM 157712
11 18 39 +02 49 47 SAO 118777
11 19 23 -01 39 18 HD 98427
11 20 44 +22 52 52 HD 98574
11 23 02 +20 07 21 PPM 101108
11 23 55 +10 31 46 Iota Leo
11 24 29 +20 37 17 HD 99121
11 24 31 -04 23 03 HD 99136
11 25 36 +16 27 24 81 Leo
11 25 50 +27 04 16 SAO 81821
11 26 00 +03 57 05 SAO 118853
11 26 45 +03 00 47 83 Leo
11 27 14 +19 07 43 ADS 8165
11 27 54 +08 27 49 ADS 8172
11 27 56 +02 51 23 Tau Leo
11 28 28 +07 31 02 HIP 55988
11 29 59 +03 12 18 HD 99949
11 31 45 +14 21 52 88 Leo
11 32 07 -03 31 53 HD 100245
11 32 24 +12 12 17 HD 100267
11 32 37 +24 19 24 HD 100302
11 34 22 +04 07 16 HD 100550
11 34 42 +16 47 49 HIP 56473
11 34 45 +01 29 45 HD 100618
11 36 18 +27 46 53 HR 4465
11 36 18 +12 07 56 ADS 8232
11 36 41 +21 28 13 HD 100869
11 39 38 +26 57 24 HIP 56878
11 39 37 +18 59 48 HD 101302
11 40 39 +21 02 11 HD 101469
11 41 05 +15 36 08 PPM 128462
11 43 42 +13 31 00 SAO 99757
11 43 48 +18 31 21 PPM 128503
11 44 13 +25 13 06 HR 4512
11 47 28 +20 02 02 HD 102428
11 47 59 +20 13 08 93 Leo
11 49 04 +14 34 19 Denebola
11 50 55 +12 16 45 HR 4543
11 51 58 +14 00 34 ADS 8326
11 52 46 +15 26 11 HD 103152
11 54 08 +24 41 03 SAO 82045
11 54 32 +19 24 40 HD 103432
11 55 33 +16 53 48 ADS 8351
11 56 01 +21 58 55 HD 103628
