18 15 33 +44 16 59 SAO 47341
18 17 07 +40 15 20 HD 168295
18 17 31 +34 02 51 SAO 66831
18 20 58 +36 30 19 SAO 66886
18 26 24 +46 48 32 HD 170313
18 28 01 +27 07 36 HD 336223
18 29 24 +41 57 36 SAO 47532
18 29 28 +29 55 27 HD 170669
18 29 33 +29 58 45 SAO 86120
18 30 01 +37 09 44 SAO 67033
18 30 55 +38 39 33 PPM 81424
18 30 54 +34 16 30 SAO 67051
18 31 00 +32 30 52 CCDM 18310+3231
18 31 07 +32 14 43 HD 171026
18 32 51 +38 50 00 HD 171384
18 33 01 +31 35 43 SAO 67094
18 33 15 +40 09 34 HD 171485
18 34 19 +45 11 20 SAO 47609
18 35 12 +26 15 32 CCDM 18350+2614
18 36 12 +41 16 41 HD 172068
18 36 37 +33 28 09 HR 6997
18 36 56 +38 45 45 PPM 81557
18 36 57 +34 51 59 HD 172131
18 38 06 +39 35 11 SAO 67192
18 38 20 +28 18 12 HD 172311
18 38 26 +36 03 11 HD 172394
18 38 35 +30 43 21 SAO 67199
18 38 37 +27 06 18 HD 336569
18 38 55 +40 41 56 SAO 47671
18 39 14 +32 42 01 PPM 81606
18 40 27 +46 05 44 HD 172898
18 40 30 +31 38 36 HD 172729
18 41 16 +30 17 41 HD 172865
18 41 46 +33 13 53 PPM 81663
18 41 55 +35 04 14 CCDM 18419+3504
18 42 08 +34 44 47 HR 7033
18 42 12 +27 38 33 HD 173053
18 42 55 +44 55 31 HD 173399
18 42 59 +34 45 06 CCDM 18430+3445
18 43 17 +39 18 00 HR 7041
18 43 22 +35 32 55 HD 173366
18 43 28 +27 42 55 HD 336775
18 43 37 +42 36 40 PPM 57417
18 43 42 +30 24 17 HD 173384
18 43 46 +34 32 42 CCDM 18438+3433
18 44 20 +39 40 12 Epsilon 1 Lyr
18 44 31 +33 59 46 HD 173548
18 44 40 +45 50 10 BD +45 02767
18 44 48 +44 57 37 SAO 47759
18 44 46 +37 36 17 Zeta 1 Lyr
18 45 04 +46 08 08 HD 173814
18 45 10 +39 13 33 SAO 67331
18 45 14 +35 32 21 SAO 67327
18 45 29 +42 02 07 BD +41 03134
18 45 31 +28 15 24 HD 173702
18 45 40 +39 42 00 SAO 67349
18 45 41 +32 18 06 SAO 67343
18 45 50 +34 31 06 HD 173815
18 46 38 +32 10 02 PPM 81794
18 46 42 +43 02 44 BD +42 03158
18 47 13 +31 24 20 HD 174022
18 47 15 +28 25 27 SAO 86437
18 48 42 +34 01 05 SAO 67413
18 48 49 +33 19 12 HD 174390
18 49 33 +35 11 46 BD +35 03368
18 49 35 +38 18 14 PPM 81868
18 49 46 +32 48 46 Nu 1 Lyr
18 50 08 +40 02 26 SAO 67455
18 51 44 +43 23 29 SAO 47868
18 52 15 +39 25 49 SAO 67502
18 52 59 +36 21 21 PPM 81961
18 53 28 +34 37 23 HD 175332
18 53 44 +36 58 18 Delta 1 Lyr
18 53 58 +37 22 50 HD 175491
18 54 15 +32 14 13 SAO 67547
18 54 53 +33 58 07 HR 7140
18 55 29 +29 13 36 HIP 92875
18 55 57 +44 13 42 HD 176003
18 56 02 +33 47 08 HD 175885
18 56 22 +45 30 25 HD 176071
18 57 03 +45 51 21 HD 176209
18 57 41 +43 24 08 HD 176317
18 57 59 +44 06 34 SAO 47954
18 58 03 +47 11 31 HD 176465
18 58 04 +38 13 20 SAO 67643
18 58 14 +30 10 52 PPM 82121
18 58 12 +29 24 28 PPM 108136
18 58 26 +36 25 33 HD 176375
18 58 47 +40 40 45 HR 7179
18 58 57 +32 41 21 Sulafat
18 59 22 +29 36 11 SAO 86669
19 00 29 +43 13 14 PPM 57742
19 00 35 +31 23 15 CCDM 19006+3123
19 01 26 +46 56 05 16 Lyr
19 01 54 +27 18 03 HD 337412
19 02 41 +31 23 58 HD 177279
19 03 26 +26 03 11 HD 177371
19 03 40 +35 44 35 HD 177543
19 03 48 +26 02 11 HD 337463
19 03 56 +34 09 04 HD 177593
19 04 16 +43 52 49 HD 177829
19 04 15 +32 45 19 HD 177646
19 05 01 +29 04 19 BD +28 03180
19 05 06 +40 07 33 HD 177982
19 05 22 +38 03 19 ADS 12031
19 05 46 +38 31 05 SAO 67806
19 06 01 +45 48 50 HD 178328
19 05 59 +35 52 50 HD 178160
19 06 01 +35 03 49 CCDM 19060+3504
19 06 09 +30 26 19 HD 178091
19 06 52 +27 45 09 HD 337517
19 07 26 +27 28 38 ADS 12062
19 07 22 +25 58 24 HD 178354
19 07 26 +32 30 06 17 Lyr
19 07 48 +38 55 42 HD 178661
19 07 54 +29 48 02 HD 178592
19 08 06 +30 47 34 SAO 67851
19 08 17 +25 55 24 HD 178618
19 08 34 +37 54 37 HD 178848
19 08 45 +34 45 37 HD 178849
19 09 02 +27 38 42 HD 337658
19 09 04 +34 36 02 HR 7272
19 10 33 +37 00 53 SAO 67916
19 10 46 +32 07 00 BD +31 03487
19 11 08 +38 46 48 HD 179484
19 11 45 +26 14 58 HD 179461
19 12 24 +30 20 52 HD 179709
19 12 56 +31 00 11 SAO 67982
19 12 57 +39 32 50 CCDM 19130+3933
19 13 25 +44 43 04 SAO 48216
19 13 29 +39 02 16 HD 180077
19 13 45 +39 08 45 Aladfar
19 14 14 +34 12 54 HD 180214
19 14 13 +26 26 29 HD 337968
19 14 29 +34 33 52 HD 180286
19 14 38 +31 30 11 CCDM 19146+3130
19 14 37 +28 53 48 ADS 12216
19 15 37 +32 08 35 CCDM 19156+3209
19 15 37 +29 24 50 PPM 108672
19 15 57 +27 27 21 HR 7305
19 16 12 +28 16 50 HD 180638
19 16 15 +37 22 55 SAO 68061
19 16 22 +38 08 01 Theta Lyr
19 16 43 +33 07 39 HD 180844
19 17 05 +27 12 27 CCDM 19171+2712
19 17 59 +30 03 02 SAO 87045
19 18 41 +35 13 03 HD 181329
19 18 58 +39 16 02 HD 181469
19 19 17 +42 17 03 HD 181599
19 19 53 +35 32 17 HD 181658
19 20 07 +26 38 42 HD 181602
19 20 52 +38 25 59 CCDM 19209+3826
19 21 14 +39 48 05 CCDM 19212+3948
19 22 23 +40 59 42 SAO 48371
19 22 25 +38 23 17 SAO 68216
19 22 33 +38 24 56 CCDM 19225+3825
19 22 41 +31 44 10 HD 182273
19 23 43 +39 37 14 CCDM 19237+3937
19 23 47 +39 42 08 ADS 12403
19 23 47 +31 18 23 BD +31 03577
19 24 03 +33 08 36 BD +32 03418
19 25 09 +37 07 25 HD 182863
19 25 24 +34 42 32 SAO 68287
19 25 58 +35 54 56 PPM 82889
19 26 04 +39 13 06 BD +38 03588
19 26 44 +40 19 22 SAO 48448
19 27 23 +43 05 03 BD +42 03348
19 27 45 +40 52 55 ADS 12487
