05 57 44 -07 39 38 HD 40336
05 58 22 -04 39 02 HD 40397
06 01 26 -04 49 12 CCDM 6014-0449
06 01 50 -10 35 53 3 Mon
06 04 56 -05 20 35 HD 41434
06 08 10 -07 21 29 HD 42039
06 09 31 -06 19 33 HD 42261
06 10 44 -09 51 08 HD 42514
06 12 51 -06 08 06 ADS 4821
06 13 17 -06 24 18 HD 42924
06 15 30 -04 54 53 HR 2234
06 21 56 +01 05 51 CCDM 6219+0106
06 22 01 -02 01 46 HD 44501
06 23 14 +03 53 15 CCDM 6232+0353
06 23 17 +02 45 03 HD 44715
06 23 27 +00 44 53 CCDM 6235+0045
06 23 46 +04 35 34 Epsilon Mon
06 23 48 +02 39 58 HD 44771
06 23 47 -01 07 42 BD -01 01224
06 25 15 -10 55 55 HIP 30543
06 26 31 -01 49 41 HD 291652
06 26 43 +00 27 15 HD 45317
06 26 45 -07 30 43 HR 2328
06 26 53 +04 04 11 HD 45315
06 27 00 +00 42 32 HD 291660
06 27 43 -05 56 59 HD 45518
06 27 58 -04 45 44 10 Mon
06 28 14 +05 16 20 HD 45530
06 28 23 -04 27 44 HD 45626
06 28 25 +08 33 34 HD 45544
06 28 49 -07 01 59 Beta Mon
06 29 15 +02 38 46 HR 2355
06 29 28 +03 07 35 CCDM 6295+0308
06 29 56 +07 06 43 HD 45789
06 29 59 +03 22 33 HD 258529
06 30 04 +06 57 20 CCDM 6301+0657
06 30 27 -03 01 20 HD 45974
06 30 29 +04 19 57 HD 45911
06 30 47 +10 03 47 HIP 31038
06 30 50 -09 39 14 HD 46060
06 31 10 +11 15 05 HR 2370
06 31 09 +09 56 23 HD 46005
06 31 21 +04 50 04 HD 46056
06 31 41 +05 46 09 HD 46105
06 31 56 +04 56 34 HD 46150
06 31 52 +04 55 57 HD 259105
06 32 07 +04 58 16 HD 46180
06 32 04 +01 30 00 HD 46203
06 32 04 -08 02 27 HD 46266
06 32 23 +11 40 25 HR 2378
06 32 22 +03 29 08 HD 259272
06 32 35 +04 44 28 HD 259332
06 32 49 +10 09 58 HD 46265
06 33 37 +10 31 51 HD 259592
06 34 09 +07 59 27 HD 259788
06 34 14 +04 20 05 HD 259867
06 34 20 +07 59 06 HD 259829
06 34 22 +03 18 23 HD 46597
06 34 22 -03 04 27 HD 46644
06 34 44 -06 08 39 HD 46715
06 34 46 +07 34 21 14 Mon
06 35 45 +04 56 14 CCDM 6358+0456
06 35 55 +05 18 35 HD 46867
06 35 55 +03 58 43 CCDM 6359+0359
06 35 55 -09 27 00 HD 46969
06 37 07 +03 12 11 HD 260799
06 37 14 +06 04 19 ADS 5259
06 37 51 -08 46 53 HD 47364
06 38 08 -01 28 22 CCDM 6381-0128
06 38 34 -09 45 41 HD 47492
06 39 07 +02 20 12 HD 47510
06 39 42 +02 51 14 CCDM 6397+0251
06 39 42 -05 23 06 HD 47685
06 40 17 +04 53 46 CCDM 6403+0454
06 40 33 +00 56 54 HD 47818
06 40 38 +09 47 16 V641 Mon
06 40 35 +04 02 42 CCDM 6406+0403
06 40 49 +09 22 00 HD 261842
06 40 59 +09 53 45 15 Mon
06 41 00 +05 42 27 HD 47889
06 41 00 +02 14 45 HD 47891
06 41 10 +09 27 58 V427 Mon
06 41 09 +08 59 05 HD 47888
06 41 10 -07 59 26 HD 48061
06 41 27 +09 51 14 HD 47961
06 41 32 +04 16 32 CCDM 6415+0417
06 41 49 -00 15 53 ADS 5344
06 42 05 +03 14 54 HD 48157
06 42 33 -09 33 58 HD 48311
06 42 34 -00 37 07 CCDM 6426-0037
06 42 41 +01 42 58 HD 48279
06 43 06 +04 16 28 CCDM 6431+0416
06 43 15 +06 07 01 HD 48347
06 43 34 +11 09 05 HD 262677
06 44 02 +00 20 50 CCDM 6440+0021
06 44 12 +03 31 18 CCDM 6442+0331
06 44 18 +07 25 44 HD 262938
06 44 50 +03 40 49 HD 48717
06 44 50 +01 57 45 CCDM 6448+0158
06 44 54 +07 27 49 HD 48689
06 45 33 +04 23 38 HD 263402
06 45 31 -10 47 21 BD -10 01679
06 45 38 +04 53 21 HD 263400
06 45 38 +02 19 20 HD 48866
06 45 52 +03 24 03 HD 263502
06 46 27 +03 51 24 CCDM 6465+0351
06 47 03 -02 08 50 CCDM 6470-0209
06 47 16 +10 54 59 HD 49101
06 47 57 -11 06 30 HIP 32585
06 48 33 +10 09 30 HD 264227
06 48 36 -04 04 33 HD 49503
06 48 52 +08 43 05 HD 264383
06 49 01 -09 34 49 HD 49624
06 49 55 +03 20 34 CCDM 6499+0321
06 50 00 +00 57 07 CCDM 6500+0057
06 49 58 +00 03 30 CCDM 6500+0003
06 50 07 +00 56 44 CCDM 6501+0057
06 50 11 +04 17 48 CCDM 6502+0418
06 50 30 +03 21 15 HD 264965
06 51 01 +01 51 25 HD 49953
06 51 12 -10 05 07 HD 50067
06 51 23 +05 33 11 HD 265181
06 51 21 -00 06 38 CCDM 6514-0007
06 51 46 +00 32 21 CCDM 6517+0032
06 51 46 +00 27 37 ADS 5528
06 52 18 -05 10 25 HD 50281
06 52 23 -01 58 08 CCDM 6524-0158
06 52 28 +02 18 30 CCDM 6525+0218
06 52 38 +03 14 19 HD 50278
06 52 54 -02 58 29 CCDM 6529-0258
06 53 41 -02 31 54 BD -02 01813
06 53 56 -00 43 57 HD 50584
06 53 56 -04 23 33 HD 50637
06 54 00 +00 34 05 HD 50582
06 53 59 -10 02 13 HD 50704
06 54 09 -05 51 07 HR 2570
06 54 06 +06 41 17 HD 50557
06 54 25 -01 38 48 HD 50748
06 54 31 -01 40 18 CCDM 6545-0140
06 54 35 +02 36 40 HD 50746
06 54 48 +03 33 32 HD 266283
06 54 54 +09 29 56 HD 50769
06 55 07 -08 29 56 HD 50981
06 55 20 -02 19 07 CCDM 6553-0219
06 55 27 +02 34 29 HD 50954
06 55 29 -00 17 59 CCDM 6555-0018
06 55 38 -09 29 23 HD 51081
06 55 34 -10 13 12 HD 51082
06 56 20 +11 01 44 HD 51073
06 56 26 -10 16 07 SAO 152133
06 56 44 +03 16 50 HD 266864
06 56 53 -05 28 45 HD 51359
06 57 06 -01 07 47 PPM 176553
06 57 19 -10 05 25 HD 51540
06 58 20 +02 25 05 CCDM 6583+0225
06 58 19 -04 38 24 HD 51697
06 58 24 -10 11 23 HD 51786
06 58 36 +06 41 12 HD 267332
06 58 35 -09 10 03 HD 51817
06 58 57 +03 36 09 HR 2610
06 59 38 -00 50 00 CCDM 6596-0050
06 59 49 +06 00 50 CCDM 6598+0601
06 59 46 +00 36 35 HD 292897
06 59 53 +01 41 37 HD 289483
06 59 56 -01 29 19 CCDM 6599-0129
06 59 55 -10 16 22 HD 52212
06 59 56 -00 02 41 HD 52110
07 00 10 -09 17 16 HD 52270
07 00 31 +02 39 25 ADS 5678
07 00 28 -00 31 24 HD 52262
07 00 35 +09 21 12 HD 52183
07 00 38 +02 29 26 CCDM 7006+0229
07 01 01 +03 24 23 HD 52339
07 01 27 -03 07 03 HD 52533
07 01 34 +02 32 41 HD 52503
07 01 53 -01 20 45 HR 2636
07 02 31 -10 02 37 BD -09 01808
07 02 58 -08 20 51 HD 52980
07 03 28 -08 27 38 HD 53120
07 03 51 +01 11 43 CCDM 7039+0112
07 04 20 +01 29 19 HR 2654
07 04 34 -07 16 48 HD 53366
07 04 42 +05 55 33 HD 53261
07 04 55 -05 46 34 HD 53453
07 05 12 +03 57 48 BD +04 01574
07 05 50 -10 39 36 V569 Mon
07 06 37 -01 37 10 CCDM 7066-0137
07 07 57 -04 40 40 HD 54250
07 08 11 -01 52 00 CCDM 7082-0152
07 08 25 -03 03 29 CCDM 7084-0304
07 08 49 -08 40 37 HD 54542
07 08 57 +01 13 45 HD 54463
07 09 11 -00 38 48 CCDM 7092-0039
07 09 47 -02 11 13 HD 293463
07 10 14 -04 14 14 20 Mon
07 10 13 -06 16 43 HD 54831
07 10 18 -00 51 25 CCDM 7103-0052
07 10 30 -03 05 19 CCDM 7105-0305
07 11 39 -00 56 19 CCDM 7116-0056
07 11 40 -02 05 53 CCDM 7117-0206
07 12 37 -00 40 46 SAO 134353
07 12 39 -00 41 10 CCDM 7127-0041
07 12 42 -03 10 41 HD 55415
07 12 49 -07 08 58 HIP 34862
07 13 42 -08 55 31 HD 55736
07 13 47 +00 53 20 CCDM 7138+0053
07 14 11 -03 54 06 HR 2731
07 14 33 -10 17 33 HD 55901
07 15 34 -01 51 36 HIP 35107
07 15 46 -00 37 27 HD 56128
07 16 07 -09 16 11 HD 56306
07 16 16 -06 34 59 HD 56304
07 17 49 -01 50 55 SAO 134477
07 18 52 -00 49 07 CCDM 7189-0049
07 19 33 -00 54 30 HD 57051
07 19 37 -04 26 47 HD 57075
07 21 00 -00 40 14 HD 57384
07 22 05 -04 01 35 SAO 134578
07 23 03 -10 01 24 HD 57934
07 24 01 -03 58 44 HD 58098
07 24 15 -02 35 32 SAO 134624
07 24 28 -04 36 29 HD 58208
07 25 09 -05 44 27 HD 58372
07 30 54 -02 08 25 CCDM 7309-0208
07 30 59 -02 09 54 HD 59690
07 31 54 -00 31 28 HD 59851
07 31 58 -08 41 14 HD 59933
07 32 06 -08 52 53 HR 2883
07 33 58 -01 41 40 CCDM 7340-0142
07 34 14 -01 35 04 CCDM 7342-0135
07 34 20 -03 12 22 BD -02 02181
07 35 27 -05 59 10 HD 60657
07 35 59 -01 47 07 BD -01 01772
07 36 07 -05 46 49 HD 60805
07 36 56 -08 45 23 HD 61041
07 37 17 -04 06 40 25 Mon
07 37 23 -11 09 05 HD 61132
07 37 32 -00 59 30 HD 61080
07 37 29 -02 02 13 HD 61095
07 37 49 -02 35 48 HD 61151
07 37 52 -05 21 07 CCDM 7379-0521
07 38 43 -01 27 08 HD 61343
07 38 49 -01 25 35 SAO 134935
07 39 19 -08 40 54 HD 61506
07 39 23 -02 18 34 CCDM 7394-0219
07 39 49 -06 14 39 HD 61583
07 39 59 -03 35 51 HD 61606
07 40 37 -02 17 27 CCDM 7406-0217
07 42 13 -03 31 10 HD 62125
07 42 34 -04 01 35 HD 62162
07 45 19 -00 26 17 HD 62697
07 49 58 -02 16 21 HD 63651
07 50 59 -03 07 15 HD 63876
07 52 08 -03 03 15 HD 64110
07 52 45 -03 55 18 CCDM 7527-0355
07 54 01 -02 21 46 SAO 135227
07 56 55 -03 27 23 HD 65082
07 57 21 -00 40 21 CCDM 7573-0040
07 58 44 -01 13 11 CCDM 7587-0113
07 59 23 -00 39 01 CCDM 7594-0039
07 59 24 -10 28 57 HD 65647
08 02 10 -00 57 50 HD 66142
08 04 14 -01 51 10 HD 66592
08 05 25 -03 50 13 CCDM 8054-0350
08 05 52 -01 45 38 HD 66980
08 06 27 -09 14 40 HR 3174
08 07 45 -02 58 46 HD 67427
08 07 56 -01 20 58 HD 67452
08 08 26 -01 01 53 HD 67548
08 08 36 -02 59 02 Zeta Mon
08 09 01 -01 47 39 HD 67666
