16 05 45 -06 17 28 HR 5989
16 11 05 -08 13 50 PPM 706404
16 13 46 -07 38 44 HD 145915
16 20 44 -03 55 45 HD 147219
16 22 33 -04 14 57 HD 147512
16 25 35 -23 26 50 Rho Oph
16 26 02 +03 12 18 PPM 162626
16 26 02 -14 07 22 HD 148054
16 26 52 +01 00 43 HD 148267
16 27 48 -01 04 08 HD 148408
16 28 49 -08 07 44 HR 6137
16 28 59 -01 04 20 PPM 179829
16 30 32 -14 32 46 HD 148700
16 30 49 -02 18 17 HD 148818
16 30 50 -13 07 59 HD 148759
16 30 55 +01 59 02 Marfic
16 32 18 +00 12 01 HD 149060
16 37 33 -05 30 16 ADS 10128
16 38 04 +01 38 43 HD 149974
16 39 24 -03 06 21 HD 150161
16 39 29 -17 43 55 BD -17 04611
16 40 42 -00 09 15 SAO 141306
16 43 03 +03 27 16 HD 150764
16 44 18 -00 33 25 HD 150935
16 46 15 -17 20 48 HD 151148
16 46 38 -03 11 45 HD 151307
16 46 53 +02 14 33 HD 151372
16 47 10 +02 03 52 19 Oph
16 48 20 +02 44 17 HD 151618
16 49 01 +03 15 04 PPM 163152
16 49 01 -19 36 29 HD 151576
16 52 25 -24 42 10 SAO 184738
16 54 49 -11 32 59 HD 152616
16 55 29 -08 20 11 HD 152751
16 55 36 -02 27 13 HD 152778
16 55 38 -05 09 57 HD 152779
16 57 04 -19 32 23 HIP 82951
16 57 54 -27 36 39 HD 152989
16 58 50 +03 58 01 HD 153332
16 59 17 -13 11 55 HIP 83126
16 59 30 +09 42 12 HD 153475
16 59 52 -13 00 32 BD -12 04634
16 59 57 -24 12 11 SAO 184893
17 00 54 -28 23 59 HIP 83246
17 01 04 -04 13 22 30 Oph
17 01 13 -29 41 04 HD 153515
17 01 59 +08 27 02 HR 6329
17 02 08 +07 12 49 HD 153930
17 02 23 -11 53 36 HD 153851
17 05 04 +01 48 45 HD 154399
17 05 03 -05 03 59 HD 154363
17 05 32 +10 32 46 HD 154517
17 06 30 -02 35 34 HD 154599
17 06 29 -13 56 06 HIP 83710
17 06 36 +00 39 08 HD 154621
17 06 53 -01 39 22 HR 6361
17 06 58 +06 48 03 HD 154734
17 07 00 -27 05 29 HD 154521
17 07 50 -28 34 49 HD 154641
17 08 01 -18 02 21 HD 154750
17 08 11 +01 43 09 HD 154907
17 08 17 -19 48 02 HD 154780
17 08 32 -20 13 03 HD 154831
17 09 08 -18 15 23 HD 154922
17 10 07 -23 34 48 SAO 185099
17 10 23 -15 43 31 Sabik
17 10 50 -24 56 49 HD 155143
17 11 37 -26 42 09 HD 155270
17 11 39 -29 23 32 HD 155253
17 12 14 +09 45 41 HD 155592
17 12 11 -27 02 32 HD 155363
17 12 45 -04 03 12 HD 155595
17 13 37 -09 17 02 HD 155718
17 15 21 -26 36 10 36 Oph
17 16 37 +03 24 30 HD 156287
17 16 42 -17 09 12 SAO 160417
17 18 01 -24 17 13 Omicron Oph
17 18 24 +04 50 31 HD 156594
17 18 56 -23 59 49 HD 156504
17 19 20 -02 21 00 PPM 706746
17 19 53 -17 45 24 HIP 84792
17 19 58 -06 25 45 HD 156827
17 20 00 -08 01 23 HD 156802
17 20 05 +04 45 29 CCDM 17201+0445
17 20 48 -09 02 15 HD 156970
17 20 55 -27 20 40 HD 156848
17 21 00 -21 06 47 Xi Oph
17 21 05 +01 31 50 ADS 10486
17 22 23 +04 45 25 HD 157310
17 22 27 +04 21 47 HD 157332
17 22 34 +04 09 53 CCDM 17226+0410
17 22 46 -27 40 34 HIP 85033
17 23 38 +13 23 51 HD 157606
17 23 57 -00 50 07 HD 157544
17 24 03 +03 04 03 HD 157583
17 24 24 -22 48 04 HD 157470
17 24 33 +03 11 36 CCDM 17246+0312
17 24 55 +13 19 43 HD 157789
17 25 05 +03 48 12 HD 157759
17 26 24 -19 31 04 HD 157828
17 26 51 -26 19 54 HD 157865
17 26 51 +02 19 23 HD 158050
17 27 52 +11 23 26 HD 158263
17 28 20 +02 12 14 HD 158283
17 28 44 +10 29 04 SAO 102845
17 28 41 -23 04 01 CCDM 17287-2304
17 29 17 -09 59 26 HD 158373
17 29 41 -17 48 24 HD 158376
17 29 47 -05 55 10 HR 6512
17 30 00 -08 24 52 HD 158494
17 30 39 -19 33 28 HD 158543
17 31 06 +10 26 58 SAO 102878
17 31 13 -17 08 33 HD 158661
17 31 18 -28 03 10 HD 158582
17 31 27 -21 33 53 HD 158680
17 31 41 +11 10 54 HD 158957
17 31 48 +10 39 33 SAO 102886
17 31 57 -22 59 58 HD 158758
17 32 16 +02 41 08 CCDM 17323+0241
17 32 54 -01 29 25 HD 159103
17 33 43 -26 45 16 CD -26 12154
17 34 29 +03 34 33 PPM 164221
17 34 37 +09 35 12 53 Oph
17 34 49 +06 01 26 HD 159481
17 34 57 -00 44 54 CCDM 17349-0045
17 35 30 -05 55 54 HD 159525
17 35 41 +04 08 50 HD 159645
17 35 50 +00 59 47 HIP 86106
17 36 15 +06 37 17 HD 159779
17 37 05 -16 36 11 SAO 160692
17 37 47 -23 23 22 HD 159843
17 38 44 +03 49 11 PPM 164344
17 39 09 +02 01 41 HR 6575
17 39 39 -23 40 57 HD 160201
17 39 47 -04 58 05 HD 160388
17 40 39 -00 43 07 HD 160559
17 41 58 +08 13 54 PPM 164440
17 42 24 -19 24 11 HD 160746
17 42 41 +05 19 43 HD 160967
17 42 41 -22 22 12 HD 160768
17 43 10 -29 56 18 HD 160809
17 43 52 +05 50 42 HD 161184
17 44 24 +02 58 02 HD 161262
17 44 34 +02 34 46 61 Oph
17 44 42 -01 44 25 HD 161271
17 45 26 -00 32 08 PPM 180149
17 46 27 +05 42 00 HD 161621
17 46 39 -01 12 52 HD 161623
17 46 54 +06 30 27 HD 161714
17 46 54 -02 31 16 CCDM 17469-0231
17 47 02 +05 41 31 HD 161733
17 48 44 +01 09 51 HD 162007
17 48 58 +04 58 03 HD 162056
17 49 14 +09 09 27 HD 162137
17 50 02 +05 20 01 SAO 122803
17 50 20 +04 14 39 SAO 122810
17 50 40 +07 55 19 HD 162429
17 51 23 +07 34 24 CCDM 17514+0734
17 51 52 -03 29 13 ADS 10839
17 51 53 +02 53 58 HD 162628
17 52 05 +01 06 40 HD 162652
17 52 44 -07 56 54 HD 162715
17 52 59 -02 15 27 SAO 141938
17 53 09 +14 00 35 HD 162951
17 53 24 +10 57 38 HD 162973
17 53 34 +05 15 48 SAO 122885
17 56 21 +08 34 23 HD 163549
17 57 47 +09 22 23 HD 163791
17 57 49 +04 41 36 Barnard's star
17 59 01 +12 26 18 HD 164080
17 59 02 +02 02 16 HD 164013
17 59 18 -06 51 21 HD 163998
18 00 13 +08 51 21 HD 164309
18 00 39 +02 55 54 67 Oph
18 01 08 +03 24 12 CCDM 18011+0324
18 01 32 +03 31 27 HD 164529
18 02 46 +01 36 44 PPM 165056
18 03 05 -08 10 49 Tau Oph
18 03 12 +07 54 33 HD 164926
18 04 05 +06 27 36 SAO 123080
18 04 22 +03 29 05 HD 165111
18 04 43 +13 33 34 CCDM 18047+1334
18 04 50 +03 32 01 HD 165221
18 05 27 +02 30 00 70 Oph
18 05 35 +12 42 19 PPM 134244
18 05 43 +12 00 13 HR 6758
18 05 56 +04 49 06 PPM 165160
18 06 01 +04 34 58 SAO 123117
18 06 31 +09 20 25 PPM 165183
18 06 44 +13 59 25 ADS 11068
18 06 42 +04 51 22 CCDM 18067+0451
18 06 51 +08 52 33 HD 165670
18 07 43 +03 17 15 HD 165779
18 07 48 +13 04 15 HR 6776
18 08 03 +03 43 13 CCDM 18081+0343
18 09 15 +13 29 06 HD 166256
18 09 54 +03 07 11 HR 6797
18 10 21 +02 35 10 BD +02 03516
18 10 23 +02 31 46 HD 166415
18 10 24 +00 32 36 HD 166384
18 10 34 +03 48 38 HD 166438
18 12 49 +05 49 21 HD 166958
18 13 11 +10 53 16 PPM 134414
18 16 14 +04 34 03 HD 167676
18 19 27 +03 19 50 PPM 165607
18 19 41 +02 07 05 HD 168458
18 22 14 +11 26 00 SAO 103645
18 22 52 +08 34 36 SAO 123411
18 23 44 +08 29 18 PPM 165731
18 24 16 +03 46 33 HD 169364
18 24 45 +07 13 53 HD 169512
18 26 10 +08 46 38 HD 169822
18 26 28 +07 41 11 HD 169890
18 26 34 +06 31 35 SAO 123480
18 26 53 +06 25 24 HD 169959
18 28 06 +07 09 08 HD 170245
18 30 41 +04 30 39 HD 170699
18 31 26 +06 27 37 HD 170881
18 32 48 +11 47 22 HD 171168
18 33 23 +08 16 06 HR 6967
18 33 27 +07 25 49 PPM 166080
18 34 58 +11 26 32 HD 171535
18 35 14 +07 45 07 PPM 166129
18 36 39 +06 40 18 HR 6987
18 37 15 +07 31 43 HD 171951
18 37 50 +11 26 49 HD 172100
18 38 52 +09 08 38 HD 172247
18 39 34 +11 46 01 HD 172398
18 40 21 +09 41 51 HD 172521
18 42 23 +11 13 08 PPM 135108
18 42 40 +11 51 19 SAO 104006
18 43 06 +07 42 04 HD 173055
