04 44 07 +02 04 55 HD 30036
04 44 48 +05 17 22 HIP 22067
04 45 28 +03 30 45 PPM 147921
04 45 49 +07 07 44 SAO 112048
04 47 32 -00 58 02 PPM 175634
04 47 39 +14 36 23 SAO 94123
04 48 30 +10 55 48 HD 30485
04 49 08 +05 12 31 SAO 112101
04 49 50 +06 57 41 Tabit
04 50 17 +06 57 00 HD 30714
04 51 38 +04 22 34 SAO 112152
04 51 50 +01 14 56 HD 30926
04 53 05 -01 16 33 HD 31125
04 54 17 +07 22 23 HD 31208
04 54 17 -01 54 47 CCDM 4543-0155
04 54 54 +10 09 03 Pi 1 Ori
04 54 56 +08 36 00 HIP 22848
04 55 04 -00 32 42 HD 31356
04 55 14 +00 58 03 HD 31364
04 55 30 +05 02 35 CCDM 4555+0503
04 58 06 +01 40 32 HD 31698
04 58 11 -02 12 46 HR 1596
04 58 19 +13 57 11 HD 31665
04 58 18 +04 24 42 CCDM 4583+0425
04 58 59 +14 32 36 HR 1600
04 59 10 -01 34 32 CCDM 4592-0135
04 59 51 +00 30 39 PPM 148280
05 00 02 +10 23 27 HD 31918
05 00 34 +03 36 57 HR 1610
05 00 40 +03 15 55 HD 32056
05 01 48 +11 22 31 HD 32202
05 02 00 +01 36 32 HR 1619
05 02 25 +04 19 24 HD 32319
05 02 50 +13 21 00 HD 32302
05 03 43 -02 32 24 HD 32526
05 04 01 -02 51 28 HIP 23567
05 04 20 +02 36 22 CCDM 5043+0236
05 06 19 +02 57 14 HD 32866
05 06 55 +10 59 53 HD 240779
05 07 20 +02 40 35 HD 287509
05 07 38 +09 28 18 13 Ori
05 07 55 +08 24 10 HD 33055
05 08 08 +04 31 21 CCDM 5081+0431
05 09 15 +03 39 10 CCDM 5092+0339
05 09 20 +09 49 46 16 Ori
05 09 57 +06 05 28 SAO 112484
05 09 59 +10 53 33 HD 33337
05 09 58 +08 10 23 HD 33340
05 10 15 +13 59 44 HD 33335
05 11 05 -02 41 41 CCDM 5111-0242
05 11 45 +01 02 13 HR 1691
05 11 54 -09 06 47 HD 33725
05 12 01 +06 50 17 HD 33645
05 12 20 -02 12 19 HD 33754
05 12 27 -03 02 14 HD 33766
05 13 17 +02 51 41 Rho Ori
05 13 23 +07 28 03 HD 33830
05 14 32 -08 12 06 Rigel
05 14 41 -07 04 18 HD 34121
05 15 01 +02 37 41 ADS 3828
05 15 11 +08 25 57 HD 34081
05 15 45 +02 58 58 HD 34212
05 16 04 -05 35 15 HD 34281
05 17 25 +03 53 14 CCDM 5174+0353
05 17 39 +04 41 02 HD 34456
05 17 36 -06 50 40 Tau Ori
05 17 44 -10 41 17 HD 34525
05 18 41 +03 58 54 HD 34581
05 19 13 -03 04 26 HD 34673
05 19 22 -10 44 51 HD 34750
05 20 26 -05 22 03 HR 1759
05 20 24 -08 01 48 HD 34892
05 21 22 -06 52 32 BD -07 01050
05 21 32 -00 24 59 HR 1764
05 21 40 -02 03 05 HD 35019
05 22 08 +03 18 28 HD 243051
05 22 11 +05 23 43 HD 35066
05 22 50 +03 32 40 23 Ori
05 22 57 +14 21 40 HD 35110
05 22 52 -07 53 19 HD 35224
05 23 06 +01 17 22 HD 35191
05 23 06 +01 03 25 HD 35192
05 23 19 -08 24 56 HR 1778
05 23 32 +16 02 26 HD 35173
05 23 51 -00 52 00 HR 1782
05 24 18 +02 22 05 HD 35350
05 24 29 -02 23 50 Eta Ori
05 24 45 +01 50 47 Psi 1 Ori
05 24 45 -07 42 09 HD 35486
05 24 52 +03 10 44 CCDM 5249+0311
05 25 01 -02 48 56 HD 35502
05 25 11 +01 55 24 HD 35501
05 25 11 -09 56 27 HIP 25338
05 26 09 -02 16 19 HD 294101
05 26 31 +02 56 10 HD 35673
05 26 40 +15 12 31 HD 243716
05 26 47 +14 40 42 HD 243735
05 26 50 +03 05 44 Psi 2 Ori
05 27 13 +06 57 59 HD 35747
05 27 35 -00 37 58 HD 290440
05 28 13 -01 56 29 HD 35957
05 28 42 -08 22 36 HD 36059
05 28 55 -01 45 38 HD 36057
05 29 03 +05 50 10 HD 36029
05 29 08 -02 00 39 HD 290546
05 29 11 +03 33 58 HD 244219
05 29 17 +02 27 19 CCDM 5293+0227
05 29 25 -07 15 39 HD 36151
05 29 34 +03 08 53 HD 36133
05 29 40 +02 50 16 ADS 4091
05 29 44 -01 05 32 31 Ori
05 30 18 +11 01 17 HD 244315
05 30 53 +01 36 41 HD 36311
05 31 00 -06 11 29 HD 36366
05 31 15 +03 17 33 33 Ori
05 31 21 -02 05 57 HD 36394
05 31 27 -03 40 38 HD 36395
05 31 32 +04 37 16 CCDM 5315+0437
05 31 41 +02 49 58 HD 36429
05 32 00 -00 17 57 Mintaka
05 32 19 -06 23 33 HD 36560
05 32 23 +14 52 31 HIP 25966
05 32 41 -01 35 31 HR 1861
05 32 52 -06 30 36 SAO 132243
05 33 05 +02 28 10 HD 288012
05 33 07 -01 43 02 HR 1863
05 34 04 +02 38 07 CCDM 5341+0238
05 34 04 -01 02 09 HR 1873
05 34 13 -04 50 25 BT Ori
05 34 43 -04 23 32 HD 36883
05 34 49 -06 00 23 HD 36918
05 34 56 -00 07 22 HD 36898
05 35 03 -06 00 07 HR 1887
05 35 08 +09 56 03 Meissa
05 35 13 +10 14 24 HR 1883
05 35 18 -04 40 55 CCDM 5353-0441
05 35 16 -05 23 23 Theta 1 Ori
05 35 23 -04 50 18 42 Ori
05 35 27 -08 38 44 HD 37079
05 35 32 +07 23 19 HD 36951
05 35 31 -04 21 51 HR 1898
05 35 26 -05 54 36 Nair al Saif
05 35 48 -00 59 12 HD 37076
05 36 13 -01 12 07 Alnilam
05 36 36 -06 03 53 HR 1911
05 37 00 +00 06 00 ADS 4230
05 37 38 +02 19 17 HD 37293
05 37 53 +00 58 07 HD 37330
05 38 07 -00 11 02 HD 37370
05 38 15 +12 50 31 HD 245757
05 38 37 -02 33 13 HD 294271
05 38 45 -02 36 00 Sigma Ori
05 39 17 +10 15 35 HD 37478
05 39 55 +13 01 22 HD 37560
05 40 19 +15 21 01 HD 37603
05 40 17 +01 56 32 CCDM 5403+0157
05 40 46 -01 56 33 Alnitak
05 42 56 +00 01 29 HD 38050
05 42 54 -06 47 46 HR 1967
05 44 09 -02 30 09 HD 294334
05 44 33 -07 44 35 HD 38324
05 44 43 +03 49 53 HD 38270
05 45 02 +04 00 30 HR 1978
05 46 03 -04 16 07 HR 1986
05 46 45 +11 03 01 HD 38505
05 46 43 +00 04 36 SAO 113125
05 46 47 -03 15 36 HD 294369
05 47 28 +12 15 28 HD 38587
05 48 02 +12 25 06 HD 38672
05 48 10 -08 23 01 HD 38824
05 48 15 +03 53 56 HD 38767
05 48 28 +04 42 14 HD 38798
05 48 40 -08 55 52 HD 38881
05 48 55 -09 42 54 SAO 132565
05 49 39 -04 27 23 HD 39022
05 49 47 +06 05 24 HD 38983
05 50 21 +04 16 58 HD 248340
05 50 38 -01 25 46 HD 39169
05 51 08 +20 08 22 HD 248345
05 51 15 -06 34 03 PPM 188524
05 51 48 +10 26 13 HD 39263
05 51 50 -03 38 28 HD 294421
05 52 02 -07 14 55 CCDM 5520-0715
05 51 57 -07 18 35 HD 39376
05 53 15 +14 23 39 HD 248826
05 54 10 +10 14 41 HD 39612
05 54 23 +20 16 34 Chi 1 Ori
05 54 22 +18 54 02 HIP 27911
05 54 36 +05 21 13 HD 39731
05 54 45 +13 51 17 HD 39680
05 54 52 +07 01 54 HD 39758
05 54 55 +05 51 39 HD 39773
05 54 59 -07 00 40 HD 39870
05 55 04 -00 56 14 HD 39834
05 55 10 +07 24 25 Betelgeuse
05 55 19 +04 42 49 HD 39832
05 55 43 +08 58 56 HD 39883
05 56 03 +13 55 30 HR 2067
05 56 37 +10 33 06 HD 40007
05 56 50 +18 22 12 HD 39971
05 57 09 +10 13 46 HD 40086
05 57 25 +00 01 39 HD 40210
05 57 28 +00 23 59 HD 40208
05 58 24 +01 50 14 59 Ori
05 58 38 +21 32 36 CCDM 5586+2133
05 58 54 -01 19 31 HD 40473
05 59 24 +17 48 53 HD 40412
05 59 36 +13 12 28 CCDM 5596+1312
05 59 42 +22 28 15 HD 40423
06 00 20 +09 42 07 HD 40601
06 00 43 -02 03 31 HD 40743
06 01 03 +20 14 06 HD 250310
06 02 13 +12 09 39 HD 250653
06 02 31 -02 21 38 HD 41030
06 02 38 +00 13 13 CCDM 6026+0013
06 03 23 +08 11 24 HD 41103
06 03 39 +04 18 50 HD 41191
06 03 48 +18 15 53 HD 41101
06 04 53 -02 23 52 CCDM 6049-0224
06 04 53 -02 43 02 HD 41421
06 04 59 +18 18 40 HD 41284
06 05 09 +00 51 59 HD 41433
06 05 27 +14 34 38 HD 41401
06 05 28 -02 38 08 CCDM 6055-0238
06 06 01 +12 28 46 HD 41481
06 06 28 +10 45 01 HD 41580
06 06 42 +20 06 18 HD 41565
06 06 44 +04 58 59 HD 251870
06 06 43 -03 56 09 HD 41716
06 07 13 +00 28 33 CCDM 6072+0029
06 07 10 +00 19 40 HD 291201
06 07 25 +02 08 32 HD 41809
06 07 38 +13 51 57 HD 252091
06 07 38 -01 00 27 CCDM 6076-0100
06 07 47 +00 20 21 ADS 4720
06 08 04 +03 17 23 HD 41948
06 08 30 +13 58 16 HD 41943
06 08 32 +05 48 01 HD 41999
06 08 58 +02 29 59 HR 2174
06 09 08 +07 03 19 HD 42090
06 09 10 +11 39 19 HD 42071
06 09 36 +05 40 08 HD 42182
06 09 47 +04 22 40 CCDM 6098+0423
06 09 52 +20 32 24 HD 252559
06 10 15 +15 54 24 HD 42233
06 10 29 +13 28 57 HD 42295
06 11 06 +19 13 24 HD 252899
06 11 39 +17 22 39 HD 42476
06 11 34 -00 46 02 HD 42602
06 11 41 +01 45 56 HD 42601
06 11 46 +02 28 16 HD 42600
06 11 55 +07 05 31 HD 42598
06 12 01 +19 47 26 68 Ori
06 12 16 +08 26 53 HD 42671
06 12 35 -03 42 47 HD 294756
06 13 14 +04 56 10 HD 253613
06 13 24 -00 50 13 BD -00 01218
06 13 41 -00 18 32 HD 42957
06 13 49 +18 22 10 CCDM 6138+1822
06 14 18 +14 29 37 HD 42955
06 14 31 +11 47 49 HD 43020
06 14 36 +17 25 05 HD 42997
06 14 34 +00 51 38 CCDM 6146+0052
06 14 43 +14 35 12 HD 43044
06 14 51 +19 09 24 71 Ori
06 14 48 +07 54 21 HD 43099
06 14 48 -01 43 05 HD 43192
06 14 58 +16 49 11 HD 253926
06 15 06 +13 00 37 CCDM 6151+1301
06 15 17 +13 04 03 ADS 4855
06 15 22 -01 51 54 CCDM 6154-0152
06 15 29 +10 34 43 HD 43231
06 15 30 +03 57 30 HD 43286
06 16 24 +00 41 43 CCDM 6164+0042
06 16 27 +12 16 20 74 Ori
06 16 52 +05 59 46 HD 43511
06 17 06 +15 51 03 HD 43496
06 17 07 +09 56 34 75 Ori
06 17 16 +05 06 00 HR 2251
06 17 30 +20 13 04 CCDM 6175+2013
06 17 40 +20 15 39 BD +20 01351
06 18 02 -00 12 24 CCDM 6180-0012
06 18 23 +07 45 12 HD 43755
06 18 28 -00 42 00 CCDM 6185-0042
06 18 54 +13 46 39 HD 43820
06 19 25 +13 26 03 HD 43931
06 19 41 +12 17 34 HD 43983
06 20 42 +01 06 36 CCDM 6207+0107
06 20 49 +08 48 51 HD 255605
06 20 48 +05 44 26 V1056 Ori
06 21 01 +09 43 46 HD 44212
06 21 15 +13 39 19 CCDM 6212+1339
06 21 57 +10 58 17 HD 44373
06 22 53 +14 30 38 HD 256149
06 23 09 +16 30 55 HD 44584
06 23 25 +14 31 48 FI Ori
06 25 01 +10 31 03 HD 44944
