01 33 08 +54 16 20 SAO 22384
01 34 47 +52 09 15 HD 232467
01 39 20 +52 57 20 PPM 26578
01 43 32 +53 17 31 HD 232512
01 46 57 +51 07 27 HD 232528
01 49 03 +48 26 20 ADS 1434
01 49 16 +47 53 49 HR 526
01 51 36 +51 48 00 HD 11222
01 51 34 +52 51 13 BD +52 00448
01 52 41 +57 17 17 HD 11307
01 58 34 +55 45 38 ADS 1565
01 58 49 +55 17 27 BD +54 00428
01 59 24 +50 35 59 SAO 22814
01 59 38 +56 22 51 HD 12015
01 59 37 +50 36 07 HD 12048
02 00 50 +52 57 57 HD 12162
02 01 09 +53 31 25 HD 12185
02 03 09 +55 13 57 XX Per
02 04 13 +52 57 29 HD 12511
02 04 50 +57 00 42 HD 12544
02 06 29 +57 02 47 HD 12727
02 08 23 +55 14 04 HD 232602
02 08 49 +58 31 57 HD 12964
02 09 09 +51 04 24 HD 13053
02 10 46 +56 24 27 HD 13187
02 12 56 +57 12 16 HD 13403
02 13 12 +54 13 08 HD 13452
02 14 57 +58 29 26 HD 13633
02 16 52 +57 03 19 HR 654
02 17 11 +55 54 54 HD 13901
02 17 20 +52 28 09 HIP 10674
02 17 36 +55 45 26 HD 13953
02 18 05 +57 31 00 7 Per
02 22 52 +58 35 11 S Per
02 24 53 +51 52 53 HD 232645
02 25 11 +52 23 17 HD 232648
02 25 26 +58 12 09 HD 14825
02 26 28 +54 16 58 HD 14958
02 28 13 +54 22 54 HD 232657
02 29 14 +53 51 22 HD 15267
02 29 25 +55 32 10 HR 716
02 30 51 +55 32 54 HD 15407
02 32 14 +54 14 59 HD 15572
02 33 09 +58 27 44 HD 15641
02 33 19 +52 18 32 HD 15703
02 33 33 +57 32 16 HD 15690
02 38 57 +37 27 24 ADS 2001
02 40 26 +55 18 35 HD 16442
02 40 32 +45 35 26 SAO 38210
02 41 28 +40 15 25 PPM 45350
02 41 58 +42 47 31 HD 16705
02 42 13 +42 41 57 HD 16728
02 42 21 +38 37 07 HD 16760
02 42 29 +40 15 40 HD 16772
02 42 46 +42 49 13 HD 16782
02 42 46 +37 08 50 PPM 67653
02 42 52 +38 25 57 HD 16800
02 43 02 +48 15 55 HR 792
02 44 12 +49 13 43 Theta Per
02 44 11 +35 06 55 HD 16968
02 44 18 +57 03 35 HD 236992
02 45 25 +56 33 49 HD 16965
02 47 00 +50 07 29 HD 17159
02 47 01 +49 05 36 HD 17174
02 47 00 +47 05 03 HD 17180
02 47 39 +53 56 37 HD 17198
02 48 03 +37 33 22 SAO 55889
02 48 50 +49 11 02 HD 17359
02 49 58 +48 48 08 HD 17479
02 49 59 +42 21 45 PPM 45553
02 50 30 +41 17 50 HD 17571
02 50 42 +55 53 44 Miram
02 50 35 +38 19 07 16 Per
02 51 42 +38 54 05 HD 17708
02 52 05 +37 17 45 HD 17757
02 52 52 +52 59 50 HR 846
02 53 02 +39 55 13 SAO 55968
02 53 21 +48 34 12 HR 849
02 53 43 +38 20 15 20 Per
02 54 01 +47 09 39 HD 17891
02 54 07 +36 02 30 HD 17939
02 55 47 +34 28 40 SAO 56010
02 57 46 +44 31 28 SAO 38468
02 58 49 +43 21 52 HD 18392
02 59 42 +56 52 42 HD 237044
03 00 31 +33 39 15 PPM 68008
03 00 52 +52 21 07 HR 890
03 01 08 +44 53 19 HD 18613
03 01 29 +32 24 46 HD 18715
03 02 17 +41 23 46 HD 18751
03 03 12 +45 52 40 PPM 45794
03 03 21 +40 55 50 PPM 45796
03 03 36 +36 26 31 HD 18900
03 04 03 +52 30 41 HD 18856
03 05 46 +32 01 51 HD 19132
03 06 06 +53 03 10 HD 19055
03 06 18 +51 00 04 SAO 23807
03 06 45 +43 31 42 HD 19196
03 06 49 +55 44 20 CCDM 3068+5544
03 06 48 +45 45 03 HIP 14472
03 07 14 +43 06 00 ADS 2351
03 07 39 +36 37 03 HD 19308
03 08 10 +40 57 20 Algol
03 08 30 +56 39 03 HD 19278
03 08 27 +39 09 39 PPM 68137
03 08 46 +35 27 31 HD 19444
03 09 03 +44 15 06 HD 19426
03 10 53 +56 05 15 BD +55 00746
03 11 05 +55 43 59 HD 19537
03 11 17 +39 36 42 Gorgonea Quarta
03 12 10 +37 13 04 HD 19771
03 12 26 +47 43 33 HR 949
03 13 10 +44 39 24 BD +44 00638
03 13 35 +39 08 42 HD 19923
03 13 45 +37 31 57 ADS 2411
03 14 03 +54 44 57 HD 19863
03 14 17 +48 34 40 HD 19954
03 14 35 +35 53 23 CCDM 3146+3553
03 15 15 +44 51 13 PPM 45972
03 15 33 +38 40 24 HD 275114
03 15 37 +52 44 59 HD 20054
03 15 49 +50 57 21 HD 20096
03 16 36 +32 38 15 HD 278491
03 17 11 +40 28 59 HR 979
03 17 44 +54 57 17 CCDM 3177+5457
03 18 10 +49 15 07 HD 20325
03 18 41 +47 01 32 HD 20400
03 18 59 +55 23 52 HD 20364
03 19 16 +45 59 11 HD 20467
03 19 19 +45 57 05 PPM 46027
03 21 06 +43 21 38 HD 20652
03 21 52 +49 04 15 HR 1001
03 23 47 +54 35 32 HD 20824
03 24 30 +33 32 09 HR 1019
03 24 44 +44 16 45 SAO 38795
03 25 38 +47 01 15 HD 21046
03 25 38 +45 30 57 HD 21060
03 26 01 +45 36 01 SAO 38820
03 27 45 +34 27 01 HD 278665
03 28 02 +55 10 29 HD 21225
03 28 40 +50 26 11 HD 21332
03 28 56 +40 38 46 HD 275363
03 28 57 +40 11 11 HD 21449
03 29 14 +45 02 58 HD 21448
03 29 26 +46 56 16 HR 1047
03 29 47 +50 01 05 PPM 28509
03 30 14 +40 06 09 HD 275370
03 30 18 +52 53 41 HD 21488
03 30 35 +49 47 21 HD 21539
03 31 09 +37 22 46 CCDM 3311+3723
03 31 33 +47 51 45 HD 21641
03 32 16 +44 50 26 HD 21771
03 32 40 +45 33 56 SAO 38926
03 33 18 +35 22 13 HD 278801
03 33 33 +45 45 12 HD 21886
03 33 52 +43 51 02 HD 21924
03 33 59 +40 48 18 ADS 2608
03 34 13 +48 37 04 HD 21931
03 35 01 +32 01 00 IX Per
03 35 14 +42 35 27 HD 22089
03 35 23 +33 40 35 HD 22160
03 35 36 +42 53 15 HD 22122
03 37 43 +48 07 02 HD 22326
03 38 19 +44 48 06 HD 22428
03 39 00 +44 45 18 PPM 46411
03 40 07 +34 06 59 HD 22692
03 40 41 +46 01 24 HD 22679
03 40 50 +39 07 02 HD 22733
03 41 55 +43 30 52 HD 22846
03 42 18 +37 16 03 HD 275772
03 42 23 +33 57 54 40 Per
03 42 28 +32 56 22 HD 22963
03 42 55 +47 47 15 Delta Per
03 43 48 +42 36 12 HD 23050
03 43 59 +38 22 26 HD 23107
03 44 08 +32 07 16 HD 281160
03 44 15 +42 28 42 ADS 2720
03 44 34 +32 09 46 HD 281159
03 45 04 +40 04 46 HD 23231
03 45 09 +34 24 56 HD 278979
03 45 23 +40 31 47 HD 275785
03 45 55 +50 25 09 HD 23255
03 46 11 +48 00 39 HD 23299
03 46 46 +51 09 12 BD +50 00818
03 47 02 +41 25 38 HIP 17666
03 47 53 +33 36 00 HR 1163
03 48 01 +38 20 40 HD 23605
03 49 07 +32 15 51 HD 23802
03 49 13 +50 23 17 HD 23676
03 49 28 +52 39 19 HD 23675
03 49 21 +52 14 07 BD +51 00780
03 49 36 +38 58 55 XY Per
03 50 13 +34 49 12 HD 23922
03 50 24 +34 40 10 HD 279039
03 51 38 +49 47 05 HD 23984
03 53 02 +45 57 25 HD 24177
03 54 08 +31 53 01 Zeta Per
03 54 37 +35 18 49 HD 279166
03 55 11 +42 53 49 HD 24453
03 55 46 +52 24 07 HD 232859
03 55 55 +32 09 18 HD 24601
03 56 18 +51 08 00 PPM 28797
03 56 36 +50 41 43 43 Per
03 56 41 +47 29 00 HD 24582
03 57 11 +32 00 55 HD 281382
03 57 16 +41 52 50 HD 24689
03 57 50 +49 31 46 PPM 46660
03 57 51 +40 00 37 Epsilon Per
03 58 20 +32 45 23 HD 24856
03 59 45 +48 09 04 IQ Per
03 59 40 +38 49 13 HR 1229
04 01 00 +34 15 14 HD 279312
04 01 35 +38 39 57 HD 25184
04 02 05 +41 50 54 HD 25227
04 02 44 +46 59 49 HD 25246
04 03 31 +42 10 55 HD 25367
04 04 08 +49 48 54 HD 25363
04 04 07 +39 30 36 HD 25444
04 04 58 +37 05 15 HD 25538
04 05 52 +34 37 55 HD 279397
04 07 34 +38 04 28 HD 25893
04 08 02 +43 10 45 HD 25907
04 08 19 +41 29 26 HD 25949
04 08 42 +50 16 23 HD 25915
04 09 10 +40 09 41 HD 26051
04 10 24 +36 18 14 HD 279504
04 11 42 +40 15 56 HD 26344
04 13 32 +32 00 48 CCDM 4135+3201
04 14 10 +51 49 41 HD 26513
04 14 17 +41 02 27 HD 276132
04 15 17 +50 51 24 HD 232925
04 15 45 +45 23 38 HD 26735
04 15 56 +31 41 35 HD 26842
04 16 00 +32 19 14 CCDM 4160+3219
04 17 20 +46 13 04 HD 26907
04 19 50 +31 44 45 ADS 3126
04 20 04 +40 29 58 HD 276288
04 20 54 +50 22 39 HD 27276
04 20 58 +50 15 17 HD 27292
04 21 45 +50 02 07 HD 27395
04 22 27 +51 48 33 HD 232942
04 22 30 +51 36 22 HD 27447
04 23 05 +49 34 13 BD +49 01172
04 24 25 +34 18 54 HD 27770
04 24 37 +33 57 36 56 Per
04 24 49 +33 53 08 ADS 3190
04 25 47 +46 32 41 SAO 39522
04 25 52 +51 20 11 HD 232949
04 26 02 +45 14 37 BD +44 00945
04 26 39 +43 28 38 HD 27960
04 27 37 +32 03 39 CCDM 4276+3204
04 27 41 +46 15 29 SAO 39543
04 28 23 +38 26 17 HD 28179
04 28 41 +39 22 54 CCDM 4287+3923
04 30 23 +32 34 10 CCDM 4304+3234
04 31 24 +40 00 37 HR 1424
04 32 13 +52 12 04 HD 28496
04 32 10 +36 29 37 HD 279951
04 33 16 +51 02 51 HD 28618
04 33 25 +43 03 50 57 Per
04 34 39 +51 00 11 HD 28771
04 36 15 +47 22 16 HD 28986
04 36 41 +41 15 54 58 Per
04 36 39 +41 04 37 HD 29096
04 37 08 +48 23 58 HD 29093
04 38 07 +42 07 03 HD 29235
04 40 07 +42 19 55 HD 276679
04 44 03 +42 25 09 HD 29833
04 47 29 +43 24 02 HD 30196
04 47 53 +40 18 21 HD 276919
04 49 33 +39 14 14 HD 276956
