00 02 10 +27 04 56 85 Peg
00 02 25 +10 46 35 HD 224994
00 03 53 +27 58 49 PPM 89370
00 04 00 +12 08 45 HD 225161
00 04 12 +27 00 39 SAO 73722
00 05 09 +30 19 45 HD 4
00 05 24 +16 19 44 HD 42
00 05 44 +17 50 25 HD 85
00 05 55 +18 04 33 HD 113
00 08 23 +18 43 09 HD 376
00 14 56 +21 32 32 HD 1059
21 10 30 +19 57 34 HD 201672
21 11 35 +12 50 34 PPM 139733
21 12 26 +14 31 56 HD 201940
21 12 59 +18 01 30 PPM 139761
21 13 17 +16 55 08 HD 202091
21 15 57 +16 00 13 PPM 139853
21 16 08 +16 06 12 HD 202531
21 17 55 +16 44 26 CCDM 21179+1644
21 18 43 +14 17 21 PPM 139913
21 20 38 +15 37 29 HD 203234
21 21 10 +16 44 49 SAO 107060
21 21 34 +15 13 00 HD 203402
21 21 58 +23 49 31 HD 203484
21 22 05 +19 48 16 1 Peg
21 22 40 +15 33 25 PPM 140033
21 23 58 +22 36 02 PPM 112920
21 26 41 +13 41 18 HD 204215
21 28 14 +22 15 16 CCDM 21282+2215
21 28 53 +11 05 05 HIP 106053
21 29 00 +22 10 46 HR 8223
21 32 58 +20 42 41 HD 205160
21 33 35 +04 47 13 BD +04 04699
21 34 28 +24 42 43 CCDM 21345+2443
21 34 30 +09 29 59 HD 205356
21 35 56 +26 22 11 HD 205626
21 36 06 +27 16 16 SAO 89832
21 36 27 +03 51 00 CCDM 21365+0351
21 37 24 +23 39 30 HD 205823
21 37 37 +06 42 35 SAO 126937
21 37 44 +06 37 06 3 Peg
21 39 34 +23 21 35 BD +22 04455
21 39 55 +14 27 05 PPM 140457
21 40 16 +03 44 14 HD 206186
21 41 52 +07 07 34 PPM 172128
21 42 00 +18 56 20 HD 206485
21 42 15 +07 15 16 PPM 172140
21 42 55 +21 52 06 PPM 113460
21 43 32 +27 20 38 SAO 89929
21 44 09 +26 31 09 HD 206828
21 44 11 +09 52 30 Enif
21 44 08 +07 09 30 HD 206751
21 44 39 +25 38 42 Kappa Peg
21 45 27 +21 57 26 ADS 15292
21 45 31 +21 56 23 PPM 113533
21 45 45 +17 45 17 HD 207022
21 45 48 +15 45 28 HD 207032
21 46 04 +21 11 11 HD 207072
21 46 29 +22 10 28 HD 207147
21 46 31 +06 32 07 HD 207090
21 46 53 +07 22 00 PPM 172238
21 48 54 +05 22 50 HD 207447
21 49 32 +03 23 20 HD 207534
21 49 42 +34 14 51 SAO 71746
21 50 05 +31 50 52 HD 207703
21 50 37 +22 15 31 HD 207731
21 50 55 +32 39 31 HD 207805
21 51 34 +19 49 36 HR 8348
21 51 40 +19 18 25 HD 207859
21 51 57 +09 04 46 HD 207862
21 53 02 +05 18 28 PPM 172380
21 54 16 +13 33 26 HD 208175
21 54 17 +19 43 05 HR 8364
21 55 05 +25 22 43 PPM 113748
21 55 12 +29 43 35 ADS 15450
21 55 38 +35 04 45 HD 208473
21 55 39 +33 02 12 ADS 15453
21 55 38 +28 23 30 PPM 113769
21 55 53 +31 41 29 CCDM 21559+3141
21 55 58 +19 47 46 SAO 107517
21 56 05 +24 20 24 HD 208503
21 56 36 +34 20 54 HD 208596
21 56 40 +16 07 25 HD 208552
21 57 13 +08 19 26 CCDM 21572+0819
21 57 31 +04 09 28 HD 208632
21 57 37 +11 56 50 HD 208668
21 57 43 +20 14 30 SAO 90132
21 58 01 +05 56 25 HD 208718
21 58 37 +35 34 28 CCDM 21586+3534
21 58 37 +06 00 49 HD 208800
21 59 48 +35 12 54 CCDM 21598+3513
21 59 50 +23 56 27 HD 209026
22 01 23 +32 43 02 SAO 71953
22 01 54 +04 46 14 HD 209262
22 02 50 +03 44 52 PPM 172582
22 03 48 +24 07 00 ADS 15591
22 04 10 +35 07 18 RT Peg
22 04 17 +23 57 59 ADS 15595
22 04 22 +13 38 53 HD 209601
22 04 30 +15 51 28 HD 209622
22 04 52 +21 58 13 CCDM 22049+2158
22 05 45 +29 54 23 HD 209844
22 06 01 +20 48 12 HD 209859
22 05 59 +20 36 25 BD +19 04853
22 06 11 +10 05 36 HD 209845
22 06 27 +28 05 28 CCDM 22064+2806
22 06 56 +33 34 49 SAO 72038
22 09 14 +33 10 20 Pi 1 Peg
22 09 33 +05 41 47 PPM 172718
22 10 02 +33 43 24 CCDM 22100+3343
22 10 03 +07 57 13 HD 210390
22 10 25 +31 40 30 BD +30 04622
22 10 27 +19 24 35 SAO 107710
22 11 55 +06 53 47 HD 210686
22 12 38 +30 12 34 HD 210842
22 13 10 +21 47 40 PPM 114167
22 13 44 +07 42 54 HD 210945
22 14 06 +31 24 07 HD 211060
22 14 18 +17 11 22 HD 211076
22 14 29 +07 58 34 HD 211048
22 14 35 +29 34 20 HD 211139
22 14 49 +22 31 24 HD 211153
22 14 50 +21 56 59 PPM 114205
22 15 16 +23 53 55 CCDM 22153+2354
22 15 55 +31 25 09 PPM 87594
22 16 03 +12 28 47 CCDM 22160+1229
22 16 20 +26 16 16 HIP 109965
22 20 21 +11 02 21 HD 211905
22 20 31 +35 06 53 HD 212003
22 20 28 +05 47 22 30 Peg
22 20 38 +25 04 41 BD +24 04578
22 20 45 +24 57 25 HD 212005
22 21 19 +28 19 50 32 Peg
22 21 49 +15 15 10 SAO 107857
22 22 18 +11 04 49 HD 212187
22 22 39 +33 28 08 PPM 87703
22 22 34 +09 56 25 HD 212224
22 22 42 +28 49 25 PPM 114348
22 23 21 +22 59 36 SAO 90459
22 23 24 +17 33 02 PPM 141398
22 23 30 +03 51 17 HD 212335
22 23 40 +20 50 53 33 Peg
22 23 40 +28 01 19 SAO 90464
22 24 12 +27 11 54 SAO 90476
22 24 27 +03 49 06 HD 212472
22 24 45 +28 36 38 CCDM 22248+2837
22 27 13 +15 09 14 HD 212873
22 27 52 +04 41 44 35 Peg
22 28 06 +29 42 07 HD 213024
22 28 13 +23 31 57 HD 213013
22 28 12 +17 15 48 HD 213014
22 28 58 +34 32 16 HD 213160
22 29 35 +05 38 30 HD 213194
22 32 36 +34 13 44 HD 213661
22 32 34 +07 25 05 HD 213609
22 32 51 +33 24 12 HD 213686
22 32 45 +26 24 33 HD 213662
22 34 32 +04 13 21 HD 213892
22 34 37 +29 44 07 HD 213959
22 35 39 +17 19 22 SAO 108022
22 36 16 +29 44 43 HD 214202
22 37 35 +27 26 23 HD 214422
22 37 55 +11 31 04 PPM 141660
22 37 53 +05 54 26 HD 214423
22 39 19 +10 32 48 HD 214611
22 39 28 +07 10 24 HD 214641
22 39 59 +17 10 27 SAO 108079
22 40 06 +32 42 45 BD +31 04756
22 40 43 +29 59 32 HD 214860
22 41 18 +13 10 31 HD 214893
22 41 28 +30 02 51 SAO 90711
22 43 32 +31 13 38 HD 215273
22 45 31 +33 59 10 SAO 72690
22 45 34 +30 26 33 HD 215549
22 45 59 +33 58 44 BD +33 04583
22 45 58 +19 15 01 HD 215578
22 49 41 +31 18 41 HIP 112723
22 50 46 +34 27 23 SAO 72774
22 51 04 +30 01 36 CCDM 22511+3002
22 51 27 +26 23 28 HD 216285
22 51 26 +13 58 12 HD 216259
22 51 56 +30 01 41 SAO 90839
22 51 57 +22 19 21 PPM 114890
22 53 02 +31 39 40 SAO 72808
22 53 35 +30 45 46 HD 216562
22 53 48 +13 35 59 HD 216563
22 54 11 +28 00 59 HD 216632
22 54 37 +20 19 59 HD 216671
22 54 45 +18 11 34 ADS 16360
22 54 48 +15 11 23 SAO 108249
22 55 00 +33 04 21 PPM 88330
22 55 09 +23 31 25 CCDM 22552+2331
22 56 24 +17 27 09 HD 216863
22 56 51 +11 50 54 HR 8724
22 57 48 +23 44 42 CCDM 22578+2345
22 58 13 +30 21 55 SAO 72890
22 58 34 +12 03 04 HD 217163
22 58 35 +09 21 25 HR 8737
22 58 59 +27 44 45 HD 217229
22 59 04 +26 56 38 CCDM 22591+2657
22 59 48 +30 04 38 HD 217351
23 00 42 +31 04 59 HR 8753
23 01 06 +26 46 53 HD 217544
23 03 42 +29 53 58 HD 217923
23 03 46 +28 04 58 Scheat
23 03 48 +23 09 17 HD 217907
23 05 01 +33 23 09 HD 218097
23 06 42 +33 01 45 PPM 88531
23 06 48 +30 40 34 HD 218327
23 07 26 +20 34 54 HD 218381
23 07 28 +32 49 31 HR 8798
23 08 15 +22 07 12 HD 218486
23 09 31 +08 40 38 57 Peg
23 09 57 +14 25 36 HD 218687
23 10 17 +32 29 13 HD 218767
23 10 42 +26 31 23 HD 218806
23 10 57 +16 48 23 HD 218832
23 11 09 +29 18 48 PPM 115217
23 11 49 +26 50 50 60 Peg
23 12 54 +12 33 27 CCDM 23129+1233
23 13 09 +10 40 17 HD 219092
23 13 10 +19 58 58 HD 219099
23 13 18 +22 05 02 HD 219111
23 13 27 +11 03 54 HR 8833
23 14 24 +31 46 41 SAO 73106
23 14 22 +29 46 19 HR 8838
23 15 52 +27 28 59 SAO 91132
23 17 01 +21 24 39 HD 219614
23 17 31 +16 51 36 HD 219669
23 17 58 +10 32 07 HD 219714
23 18 45 +25 12 43 HD 219827
23 19 30 +13 23 52 CCDM 23195+1324
23 20 49 +21 57 46 HD 220076
23 22 49 +20 33 32 HD 220334
23 22 45 +18 42 46 PPM 142451
23 24 24 +14 28 45 HD 220541
23 25 39 +33 26 17 BD +32 04642
23 26 00 +27 42 26 HD 220723
23 27 37 +16 37 44 HD 220923
23 27 56 +11 08 10 HD 220953
23 28 03 +33 33 31 HD 220987
23 27 58 +23 35 12 HD 220952
23 28 15 +25 55 40 SAO 91285
23 28 41 +11 56 43 HD 221041
23 29 37 +26 16 53 SAO 91301
23 30 12 +13 58 39 PPM 142572
23 30 26 +30 49 54 HD 221264
23 30 56 +09 28 55 HD 221305
23 31 05 +18 46 44 HD 221327
23 31 25 +16 13 07 HD 221355
23 32 25 +17 24 14 HD 221479
23 32 33 +31 26 49 HD 221492
23 33 47 +12 16 45 CCDM 23338+1217
23 33 49 +11 59 00 PPM 142623
23 34 33 +27 02 49 SAO 91355
23 35 29 +08 50 21 PPM 174238
23 36 19 +28 53 56 HD 221949
23 37 40 +16 49 32 74 Peg
23 38 02 +12 52 48 HD 222145
23 40 16 +19 45 16 HD 222418
23 40 51 +20 21 57 HD 222474
23 42 02 +15 23 15 PPM 142765
23 42 31 +18 39 59 HD 222659
23 45 29 +20 24 56 HD 222978
23 45 33 +12 22 38 HD 222979
23 46 52 +28 25 11 HD 223138
23 47 14 +30 43 37 SAO 73507
23 47 22 +09 28 29 SAO 128381
23 47 52 +17 03 21 HD 223249
23 48 07 +10 08 50 PPM 142865
23 49 19 +25 20 46 HD 223415
23 49 39 +15 24 22 CCDM 23497+1524
23 52 14 +28 34 36 PPM 115903
23 52 29 +12 52 22 HD 223769
23 52 42 +29 19 39 PPM 115911
23 53 00 +11 55 27 HD 223839
23 53 09 +29 01 05 HIP 117779
23 54 19 +31 53 59 HD 224001
23 54 56 +29 28 32 HD 224083
23 56 03 +28 14 39 PPM 115965
23 57 46 +11 28 28 HD 224429
23 58 04 +24 20 28 HD 224459
