00 00 12 +01 46 17 HD 224725
00 00 25 +08 30 08 SAO 128525
00 01 20 +07 42 06 HD 224858
00 02 47 +02 07 49 HD 225028
00 03 04 +08 16 14 HD 225057
00 06 28 +01 55 23 PPM 143138
00 08 40 -04 50 39 HD 401
00 09 52 +11 24 58 HD 530
00 09 52 +08 27 11 PPM 143204
00 10 02 +11 08 45 34 Psc
00 10 17 +04 53 33 SAO 109045
00 11 35 -03 04 41 HD 717
00 13 40 +06 34 49 HD 921
00 14 59 +08 49 15 35 Psc
00 15 52 -05 36 04 HD 1153
00 17 22 +16 30 37 HD 1309
00 17 25 +08 52 35 HIP 1392
00 17 29 +00 19 16 HD 1329
00 18 01 +09 30 53 SAO 109125
00 19 09 +00 06 07 ADS 266
00 20 02 +14 19 29 ADS 280
00 21 48 +13 29 22 SAO 91862
00 22 25 +13 28 57 42 Psc
00 22 38 +21 40 00 HD 1812
00 24 00 -03 28 31 HD 1978
00 25 58 +04 06 41 PPM 143491
00 26 16 +03 49 33 HD 2235
00 27 11 +21 15 30 HD 2316
00 27 31 +16 01 32 HD 2358
00 28 49 +02 49 18 CCDM 0288+0250
00 29 43 +20 18 05 HIP 2327
00 30 47 +16 02 15 HD 2714
00 32 22 +15 39 18 PPM 116555
00 32 24 +06 57 20 51 Psc
00 34 53 +18 54 00 SAO 91979
00 35 29 +11 50 25 HD 3213
00 35 37 +03 19 18 HD 3242
00 36 16 +17 00 40 PPM 116616
00 37 52 +03 00 28 PPM 143698
00 39 22 +21 15 02 54 Psc
00 39 28 +03 18 52 PPM 143745
00 39 56 +21 26 19 55 Psc
00 41 21 +14 39 00 PPM 116690
00 42 23 +04 10 01 HD 3972
00 42 43 +04 52 56 CCDM 0427+0453
00 43 33 +17 21 21 HD 4107
00 45 04 +05 33 11 SAO 109430
00 45 20 +10 18 45 SAO 92064
00 47 41 +12 52 45 HD 4552
00 48 23 +05 16 50 HR 222
00 49 53 +30 27 01 HD 4744
00 49 53 +27 42 37 65 Psc
00 52 08 +10 36 03 HD 4936
00 53 19 +05 00 19 HD 5130
00 53 29 +03 18 10 HIP 4186
00 53 34 +27 56 16 CCDM 0536+2756
00 53 34 +18 45 37 CCDM 0536+1846
00 54 45 +09 25 44 HD 5280
00 54 57 +19 28 25 HD 5297
00 55 08 +28 10 07 HD 5293
00 55 17 +18 56 15 SAO 92154
00 58 01 +09 16 43 PPM 144104
00 58 07 +26 55 23 PPM 90344
00 58 44 +24 41 00 HD 5681
00 59 05 +05 22 55 PPM 144126
01 00 42 +09 29 13 HD 5901
01 01 02 +12 24 19 HD 5957
01 01 51 +23 47 36 BD +23 00139
01 01 56 +10 05 23 HD 6051
01 03 47 +06 45 53 HD 6277
01 05 09 +26 14 29 SAO 74477
01 05 12 +12 49 56 HD 6421
01 05 30 +15 23 24 HD 6440
01 05 41 +21 28 23 Psi 1 Psc
01 05 49 +04 54 30 77 Psc
01 06 11 +32 10 53 HD 6476
01 07 04 +11 33 08 HD 6614
01 08 22 +05 38 59 80 Psc
01 10 19 +16 35 35 HD 6965
01 10 21 +29 52 11 HD 6951
01 11 54 +04 52 43 HD 7146
01 12 53 +32 04 32 HD 7215
01 12 59 +30 03 51 HR 356
01 13 09 +29 41 59 HD 7255
01 13 45 +24 35 01 Phi Psc
01 13 44 +07 34 31 Zeta Psc
01 14 21 +30 32 31 HD 7384
01 14 27 +20 12 13 BD +19 00205
01 17 28 +21 05 07 HD 7745
01 18 15 +15 28 47 BD +14 00197
01 18 37 +13 16 25 CCDM 1186+1316
01 20 15 +13 45 58 HD 8067
01 20 49 +18 12 53 HD 8118
01 20 49 +11 27 29 HD 8127
01 21 31 +03 46 19 CCDM 1215+0346
01 22 43 +17 11 49 HD 8321
01 25 31 +28 32 30 PPM 90771
01 25 34 +31 33 01 HD 8610
01 25 41 +02 58 19 HD 8686
01 26 54 +03 32 08 HR 419
01 28 19 +14 28 35 HD 8942
01 28 23 +07 57 41 HR 426
01 29 05 +21 43 23 HD 8997
01 29 17 +25 01 27 SAO 74745
01 29 28 +30 53 40 HD 9023
01 29 36 +21 56 25 PPM 90830
01 29 51 +31 00 26 HD 9070
01 29 53 +14 12 35 SAO 92464
01 30 11 +06 08 38 Mu Psc
01 30 17 +12 38 59 HD 9148
01 30 26 +07 48 27 HD 9157
01 32 03 +16 56 50 HD 9312
01 32 05 +12 17 32 HD 9333
01 33 18 +08 12 31 HD 9496
01 33 31 +17 38 48 HD 9494
01 34 52 +12 33 31 HD 9656
01 35 27 +26 41 03 HD 9701
01 36 03 +07 38 44 HD 9817
01 36 55 +11 49 12 CCDM 1369+1149
01 37 39 +22 33 26 HD 9956
01 37 39 +18 35 33 PPM 117511
01 37 40 +07 08 56 SAO 110018
01 37 55 +25 54 14 HD 9984
01 39 55 +15 15 24 SAO 92560
01 41 18 +25 44 45 HR 484
01 41 19 +10 06 50 HD 10352
01 44 15 +09 29 03 HIP 8110
01 45 52 +15 00 13 PPM 117649
01 48 41 +07 41 02 HD 11049
01 51 28 +04 56 57 HD 11322
01 51 52 +03 40 54 CCDM 1519+0341
01 55 36 +03 34 40 HD 11775
01 56 13 +04 37 10 CCDM 1562+0437
02 00 10 +06 41 28 HD 12234
02 00 45 +04 56 27 SAO 110275
02 02 03 +02 45 50 Alrisha
02 02 39 +07 40 36 SAO 110296
00 00 00 -00 00 00 ADS 4351
00 00 00 -00 00 00 ADS 9556
00 00 00 -00 00 00 ADS 11563
00 00 00 -00 00 00 ADS 12707
00 00 00 -00 00 00 ADS 14266
22 53 12 +04 40 20 HD 216481
22 55 25 +04 49 00 HD 216759
22 56 59 -00 29 52 HD 216904
22 57 07 -03 14 43 HD 216931
22 58 02 +01 32 49 CCDM 22580+0133
22 58 21 -00 34 16 HD 217120
22 58 36 +03 42 17 CCDM 22586+0342
23 07 43 +06 36 17 HD 218408
23 09 33 +00 42 41 CCDM 23096+0043
23 09 47 -00 49 35 PPM 181586
23 11 14 +05 00 16 HD 218853
23 13 31 +03 59 10 CCDM 23135+0359
23 13 41 +02 12 13 HD 219150
23 14 00 +03 26 46 HD 219189
23 16 33 -00 43 58 SAO 146604
23 16 35 -01 35 11 HIP 114914
23 17 34 -00 50 01 PPM 181604
23 17 38 -01 31 18 HD 219657
23 18 48 +05 10 04 SAO 128106
23 18 54 +05 24 20 HD 219829
23 20 50 +02 27 23 HD 220062
23 21 21 +03 50 44 PPM 174013
23 23 32 +00 17 29 HR 8897
23 24 16 +03 42 56 HD 220512
23 24 21 +06 02 44 PPM 174055
23 25 50 +04 57 24 CCDM 23258+0457
23 28 16 +06 04 28 HD 220990
23 28 30 +03 33 53 HD 221014
23 30 41 +05 14 58 HD 221272
23 33 00 -01 04 27 SAO 146768
23 39 44 +03 30 46 PPM 174310
23 40 43 -00 22 59 HD 222456
23 41 11 +06 15 46 HD 222502
23 43 57 +07 14 58 HIP 117063
23 44 59 +03 46 15 SAO 128360
23 45 18 +05 06 58 HD 222948
23 46 00 +00 15 43 HD 223029
23 47 57 -02 45 42 20 Psc
23 53 41 -01 39 39 HD 223928
23 54 11 +02 18 50 PPM 174538
23 54 25 +02 27 50 HD 224004
23 56 27 -00 35 14 HD 224264
23 56 50 -00 30 35 HD 224316
23 58 40 -03 33 22 27 Psc
