06 04 40 -45 04 44 HR 2158
06 04 47 -48 27 30 HIP 28796
06 14 22 -49 06 45 HIP 29608
06 14 31 -45 20 44 PPM 310540
06 16 52 -47 02 39 HD 44011
06 20 47 -44 47 21 HD 44665
06 22 55 -45 37 44 HD 45056
06 24 07 -50 31 47 HD 45347
06 28 36 -44 20 52 HD 46002
06 28 49 -48 31 46 PPM 754119
06 29 49 -50 14 21 HR 2384
06 35 53 -48 16 48 HD 47408
06 38 38 -48 13 13 HR 2462
06 38 44 -45 03 52 HD 47924
06 38 56 -45 03 12 SAO 218098
06 41 14 -40 20 59 HR 2475
06 42 06 -38 00 13 HD 48524
06 42 16 -38 23 56 HR 2482
06 42 49 -50 27 06 HD 48857
06 46 45 -47 48 16 HD 49614
06 47 23 -48 33 49 HD 49758
06 49 27 -33 24 47 HIP 32709
06 49 45 -39 09 10 SAO 197259
06 49 58 -45 27 01 HR 2546
06 51 34 -47 45 01 HD 50599
06 51 41 -44 18 22 HD 50568
06 52 20 -35 17 26 HD 50597
06 53 09 -37 01 45 HD 50832
06 53 29 -38 56 05 HD 50921
06 54 15 -34 13 22 HD 51042
06 54 37 -41 34 23 SAO 218300
06 54 37 -45 53 33 HD 51317
06 54 56 -33 40 20 SAO 197352
06 58 02 -47 25 26 HD 52248
06 58 17 -35 25 09 HIP 33544
06 59 29 -34 21 05 HD 52358
07 02 10 -48 59 38 HD 53325
07 02 53 -45 45 06 HD 53442
07 03 26 -35 19 10 HD 53404
07 03 57 -43 36 29 HR 2667
07 05 32 -34 46 40 HIP 34200
07 05 58 -42 19 38 HD 54208
07 07 18 -34 26 20 HD 54414
07 09 18 -49 58 45 HD 55195
07 12 26 -36 32 40 HR 2726
07 13 32 -44 38 23 HR 2748
07 14 22 -44 39 45 SAO 218562
07 14 38 -37 19 58 HD 56260
07 16 05 -41 41 55 HD 56660
07 16 36 -46 14 17 HD 56857
07 17 09 -37 05 51 Pi Pup
07 18 18 -36 44 02 NV Pup
07 20 26 -33 32 56 HD 57575
07 20 53 -43 49 30 HD 57832
07 20 52 -48 30 51 HD 57897
07 21 22 -48 31 37 HD 58017
07 22 16 -35 54 58 HD 58038
07 23 00 -43 46 17 CD -43 03173
07 23 49 -33 29 08 HD 58326
07 24 18 -42 42 22 HIP 35924
07 24 47 -37 17 28 HR 2843
07 24 57 -38 21 07 HD 58676
07 25 16 -46 14 53 HD 58871
07 26 59 -34 18 44 HD 59099
07 27 26 -23 56 56 CCDM 7274-2357
07 27 28 -20 46 58 BD -20 01950
07 27 34 -18 29 31 HD 59074
07 27 49 -28 22 15 HD 59215
07 28 01 -21 58 52 CCDM 7280-2159
07 28 02 -26 50 20 HD 59235
07 28 44 -13 48 56 HD 59277
07 28 51 -31 50 54 HR 2870
07 29 03 -48 27 13 SAO 218756
07 29 14 -43 18 05 Sigma Pup
07 29 22 -14 59 55 HR 2868
07 29 38 -32 09 26 HD 59654
07 29 51 -23 01 27 HR 2874
07 30 12 -28 15 52 SAO 173881
07 31 43 -35 53 16 PS Pup
07 31 44 -43 17 23 HD 60287
07 31 51 -20 55 49 HD 60054
07 32 31 -38 58 21 HD 60397
07 32 34 -12 52 37 HD 60116
07 32 46 -49 12 42 HD 60575
07 33 25 -28 11 01 SAO 173999
07 33 53 -36 22 39 SAO 198131
07 34 09 -50 50 26 HD 60907
07 34 19 -23 28 25 HR 2910
07 34 23 -42 04 26 HD 60791
07 34 29 -13 52 13 HD 60552
07 35 23 -28 22 10 HR 2922
07 35 43 -12 46 33 SAO 153111
07 36 03 -22 17 37 HD 60921
07 36 04 -14 29 34 HR 2921
07 36 15 -23 50 18 HD 61024
07 36 12 -48 50 49 SAO 218833
07 36 41 -14 26 37 HD 61017
07 36 38 -35 44 39 HD 61212
07 36 54 -15 26 34 HD 61081
07 36 59 -24 00 47 HD 61159
07 37 08 -13 52 11 HD 61098
07 37 39 -14 26 26 HR 2932
07 37 37 -30 37 45 HD 61353
07 38 18 -25 21 53 PU Pup
07 38 27 -47 42 40 HD 61714
07 38 50 -26 48 14 HR 2949
07 38 57 -20 16 11 HIP 37244
07 39 19 -16 40 36 HD 61567
07 39 17 -49 03 05 HD 61947
07 39 23 -43 58 30 HD 61880
07 39 44 -38 08 21 HR 2963
07 40 53 -31 41 19 SAO 198287
07 41 02 -16 29 19 HD 61938
07 41 10 -21 14 50 HD 62027
07 41 13 -26 59 37 HD 62084
07 41 37 -17 26 13 HD 62080
07 41 55 -23 37 11 HD 62207
07 42 07 -24 06 54 HD 62244
07 42 07 -30 11 11 HD 62315
07 42 16 -15 08 12 CCDM 7423-1508
07 42 21 -18 16 08 HD 62240
07 42 34 -18 23 34 CCDM 7426-1824
07 42 33 -18 26 41 CCDM 7426-1827
07 43 26 -22 07 11 HD 62496
07 43 30 -27 26 41 SAO 174387
07 43 46 -39 52 29 HD 62752
07 44 06 -24 56 00 CD -24 05867
07 44 10 -24 57 12 HD 62637
07 44 13 -50 27 24 HD 63008
07 44 23 -49 50 08 CD -49 03031
07 44 29 -23 53 22 CP -23 02753
07 44 37 -17 17 27 HD 62676
07 44 37 -23 52 48 CCDM 7446-2353
07 44 44 -14 07 43 SAO 153336
07 44 43 -24 14 17 HD 62775
07 44 47 -33 43 54 HD 62911
07 45 29 -14 41 26 2 Pup
07 45 33 -32 11 11 HD 63031
07 45 45 -17 20 05 ADS 6352
07 45 45 -38 58 16 HD 63152
07 46 02 -49 31 55 HD 63345
07 46 16 -43 02 22 HD 63293
07 46 52 -38 28 02 HD 63341
07 47 07 -41 30 13 HD 63425
07 47 25 -38 30 40 HR 3035
07 47 45 -16 00 52 HR 3027
07 47 57 -12 11 33 5 Pup
07 47 53 -24 11 13 HD 63417
07 47 59 -19 24 12 HD 63395
07 48 01 -44 32 41 HD 63663
07 48 10 -37 40 40 HD 63602
07 48 24 -25 46 15 HD 63524
07 48 24 -45 15 30 HD 63741
07 48 38 -30 15 52 SAO 198464
07 48 57 -46 37 19 HD 63869
07 49 14 -46 22 24 HR 3055
07 49 24 -30 33 29 HD 63785
07 49 45 -28 14 52 HD 63824
07 50 22 -32 10 01 HD 63986
07 50 32 -33 49 06 SAO 198508
07 51 03 -24 14 14 SAO 174660
07 51 44 -29 39 54 HD 64221
07 51 48 -15 15 29 HD 64117
07 51 57 -31 38 11 HD 64301
07 52 03 -28 18 10 HD 64284
07 52 16 -34 42 20 HR 3079
07 52 28 -13 51 46 HD 64259
07 52 39 -30 28 32 HD 64421
07 52 53 -31 06 13 HD 64481
07 53 08 -25 13 57 HD 64454
07 53 45 -21 55 24 HD 64564
07 53 42 -50 54 51 HD 64908
07 54 07 -18 19 52 HD 64611
07 55 18 -41 49 50 HD 65089
07 55 39 -43 46 48 HD 65186
07 55 59 -35 54 49 HD 65162
07 58 14 -49 14 42 V Pup
07 58 34 -21 29 16 HD 65566
07 58 50 -47 40 59 HD 65905
07 59 01 -29 34 50 HD 65742
07 59 12 -49 58 37 HR 3142
07 59 41 -44 28 57 HD 66002
07 59 48 -13 51 00 HD 65783
07 59 46 -47 18 13 HD 66079
07 59 54 -23 01 44 BD -22 02109
08 00 07 -29 30 53 HD 65945
08 00 49 -42 18 54 HD 66233
08 00 49 -47 48 40 HD 66338
08 00 55 -36 46 54 HIP 39190
08 01 06 -40 13 08 HD 66280
08 01 19 -22 20 13 HD 66097
08 01 57 -27 12 53 HD 66306
08 02 02 -42 46 13 HD 66503
08 02 04 -27 15 06 HD 66329
08 02 27 -34 34 00 HIP 39332
08 02 27 -44 40 01 QQ Pup
08 02 37 -27 32 39 HD 66454
08 02 45 -41 18 35 HR 3162
08 03 04 -32 27 49 HR 3160
08 03 10 -38 11 48 HIP 39390
08 03 09 -43 19 54 HD 66745
08 03 21 -36 25 52 CD -36 04145
08 03 24 -13 12 13 HD 66491
08 03 25 -30 43 56 HD 66648
08 03 34 -22 12 37 HD 66618
08 03 43 -46 34 01 SAO 219364
08 03 51 -35 30 42 HD 66810
08 03 54 -31 32 39 HD 66791
08 04 08 -24 39 26 HD 66757
08 04 17 -42 40 41 HD 67024
08 04 25 -36 02 01 HD 66934
08 04 33 -25 41 59 HD 66885
08 05 03 -41 23 15 HD 67193
08 05 26 -12 34 38 CCDM 8054-1235
08 05 40 -29 59 31 HD 67162
08 05 45 -33 34 10 HR 3177
08 06 15 -40 20 36 SAO 219416
08 06 15 -22 51 42 HD 67238
08 06 28 -17 11 55 HD 67237
08 06 52 -27 06 51 HD 67409
08 08 10 -22 07 55 HIP 39820
08 08 26 -29 52 41 HD 67775
08 08 30 -19 51 37 HD 67670
08 08 42 -42 11 22 HD 67979
08 09 03 -39 30 48 HD 68005
08 09 08 -26 13 56 HD 67884
08 09 03 -26 17 15 SAO 175267
08 09 48 -42 38 27 HR 3205
08 09 52 -38 21 34 CD -37 04311
08 10 03 -41 09 23 HD 68302
08 10 48 -32 36 14 HD 68364
08 10 59 -15 54 54 HD 68234
08 11 07 -21 07 10 BD -20 02424
08 11 16 -12 55 37 19 Pup
08 11 26 -42 59 14 HR 3226
08 11 42 -32 09 13 HD 68552
08 12 06 -15 39 32 HD 68487
08 12 23 -40 24 37 CD -40 03964
08 12 37 -15 18 28 SAO 153972
08 13 16 -24 17 33 HIP 40252
08 13 20 -41 15 31 HD 69019
08 13 32 -36 24 26 HD 68981
08 13 35 -31 44 07 HD 68978
08 13 46 -34 44 19 HD 69042
08 13 47 -41 27 57 HD 69126
08 13 56 -37 40 42 HD 69083
08 13 58 -36 19 20 OS Pup
08 14 03 -40 20 52 HR 3243
08 14 24 -29 48 27 HD 69103
08 15 28 -37 22 19 HD 69402
08 15 53 -30 55 33 HR 3251
08 16 04 -28 47 23 HD 69441
08 16 13 -35 52 56 HD 69565
08 16 20 -11 33 51 HD 69368
08 16 28 -16 19 15 HD 69438
08 16 53 -16 14 15 HD 69531
08 16 55 -34 51 35 HD 69726
08 17 38 -23 46 07 HD 69774
08 18 13 -37 22 29 HIP 40673
08 18 21 -20 16 20 HD 69876
08 18 27 -25 34 44 HD 69946
08 18 22 -40 43 36 HD 70062
08 18 32 -21 56 11 SAO 175559
08 20 00 -34 25 13 HIP 40831
08 20 41 -24 05 49 HD 70361
08 21 50 -22 59 43 BD -22 02241
08 22 08 -40 59 29 HIP 41006
08 22 50 -26 20 53 HR 3291
08 22 59 -31 26 27 HD 70837
08 23 19 -18 04 16 SAO 154190
08 23 26 -42 25 08 HD 71018
08 23 25 -42 48 26 HD 71019
08 24 16 -33 28 43 HD 71103
08 24 32 -30 39 29 SAO 199186
08 24 46 -14 04 16 HD 71034
08 25 04 -24 02 46 HR 3315
08 25 49 -41 56 26 HD 71441
08 25 54 -22 42 55 HD 71314
08 26 00 -43 17 39 HD 71490
08 26 18 -39 03 32 NO Pup
08 26 26 -30 22 30 HD 71438
08 26 42 -35 30 58 HD 71543
08 26 45 -22 52 19 SAO 175836
08 26 52 -21 37 34 BD -21 02439
