17 44 14 -27 27 28 HD 161004
17 45 32 -28 03 55 HD 161229
17 46 14 -22 41 36 HD 161375
17 47 50 -22 11 11 SAO 185767
17 49 36 -20 00 25 PPM 733503
17 50 41 -29 16 44 HD 162120
17 52 14 -28 28 46 HD 162438
17 52 30 -27 01 46 HD 162511
17 53 16 -22 20 41 HD 162694
17 53 24 -26 39 55 CD -26 12489
17 54 33 -19 11 29 BD -19 04737
17 58 16 -23 58 55 ADS 10917
17 58 56 -36 51 30 HR 6691
17 59 05 -30 15 11 HR 6694
17 59 10 -24 25 41 HD 163812
17 59 13 -36 56 20 V1647 Sgr
18 00 28 -22 35 24 PPM 733608
18 00 31 -23 41 16 CCDM 18005-2341
18 01 06 -20 48 11 PPM 267671
18 01 18 -30 09 51 HD 164199
18 02 03 -27 30 54 HD 164404
18 02 24 -23 01 51 HD 164492
18 02 39 -24 15 19 HD 164536
18 03 52 -19 13 07 HD 312561
18 04 17 -22 29 40 HD 164883
18 04 19 -22 38 55 CCDM 18043-2239
18 04 40 -19 36 23 BD -19 04825
18 04 42 -24 20 57 HD 164947
18 04 50 -35 54 05 HR 6739
18 05 26 -23 00 21 HD 313846
18 05 26 -29 29 50 CCDM 18054-2930
18 05 41 -34 36 57 HD 165085
18 05 45 -36 34 46 HD 165063
18 06 16 -19 40 36 CCDM 18063-1941
18 06 21 -34 18 54 HD 165210
18 06 43 -22 03 30 CCDM 18067-2204
18 07 05 -22 23 42 CCDM 18071-2224
18 07 13 -18 54 21 HIP 88762
18 07 31 -22 05 53 HD 313810
18 08 09 -22 16 28 HD 165689
18 08 21 -18 55 51 HD 165744
18 08 35 -27 51 51 HIP 88864
18 08 54 -25 28 23 V3792 Sgr
18 09 15 -26 07 00 HD 165896
18 09 58 -21 57 15 BD -21 04877
18 10 01 -35 35 03 HD 165956
18 10 06 -30 43 44 HR 6780
18 10 34 -16 44 57 HD 166286
18 10 45 -17 08 38 HD 166305
18 11 15 -19 50 31 HR 6798
18 11 43 -16 04 46 SAO 161161
18 11 43 -23 42 04 11 Sgr
18 11 40 -24 03 34 HD 166445
18 11 53 -26 19 43 CCDM 18119-2620
18 12 13 -32 16 54 HD 166484
18 12 30 -18 51 42 HD 166668
18 12 49 -16 17 45 HD 166763
18 12 53 -35 12 39 HD 166593
18 13 06 -20 24 27 CCDM 18131-2024
18 13 36 -21 01 50 BD -21 04905
18 13 41 -18 49 36 HD 166934
18 13 46 -21 03 32 Mu Sgr
18 14 00 -20 52 22 CCDM 18140-2052
18 14 15 -35 24 47 HD 166905
18 15 14 -36 23 19 HD 167073
18 15 17 -18 59 34 HD 167287
18 15 25 -16 22 57 CCDM 18154-1623
18 15 25 -16 47 45 HD 167334
18 16 11 -31 09 33 HD 167363
18 16 32 -26 01 48 CCDM 18165-2602
18 16 34 -23 54 09 HD 167503
18 16 50 -25 00 19 HD 167550
18 17 36 -34 06 26 RS Sgr
18 17 38 -36 45 42 Eta Sgr
18 17 51 -18 47 55 HD 167863
18 17 58 -18 42 09 HD 167884
18 18 14 -32 27 31 HD 167798
18 18 32 -35 03 01 HIP 89710
18 18 43 -18 37 11 HR 6848
18 19 06 -26 44 19 HD 168085
18 22 26 -22 01 29 CCDM 18224-2201
18 22 50 -17 26 49 HD 168897
18 24 27 -29 32 40 HD 317501
18 24 48 -36 42 24 HD 169122
18 25 23 -16 30 30 HD 169457
18 25 21 -20 32 30 21 Sgr
18 25 39 -21 02 18 HD 169475
18 25 40 -27 23 46 HD 169424
18 26 14 -18 46 57 CCDM 18262-1847
18 27 20 -21 39 34 HD 169806
18 27 44 -32 06 56 HD 169788
18 28 00 -21 35 23 HD 169965
18 28 08 -20 48 07 HD 170015
18 28 10 -21 14 19 HD 170016
18 28 51 -21 22 02 HD 170163
18 28 57 -25 02 34 HIP 90574
18 28 57 -26 34 55 HR 6926
18 30 36 -36 24 24 HIP 90724
18 31 05 -32 59 21 HR 6936
18 31 53 -19 07 30 U Sgr
18 33 03 -19 17 37 CP -19 06927
18 33 59 -19 28 45 HD 171172
18 34 24 -31 09 24 HD 171136
18 34 27 -34 48 57 HIP 91054
18 35 10 -21 40 23 HD 171334
18 35 52 -28 49 00 HD 171396
18 36 39 -20 18 50 HD 171611
18 38 15 -25 25 17 HD 171878
18 38 36 -21 49 08 CCDM 18386-2149
18 39 29 -21 01 16 HD 172157
18 39 52 -25 30 17 HD 172193
18 40 31 -29 52 52 HD 172258
18 40 57 -35 06 41 HD 172300
18 43 57 -19 53 30 HD 172987
18 44 44 -25 47 53 HIP 91967
18 48 44 -17 02 09 HD 173927
18 48 54 -26 02 49 HIP 92314
18 49 26 -29 04 41 HIP 92363
18 49 49 -16 55 11 HD 174144
18 49 53 -31 20 16 HD 174035
18 50 13 -26 47 51 HD 174149
18 51 01 -17 47 21 HD 174400
18 51 19 -22 01 07 HD 174424
18 52 32 -31 40 34 CD -31 16073
18 54 10 -22 44 42 Nu 1 Sgr
18 54 12 -22 58 45 HD 174975
18 55 16 -26 17 48 Nunki
18 55 53 -17 34 51 HD 175413
18 56 57 -33 19 46 HD 175478
18 57 09 -23 51 58 HIP 93039
19 00 21 -36 15 54 HD 176150
19 00 33 -29 07 27 CD -29 15602
19 00 58 -24 39 14 HD 176365
19 01 56 -34 48 14 HD 176496
19 02 32 -28 38 41 HIP 93500
19 02 37 -29 52 48 Ascella
19 02 43 -36 05 47 HD 176616
19 03 04 -19 14 44 HR 7203
19 03 59 -33 42 12 CCDM 19040-3342
19 04 07 -35 05 44 HD 176960
19 04 12 -22 33 35 HD 177118
19 04 14 -22 53 47 HD 177120
19 05 25 -36 10 17 HD 177244
19 06 04 -27 20 39 SAO 187665
19 06 09 -20 56 08 CCDM 19062-2056
19 06 52 -16 13 45 HR 7239
19 07 27 -36 22 25 SAO 210945
19 08 08 -26 50 05 HD 178049
19 08 32 -30 58 22 HD 178076
19 08 45 -33 47 39 HD 178078
19 08 43 -35 25 30 HD 178080
19 10 06 -29 06 38 HD 178528
19 10 51 -12 08 37 HD 178881
19 11 16 -17 25 55 SAO 162285
19 12 39 -20 02 14 HD 179268
19 12 44 -33 50 46 HD 179117
19 13 14 -30 55 32 SAO 211057
19 13 26 -14 26 49 HD 179518
19 14 40 -27 19 15 HD 179725
19 14 51 -17 20 49 HD 179853
19 15 17 -34 17 15 HD 179771
19 16 24 -25 20 32 HD 180132
19 17 40 -15 58 02 HD 180562
19 18 06 -15 57 14 HIP 94855
19 18 11 -18 51 50 HD 180699
19 19 07 -33 09 30 HIP 94938
19 20 54 -33 03 11 HD 181199
19 21 04 -39 20 57 HD 181157
19 21 37 -19 14 04 HR 7339
19 22 38 -44 27 33 Beta 1 Sgr
19 22 55 -17 59 22 HD 181891
19 23 26 -17 59 58 SAO 162554
19 23 30 -34 31 37 HD 181842
19 24 25 -14 00 03 HD 182260
19 24 37 -32 53 20 HD 182138
19 24 50 -14 38 07 HD 182363
19 25 04 -29 18 34 HR 7360
19 25 07 -32 14 12 HD 182265
19 26 17 -15 12 10 HD 182660
19 26 20 -27 41 15 HD 182579
19 26 27 -13 07 55 HD 182703
19 27 10 -39 52 52 HD 182604
19 27 33 -31 23 02 HD 182798
19 27 52 -29 29 56 HD 182878
19 28 22 -43 53 06 HD 182821
19 28 41 -31 59 56 HD 183002
19 29 24 -29 42 27 HD 183175
19 29 52 -26 59 08 HR 7398
19 30 09 -15 18 30 HD 183447
19 31 32 -20 52 57 HD 183696
19 33 49 -27 02 46 HD 184080
19 33 58 -16 16 26 HD 184223
19 35 10 -41 25 25 HIP 96336
19 35 39 -23 18 33 HD 184494
19 36 42 -24 53 01 52 Sgr
19 37 52 -23 51 38 HD 184968
19 37 57 -26 57 49 HD 184953
19 38 25 -36 02 12 HD 184988
19 38 49 -43 02 24 HD 184972
19 39 13 -16 54 28 HD 185344
19 39 41 -39 44 47 HIP 96719
19 40 43 -16 17 36 54 Sgr
19 40 58 -29 23 16 HD 185593
19 42 02 -30 19 34 HD 185791
19 42 31 -16 07 26 55 Sgr
19 42 45 -16 14 29 SAO 162918
19 43 45 -44 18 16 HD 185994
19 44 42 -20 28 16 HD 186388
19 45 19 -13 14 15 HD 186509
19 45 28 -23 18 50 HD 186480
19 45 58 -25 31 46 HD 186524
19 46 30 -21 31 23 HD 186666
19 47 31 -21 49 40 HIP 97383
19 48 02 -14 34 03 HD 186967
19 49 46 -34 15 25 HD 187155
19 49 56 -23 43 06 HD 187248
19 50 38 -24 27 06 HD 187382
19 50 40 -41 51 34 HD 187211
19 51 10 -36 53 48 HD 187387
19 51 18 -27 10 33 HD 187495
19 51 54 -36 32 02 HD 187560
19 53 08 -21 25 37 SAO 188674
19 53 26 -30 16 10 HD 187887
19 54 18 -23 56 28 HR 7578
19 54 58 -23 51 45 HD 188223
19 56 16 -13 20 43 SAO 163117
19 56 41 -36 05 42 PPM 299559
19 57 13 -40 34 40 HD 188518
19 57 25 -34 49 32 CCDM 19574-3450
19 57 48 -21 31 36 PPM 735778
19 58 57 -13 17 57 SAO 163154
19 59 34 -17 37 28 HD 189219
19 59 37 -38 12 49 HD 189056
19 59 51 -34 41 52 Theta 2 Sgr
20 00 53 -27 10 54 HD 189400
20 01 24 -44 22 29 HD 189342
20 01 52 -17 33 00 HD 189679
20 06 10 -33 40 03 SAO 211805
20 06 18 -43 12 58 HD 190333
20 06 25 -13 22 06 HD 190640
20 06 46 -12 55 37 HD 190723
20 07 24 -29 43 15 HD 190727
20 09 01 -38 43 26 HD 190981
20 09 02 -44 51 47 HD 190897
20 12 50 -34 54 23 HD 191756
20 13 42 -34 07 06 HD 191957
20 13 58 -28 07 42 SAO 189047
20 16 55 -32 36 27 HIP 99966
20 17 19 -36 37 46 HD 192653
20 17 50 -40 11 05 HD 192724
20 20 15 -29 07 52 HD 193244
20 20 28 -29 11 50 HR 7764
20 21 48 -36 54 05 HD 193465
20 22 16 -36 31 22 HD 193569
20 22 55 -30 07 51 HD 193748
20 23 05 -33 02 54 HD 193749
20 23 28 -28 26 46 HD 193848
20 24 40 -34 44 40 CD -35 14097
20 26 40 -39 55 26 HD 194367
20 26 53 -37 24 10 HR 7808
20 28 00 -42 37 11 HD 194570
