08 15 51 +60 22 50 HR 3221
08 16 52 +61 23 23 SAO 14485
08 17 01 +69 17 51 ADS 6685
08 20 40 +72 24 26 HR 3236
08 23 20 +68 25 59 HD 69804
08 24 41 +65 28 21 SAO 14533
08 24 50 +64 09 13 SAO 14536
08 25 01 +67 24 52 SAO 14535
08 27 38 +62 35 14 HD 70822
08 30 16 +60 43 05 Muscida
08 35 23 +66 16 15 HD 72167
08 36 01 +47 07 30 SAO 42440
08 36 26 +67 17 42 PPM 16691
08 40 15 +51 47 28 SAO 26952
08 41 59 +62 01 24 SAO 14630
08 43 02 +49 18 09 HD 73932
08 43 25 +48 51 42 HD 74010
08 46 50 +57 41 54 HD 237747
08 47 17 +64 22 20 SAO 14661
08 48 54 +72 01 15 HD 74358
08 49 12 +63 11 49 SAO 14669
08 50 43 +49 20 49 HD 75214
08 51 26 +57 31 38 HIP 43485
08 51 55 +63 07 27 BD +63 00804
08 52 06 +47 33 50 HD 75488
08 54 39 +49 54 13 HD 233581
08 55 16 +46 56 29 SAO 42596
08 55 51 +64 58 22 AC UMa
08 59 01 +63 25 43 HD 76362
08 59 13 +48 02 31 Talitha
08 59 24 +53 58 18 HD 76594
09 02 00 +47 21 48 HD 77078
09 05 39 +50 17 42 HD 77636
09 07 41 +64 59 06 HD 77725
09 10 18 +52 23 06 HD 78449
09 10 24 +67 08 02 Sigma 2 UMa
09 10 55 +63 30 49 Tau UMa
09 12 40 +61 56 29 SAO 14805
09 12 46 +61 40 33 HD 78767
09 13 39 +46 59 25 HD 79107
09 14 23 +52 41 12 HD 79210
09 18 34 +52 31 01 CCDM 9186+5231
09 18 57 +44 39 00 HD 80043
09 20 46 +61 20 58 HD 80142
09 20 44 +51 15 58 HR 3697
09 22 36 +62 50 37 HD 80460
09 22 40 +50 36 14 HD 80607
09 22 32 +49 32 42 HD 80608
09 24 13 +47 56 06 HD 80939
09 24 56 +51 34 26 HR 3725
09 25 38 +54 00 57 HD 81104
09 26 57 +64 20 36 HD 81161
09 28 40 +45 36 05 HR 3743
09 29 12 +43 17 40 SAO 42884
09 30 02 +42 15 49 HD 81939
09 30 42 +45 01 54 HD 82009
09 30 57 +44 41 02 HD 82040
09 31 10 +67 32 28 HD 81787
09 31 32 +63 03 43 23 UMa
09 32 58 +56 14 59 HD 237815
09 34 20 +66 47 42 HD 82285
09 35 14 +60 53 31 HD 82569
09 35 42 +53 17 40 HD 82740
09 35 40 +50 04 25 HD 233652
09 36 49 +57 54 41 HD 237822
09 38 08 +62 48 52 SAO 14944
09 45 01 +43 13 43 HD 84237
09 47 30 +45 52 01 ADS 7515
09 47 36 +50 57 17 HIP 48041
09 50 54 +58 12 06 HD 84981
09 53 17 +50 37 16 HD 85439
09 55 03 +68 56 22 SAO 15018
09 55 04 +68 54 06 HD 85458
09 55 57 +51 11 27 HD 85830
09 57 15 +45 54 10 HD 86057
09 57 48 +58 14 39 HD 237851
09 59 52 +59 39 02 PPM 32418
10 01 53 +42 48 02 HD 86792
10 02 07 +58 09 53 CCDM 10021+5810
10 02 56 +68 47 10 HD 86677
10 04 55 +55 29 16 HD 87194
10 06 30 +43 33 07 HD 87499
10 07 18 +59 07 35 HD 87511
10 08 33 +68 26 15 HD 87598
10 09 02 +64 26 41 HIP 49716
10 11 23 +49 27 15 HD 88230
10 16 40 +57 36 45 HD 88880
10 17 51 +71 03 40 HR 4021
10 18 52 +44 02 54 HD 89269
10 20 47 +58 36 23 HD 89413
10 21 34 +46 09 08 HIP 50733
10 22 01 +43 54 19 HD 89686
10 23 11 +61 36 46 BD +62 01122
10 24 05 +40 33 48 HD 90007
10 24 30 +40 07 56 SAO 43325
10 25 41 +40 54 39 HD 90224
10 25 59 +52 37 18 HIP 51062
10 28 21 +40 12 38 SAO 43354
10 28 31 +47 33 02 BD +48 01868
10 30 11 +50 59 36 HD 90806
10 30 23 +56 21 20 HD 90804
10 30 38 +55 58 50 36 UMa
10 37 02 +42 07 50 HD 91841
10 37 57 +44 07 29 SAO 43412
10 38 20 +60 07 28 HD 91948
10 40 35 +42 09 12 HD 92370
10 41 59 +46 39 01 HD 92539
10 42 54 +46 41 26 HD 92684
10 42 52 +50 47 57 HD 92668
10 43 13 +44 37 42 SAO 43440
10 43 33 +46 12 14 HR 4191
10 45 16 +44 58 11 HD 93013
10 47 44 +65 27 36 HD 93270
10 53 13 +43 58 40 SAO 43505
10 53 31 +69 51 14 HR 4243
10 53 38 +47 13 51 SAO 43508
10 54 31 +47 29 35 HD 94399
10 54 38 +43 34 59 HD 94424
10 55 01 +52 07 18 HD 94435
10 56 10 +48 01 42 HD 94632
10 58 26 +37 01 43 HD 94979
10 59 49 +58 54 23 HD 95098
11 00 42 +42 43 53 HD 95296
11 01 36 +66 26 59 HD 95294
11 02 56 +35 40 37 HD 95658
11 03 20 +35 58 12 Lalande 21185
11 03 39 +44 19 47 HD 95768
11 04 31 +38 14 29 51 UMa
11 05 41 +62 37 01 HD 96027
11 08 00 +52 49 18 HD 96527
11 08 35 +68 24 02 CCDM 11086+6824
11 09 13 +62 29 51 HD 96676
11 10 45 +64 42 45 HD 96949
11 11 05 +30 26 46 HIP 54646
11 11 20 +66 00 48 HD 97033
11 11 49 +42 49 56 HD 97194
11 12 32 +35 48 51 HR 4345
11 13 15 +38 10 44 PPM 75741
11 13 40 +41 05 20 HR 4351
11 15 37 +59 46 43 HD 97772
11 15 44 +45 51 18 HD 97812
11 16 04 +52 46 23 HR 4363
11 17 34 +58 59 57 ADS 8116
11 18 11 +31 31 46 HD 98231
11 18 29 +33 05 40 Alula Borealis
11 18 47 +66 41 03 HD 98196
11 18 46 +35 05 58 CCDM 11188+3506
11 18 58 +51 18 13 HD 98295
11 19 29 +47 28 14 HD 98375
11 21 36 +36 47 12 PPM 75820
11 22 07 +37 05 15 HD 98744
11 23 02 +64 42 55 SAO 15487
11 26 31 +59 23 46 BD +60 01328
11 27 39 +46 17 33 HD 99559
11 27 56 +44 33 57 HD 99607
11 29 04 +39 20 13 57 UMa
11 30 04 +29 57 53 AW UMa
11 31 19 +59 42 03 HD 100054
11 32 20 +56 05 44 HD 100214
11 32 21 +33 23 08 SAO 62592
11 32 51 +60 04 01 ADS 8203
11 32 53 +55 25 07 HD 100284
11 33 19 +57 48 21 HD 238013
11 35 13 +35 24 21 HD 100654
11 36 36 +56 08 07 HD 100831
11 37 08 +40 40 16 HD 100919
11 38 45 +45 06 30 HR 4486
11 38 49 +64 20 49 HR 4481
11 38 57 +41 08 35 HD 101207
11 39 24 +52 11 15 HD 101254
11 41 03 +34 12 06 61 UMa
11 41 26 +58 55 26 HD 101548
11 41 34 +31 44 46 62 UMa
11 42 14 +39 39 35 HD 101675
11 42 59 +64 21 19 HD 101739
11 44 18 +39 00 25 HD 101977
11 45 32 +45 36 13 HD 102130
11 46 46 +59 49 51 HIP 57465
11 47 01 +53 17 07 HD 102342
11 47 50 +49 49 23 HD 102481
11 48 56 +33 42 06 HIP 57624
11 51 10 +33 22 30 HR 4545
11 51 43 +44 47 53 HIP 57845
11 52 53 +30 49 38 SAO 62741
11 55 06 +46 28 37 65 UMa
11 56 06 +45 32 45 HD 103626
11 56 17 +35 26 53 HD 103659
11 56 54 +40 21 22 HD 103739
11 58 07 +32 16 26 HR 4574
12 00 10 +36 43 47 HD 104204
12 00 36 +43 37 17 HD 104278
12 02 07 +43 02 44 67 UMa
12 03 36 +33 04 09 HD 104726
12 03 59 +64 29 09 PPM 18104
12 05 35 +52 52 32 HD 105030
12 05 34 +51 55 52 HD 105031
12 05 40 +62 55 59 HR 4610
12 06 09 +38 49 42 SAO 62837
12 08 07 +55 27 51 HD 105421
12 10 05 +46 35 34 BD +47 01933
12 11 28 +53 25 17 HD 105963
12 15 26 +57 01 57 Megrez
12 18 54 +56 22 07 HIP 60047
12 22 13 +58 04 59 HD 238107
12 35 49 +56 34 42 HD 109654
12 38 29 +57 55 07 CCDM 12385+5755
12 55 00 +58 09 37 HD 112311
12 56 18 +54 05 58 HR 4917
12 58 27 +58 22 25 HD 112798
13 00 44 +56 21 59 78 UMa
13 02 38 +56 25 11 HD 238185
13 09 50 +62 13 45 HR 4974
13 12 38 +58 26 57 HD 114913
13 13 37 +56 42 30 HD 115043
13 18 23 +54 20 02 HD 238213
13 21 18 +53 21 18 HD 234031
13 23 55 +54 55 31 Mizar
13 28 27 +59 56 45 HR 5085
13 29 03 +56 14 00 HD 117417
13 29 59 +60 21 12 HD 117587
13 35 03 +56 21 29 HD 238256
13 35 25 +59 54 59 BD +60 01474
13 35 39 +49 39 22 HD 118376
13 37 43 +50 42 53 HR 5133
13 40 23 +50 31 10 HR 5148
13 40 44 +59 43 43 HD 119273
13 42 59 +50 01 36 HD 119583
13 57 40 +51 59 37 HD 121995
13 58 55 +53 06 23 HD 122200
14 00 17 +58 43 13 HD 238309
14 02 01 +57 13 29 HD 122740
14 06 46 +59 46 17 SAO 16279
14 13 01 +55 19 31 HIP 69442
14 14 12 +59 14 33 HD 124913
14 16 00 +56 41 21 HD 125193
14 21 54 +62 15 30 HD 126243
