08 03 30 -50 26 43 HD 66972
08 04 20 -47 46 53 HD 67128
08 05 11 -45 24 25 SAO 219391
08 09 18 -51 00 44 HD 68276
08 09 32 -47 20 12 Suhail al Muhlif
08 12 03 -46 12 37 HD 68807
08 13 36 -45 57 38 HD 69130
08 13 36 -46 59 30 HR 3244
08 13 54 -52 22 55 HD 69306
08 14 18 -43 41 40 HD 69238
08 14 24 -45 50 03 HR 3250
08 17 24 -50 14 55 HD 70008
08 18 20 -47 08 01 HD 70142
08 18 54 -45 02 10 HD 70218
08 19 06 -48 11 52 HD 70309
08 19 07 -50 16 19 HD 70332
08 22 41 -44 51 12 SAO 219850
08 22 42 -48 11 53 CCDM 8227-4812
08 24 49 -47 27 19 HD 71316
08 24 56 -44 18 03 HD 71304
08 25 31 -51 43 39 HR 3330
08 26 34 -43 56 48 HD 71585
08 27 33 -50 19 56 HD 71861
08 28 52 -42 35 15 HD 72014
08 29 05 -47 55 44 HIP 41616
08 29 27 -44 43 29 HR 3359
08 30 08 -52 05 54 HD 72373
08 30 34 -40 30 42 HD 72318
08 30 39 -44 44 14 HR 3371
08 30 46 -41 30 54 HD 72348
08 31 25 -39 03 50 HR 3373
08 31 48 -42 02 00 HD 72535
08 32 16 -50 58 17 HD 72736
08 33 02 -45 45 10 HD 72798
08 32 58 -49 16 53 HD 72839
08 33 49 -49 56 25 HD 73012
08 34 09 -46 32 22 HD 73011
08 34 29 -37 36 40 HR 3399
08 34 36 -44 26 18 HD 73076
08 34 46 -48 49 24 HD 73140
08 35 07 -45 13 44 HD 73153
08 35 18 -46 13 45 HD 73203
08 35 37 -48 32 54 HD 73286
08 36 00 -53 36 52 HD 73423
08 36 41 -47 29 59 HD 73461
08 37 00 -45 17 23 SAO 220187
08 37 10 -49 25 30 HD 73609
08 37 30 -53 35 30 HD 73740
08 38 27 -46 46 35 HD 73813
08 38 22 -51 08 18 HD 73850
08 39 04 -46 13 37 HD 73919
08 39 58 -53 03 17 HR 3442
08 40 19 -40 15 50 HR 3439
08 40 21 -42 23 21 HD 74105
08 40 38 -46 38 55 HR 3445
08 40 35 -47 14 09 SAO 220263
08 40 56 -48 42 42 HD 74253
08 41 35 -44 15 02 HD 74318
08 42 25 -53 06 50 HY Vel
08 42 48 -48 13 32 HD 74581
08 43 19 -38 41 43 HD 74555
08 44 24 -42 38 57 HR 3477
08 44 40 -41 16 38 HD 74804
08 44 42 -54 42 32 Delta Vel
08 45 48 -42 37 10 CD -42 04593
08 46 09 -47 23 42 HD 75103
08 46 33 -42 33 59 HIP 43085
08 47 02 -47 08 18 HD 75242
08 47 17 -42 36 06 HD 75240
08 47 44 -38 56 29 HD 75271
08 48 37 -39 01 15 HD 75424
08 48 44 -46 01 19 CD -45 04572
08 49 21 -46 08 35 SAO 220528
08 49 40 -42 49 24 SAO 220537
08 49 45 -54 01 18 HD 75792
08 49 55 -40 22 50 HD 75674
08 50 33 -46 31 45 HR 3527
08 50 47 -54 06 47 HD 75948
08 50 53 -43 45 05 HD 75860
08 52 41 -52 07 44 HR 3542
08 52 51 -38 12 01 HD 76127
08 52 48 -41 25 49 HD 76128
08 53 57 -41 49 37 SAO 220634
08 54 20 -48 55 38 CD -48 04225
08 55 09 -43 28 00 HD 76534
08 55 09 -46 21 39 HD 76567
08 55 23 -46 53 28 HD 76589
08 56 11 -55 31 42 HD 76824
08 56 19 -52 43 25 HR 3574
08 56 25 -53 48 05 HD 76822
08 56 32 -50 31 17 HD 76821
08 57 08 -43 15 22 HD 76838
08 57 43 -43 32 46 HD 76940
09 00 01 -49 33 29 HD 77321
09 00 37 -48 59 28 HD 77434
09 01 29 -44 14 58 HD 77521
09 03 43 -38 11 02 HD 77864
09 04 33 -56 20 28 HD 78190
09 04 46 -45 51 42 HD 78116
09 06 06 -38 53 08 HD 78287
09 06 20 -48 10 49 HD 78400
09 07 23 -43 57 18 HD 78547
09 07 33 -39 49 56 HD 78564
09 08 36 -48 41 10 HD 78837
09 09 22 -47 43 57 HD 78962
09 09 56 -44 10 33 HD 79021
09 09 58 -37 30 56 HD 78974
09 10 29 -53 53 04 HD 299878
09 10 34 -42 21 22 HD 79088
09 10 50 -45 18 31 HIP 45072
09 12 03 -53 57 43 HD 79446
09 12 31 -43 36 48 HR 3661
09 14 11 -50 20 55 HD 79774
09 14 24 -43 13 39 HR 3674
09 14 25 -54 59 31 HD 299935
09 15 05 -46 22 04 HD 79882
09 16 36 -55 05 32 HD 299939
09 17 54 -51 58 41 HD 80434
09 23 10 -55 59 48 HD 300007
09 23 34 -54 53 30 HD 299994
09 25 20 -48 16 26 HD 81651
09 25 36 -53 15 07 HD 81734
09 25 53 -53 53 56 CP -53 02397
09 25 59 -43 58 59 HD 81717
09 28 27 -49 29 15 HD 82123
09 28 34 -45 29 52 HD 82109
09 29 19 -44 32 20 HD 82207
09 30 57 -55 38 10 HD 82597
09 31 54 -56 01 30 HD 300133
09 32 13 -56 00 18 HIP 46803
09 32 58 -42 47 04 HD 82786
09 33 17 -53 27 17 HD 82933
09 33 45 -49 00 17 HIP 46914
09 33 39 -49 45 28 HD 82965
09 35 22 -49 00 13 HD 83233
09 36 26 -46 46 33 HD 83357
09 36 25 -48 45 04 IM Vel
09 36 35 -48 01 34 HD 83386
09 37 29 -49 59 26 HD 83529
09 38 06 -56 57 39 HD 83678
09 39 23 -45 46 34 HD 83779
09 39 41 -41 39 27 HD 83797
09 40 46 -52 17 39 HD 84057
09 40 53 -49 13 27 HD 84045
09 41 14 -51 09 29 HIP 47520
09 41 52 -54 13 01 HD 84227
09 42 41 -55 49 55 HIP 47625
09 44 10 -47 43 53 HD 84479
09 44 53 -55 05 29 HD 84645
09 45 02 -49 29 14 HD 84612
09 45 44 -41 40 01 HIP 47898
09 46 09 -45 55 05 HD 84774
09 47 02 -52 02 23 SAO 237337
09 48 43 -44 54 09 HD 85151
09 49 57 -45 43 58 HR 3898
09 50 11 -49 37 12 HD 85409
09 50 26 -50 10 44 HD 297620
09 51 16 -53 10 44 HD 85595
09 51 38 -42 31 07 HD 85579
09 53 24 -51 30 14 HD 85889
09 54 18 -45 17 01 HR 3925
09 54 48 -52 05 20 SAO 237481
09 55 21 -54 02 49 HD 86212
09 57 13 -49 52 13 HD 86439
09 57 43 -48 24 51 HR 3943
09 59 26 -44 57 20 HD 86754
09 59 27 -50 00 56 HD 86785
10 01 12 -56 05 48 HD 87122
10 02 06 -54 58 54 HD 87254
10 03 10 -52 02 46 HD 87364
10 04 10 -42 40 35 HIP 49332
10 04 28 -51 47 54 HD 87580
10 05 06 -45 53 46 HD 87640
10 07 08 -54 33 50 HD 87986
10 08 16 -54 46 18 HIP 49659
10 08 29 -45 00 15 HD 88101
10 08 32 -52 49 37 HD 88157
10 10 10 -45 47 22 HD 88349
10 12 07 -55 07 16 HD 88672
10 12 56 -47 28 30 HD 88746
10 13 21 -50 54 27 HD 88813
10 15 55 -44 14 22 HD 89120
10 17 13 -41 30 53 HD 89301
10 19 02 -56 01 15 HIP 50518
10 19 52 -51 34 04 HD 89713
10 20 55 -56 02 36 HR 4074
10 21 18 -54 03 41 HD 89923
10 21 20 -51 44 29 HD 89915
10 21 50 -44 30 40 HIP 50754
10 22 20 -47 58 20 HD 90034
10 24 58 -45 04 12 HD 90351
10 26 11 -50 06 04 HD 90550
10 26 19 -55 28 37 HD 90613
10 27 08 -49 47 15 HD 90692
10 27 13 -47 24 16 HD 90671
10 28 19 -52 33 42 HD 90885
10 28 59 -48 59 19 HD 90941
10 30 05 -47 21 15 HD 91099
10 30 44 -54 28 53 HD 91242
10 31 13 -42 13 46 HD 91239
10 31 22 -53 42 56 HR 4134
10 31 52 -52 13 55 HD 91370
10 31 57 -45 04 00 HR 4135
10 32 57 -47 00 12 HR 4143
10 33 15 -55 23 13 HD 300791
10 33 32 -46 58 33 HD 91590
10 37 22 -51 48 44 HD 92162
10 38 39 -54 07 51 HD 92348
10 39 18 -55 36 12 HR 4180
10 39 56 -56 16 40 HD 92552
10 40 12 -46 58 32 HD 92531
10 40 52 -53 15 55 HD 92661
10 41 26 -54 06 24 HD 92738
10 42 32 -45 15 37 HIP 52393
10 43 26 -49 27 13 HD 92999
10 45 25 -43 42 10 HD 93264
10 45 30 -55 47 29 HD 93339
10 46 46 -49 25 13 Mu Vel
10 46 52 -41 56 11 HD 93476
10 48 52 -41 26 29 HD 93772
10 49 02 -43 48 03 HD 93804
10 49 01 -54 42 50 HD 93855
10 49 31 -41 35 04 HD 93866
10 50 34 -41 11 52 CP -40 04776
10 51 49 -48 04 15 HD 94241
10 51 54 -48 31 25 HD 94242
10 52 08 -56 09 35 HD 94314
10 52 17 -52 11 19 HD 94328
10 53 20 -43 16 01 HD 94417
10 53 43 -55 16 20 HD 94521
10 54 25 -57 06 55 HD 94626
10 55 53 -47 34 29 HD 94785
10 59 24 -43 07 55 HD 95262
11 00 31 -49 20 15 HD 95472
11 01 08 -52 12 28 HD 95582
11 03 04 -41 02 45 HD 95858
11 03 42 -53 56 03 HD 96023
11 05 07 -52 52 44 HD 96242
