11 38 24 -02 26 09 HR 4484
11 39 21 +06 09 58 SAO 118973
11 40 56 -02 46 46 HD 101515
11 42 22 +00 02 10 CCDM 11424+0002
11 43 17 +00 45 47 PPM 158140
11 48 09 -03 06 58 CCDM 11482-0307
11 50 42 +01 45 53 Zavijah
11 51 58 +08 49 48 HD 103047
11 52 24 +07 32 42 HD 103113
11 54 39 +09 43 52 PPM 158318
11 55 30 +03 32 36 HD 103561
11 56 37 -04 36 31 HD 103708
11 59 30 -11 36 18 HD 104115
12 01 22 +11 19 29 PPM 128722
12 01 28 -00 22 44 HD 104409
12 01 57 +00 06 08 HD 104484
12 03 32 -02 26 49 HD 104711
12 03 57 +03 21 29 HD 104770
12 04 18 +07 23 57 HD 104830
12 04 54 +09 10 20 HD 104924
12 05 35 -05 50 45 HD 105036
12 07 13 -06 05 02 HD 105265
12 10 20 -06 27 54 BD -05 03439
12 10 28 -02 14 30 HD 105757
12 10 41 -04 44 49 HD 105795
12 12 35 +10 46 18 HD 106115
12 14 27 +08 46 57 HD 106423
12 15 03 +09 59 27 SAO 100008
12 15 00 -01 19 36 HD 106498
12 15 04 +07 31 50 HD 106496
12 15 07 -07 15 26 HD 106515
12 15 49 +09 02 05 HD 106621
12 16 11 +04 42 39 HD 106693
12 16 27 +05 22 32 SAO 119301
12 18 10 -03 56 56 HR 4678
12 18 43 +11 47 46 HD 107068
12 21 07 -11 28 33 HD 107452
12 21 25 +03 09 40 CCDM 12214+0310
12 21 42 +03 33 02 HD 107552
12 22 32 +05 18 20 17 Vir
12 24 42 +02 25 24 HD 108025
12 27 01 -03 32 06 HD 108361
12 27 19 +07 14 29 HD 108424
12 27 25 +07 22 59 HD 108423
12 30 31 +11 41 29 PPM 129108
12 30 34 +09 42 57 HD 108875
12 30 34 +03 30 30 HD 108877
12 31 03 +02 06 33 HD 108930
12 31 15 +01 19 37 HD 108959
12 31 36 -11 04 20 HD 109005
12 33 29 +10 11 40 PPM 129143
12 34 33 +05 57 57 HD 109427
12 35 08 +07 26 34 HD 109499
12 35 58 +11 24 20 HD 109628
12 38 17 +03 30 09 PPM 159028
12 38 20 -11 31 01 HD 109875
12 38 43 -04 22 25 HD 109944
12 38 44 -05 19 40 HD 109930
12 38 48 +12 51 33 SAO 100188
12 39 15 -07 59 44 Chi Vir
12 40 54 +08 49 46 HD 110280
12 41 34 +10 25 35 27 Vir
12 41 40 -01 26 58 Porrima
12 41 48 +09 53 10 HD 110412
12 42 56 -02 15 04 HD 110536
12 43 10 -00 00 08 SAO 119551
12 43 48 +07 33 31 HIP 62112
12 43 59 +03 55 56 HD 110704
12 45 17 -03 53 17 HD 110886
12 45 54 +10 08 51 SAO 100242
12 46 19 +08 47 10 HD 111029
12 46 23 +09 32 23 33 Vir
12 47 14 +11 57 29 34 Vir
12 47 58 +12 17 11 SAO 100266
12 48 52 +12 05 47 HD 111398
12 49 10 +07 38 16 PPM 159200
12 49 35 +03 49 06 HD 111484
12 49 45 +01 11 17 HD 111515
12 51 23 -10 20 18 HR 4877
12 51 40 -06 07 59 HD 111767
12 52 29 +07 12 29 HD 111908
12 55 17 -03 36 28 HD 112237
12 55 30 +11 29 45 HD 112278
12 55 36 +03 23 51 Auva
12 56 15 -04 51 50 HD 112372
12 56 40 +07 01 12 HD 112448
12 57 29 -09 45 41 HD 112517
12 57 49 -13 08 04 HD 112574
12 59 20 +06 30 21 HD 112815
13 00 05 +00 18 27 HD 112915
13 00 38 -06 33 50 PPM 196051
13 02 08 +07 16 47 HD 113214
13 02 08 -22 24 25 HD 113185
13 02 57 +10 26 17 HD 113350
13 03 23 -06 25 58 HD 113383
13 03 32 +09 28 08 SAO 119745
13 04 31 +08 39 11 HD 113563
13 04 59 +13 03 47 HD 113639
13 06 29 -04 20 28 HD 113830
13 06 46 -21 10 46 HD 113850
13 07 20 +00 35 06 HD 113984
13 07 34 +12 16 24 HD 114016
13 07 56 +01 20 17 PPM 159500
13 07 52 -19 02 08 HD 114020
13 08 33 +01 06 47 SAO 119785
13 08 31 -00 52 59 PPM 178973
13 08 30 -02 40 44 HD 114125
13 09 12 +08 47 57 PPM 159524
13 09 57 -05 32 20 Theta Vir
13 12 04 -16 11 55 53 Vir
13 12 55 -02 13 07 PPM 178989
13 13 14 -02 33 21 HD 114842
13 13 16 -15 27 38 HD 114827
13 13 27 -18 49 35 54 Vir
13 14 09 -16 33 31 HD 114944
13 14 31 +11 19 54 HR 4998
13 14 56 -11 22 10 HD 115080
13 15 14 -18 55 12 HIP 64660
13 16 28 -00 28 16 CCDM 13165-0028
13 16 53 +02 11 14 PPM 159622
13 16 58 -13 09 32 HD 115368
13 17 24 -21 32 17 HD 115428
13 18 24 -18 18 40 61 Vir
13 21 47 +05 49 33 PPM 159695
13 22 46 -13 11 11 HD 116275
13 23 16 -14 55 37 HIP 65319
13 23 39 +02 43 24 HD 116442
13 23 57 -20 55 29 HD 116429
13 24 11 -01 59 13 PPM 179037
13 24 15 -02 06 28 HD 116532
13 25 04 -15 37 56 HD 116622
13 25 18 +10 32 52 SAO 100558
13 25 16 +00 50 59 HD 116695
13 25 21 -07 35 03 HD 116681
13 27 08 -22 21 54 HD 116898
13 27 33 +06 54 38 SAO 119933
13 28 10 +09 27 40 HD 117114
13 28 26 +13 46 44 70 Vir
13 29 06 +11 28 10 SAO 100590
13 30 39 +09 19 01 HD 117498
13 32 25 -12 39 47 HD 117733
13 34 16 -00 18 50 HD 118036
13 34 18 -08 37 06 HD 118024
13 34 30 -13 26 06 HD 118039
13 35 28 -16 50 38 HD 118185
13 35 33 +10 12 18 HR 5114
13 37 35 -07 52 19 HIP 66465
13 37 36 -10 48 12 HD 118512
13 37 44 +02 22 56 HD 118578
13 42 30 +00 19 30 CCDM 13425+0020
13 42 44 -05 17 04 HD 119316
13 43 04 +03 32 16 84 Vir
13 43 30 -04 16 28 HD 119461
13 45 10 -03 18 55 HD 119750
13 45 20 -10 31 28 HD 119772
13 45 32 +03 30 29 HD 119843
13 48 58 -01 35 35 HD 120352
13 49 13 -03 00 16 HD 120384
13 49 39 +00 54 17 PPM 160086
13 54 58 -08 03 32 HR 5233
13 55 32 -09 31 26 HD 121444
13 56 07 -04 36 58 HD 121537
13 57 10 -12 32 37 SAO 158253
14 01 14 -10 22 39 HD 122289
14 01 39 +01 32 40 Tau Vir
14 03 08 -17 36 28 HD 122579
14 03 43 +02 42 39 PPM 160301
14 04 49 -06 33 09 HD 122911
14 05 39 -18 04 21 HD 123037
14 05 57 -13 04 25 HD 123103
14 08 04 -12 55 42 HD 123453
14 08 38 +06 01 41 HD 123615
14 09 11 +07 23 06 HD 123712
14 09 20 +04 39 20 HD 123726
14 09 41 -11 04 19 HD 123729
14 09 57 +04 00 55 HD 123861
14 10 28 -02 40 05 HD 123917
14 10 49 -14 48 04 HD 123932
14 11 21 -03 20 19 HD 124054
14 13 24 +05 24 03 SAO 120349
14 13 29 -08 59 53 HD 124389
14 14 09 -08 31 08 HD 124497
14 16 20 +06 04 52 HD 124929
14 16 27 +01 45 16 CCDM 14165+0145
14 17 07 +01 03 13 HD 125057
14 17 38 -20 45 29 HD 125063
14 18 01 -07 32 33 HR 5353
14 19 26 -18 31 25 HD 125379
14 19 32 -13 42 39 HIP 70011
14 22 39 -07 46 05 HIP 70269
14 26 58 +03 41 15 HD 126698
14 28 12 -02 13 41 Phi Vir
14 29 15 -01 42 55 SAO 139964
14 30 01 -03 43 15 PPM 197608
14 30 00 -04 14 51 HD 127168
14 30 06 +06 17 13 HD 127228
14 30 45 +04 46 20 HR 5424
14 31 44 +01 50 18 HD 127508
14 33 02 -02 53 06 CCDM 14330-0253
14 35 59 +00 13 11 HD 128272
14 37 28 +02 16 38 HD 128563
14 42 40 -05 57 52 HD 129431
14 42 48 +06 35 26 HD 129517
14 46 22 -07 22 50 HD 130089
14 47 05 +00 58 15 HD 130256
14 50 33 -00 01 27 HD 130850
14 53 50 -00 24 20 HD 131479
14 55 23 +06 47 05 HD 131786
14 57 33 -00 10 03 HR 5573
15 04 06 +05 29 34 HR 5610
15 05 55 +03 50 01 CCDM 15059+0350
15 08 39 +00 52 30 HD 134229
15 08 57 +01 41 21 HD 134285
15 09 03 +05 12 12 HD 134325
