00 08 46 +23 50 16 Peg NGC 8
00 09 23 +27 43 56 Peg NGC 18
00 10 50 +21 58 37 Peg NGC 30
00 10 57 +03 40 33 Psc NGC 33
00 13 13 +31 17 11 And NGC 44
00 34 35 +08 20 24 Cet NGC 156
00 35 05 +08 20 45 Cet NGC 158
00 57 46 +30 21 58 Psc NGC 313
01 06 44 +32 25 44 Psc NGC 372
01 08 35 +46 40 07 Phe NGC 405
01 16 17 +33 01 51 Psc NGC 453
01 19 27 +34 57 20 And NGC 464
01 23 55 +33 29 49 Psc NGC 510
01 34 44 +30 13 58 Tri NGC 603
01 34 16 +07 24 46 Cet NGC 607
01 36 04 +33 46 13 Tri NGC 616
01 55 01 +04 13 21 Psc NGC 728
01 56 40 +33 03 01 Tri NGC 737
01 57 47 +33 21 20 Tri NGC 760
01 57 04 +16 03 45 Cet NGC 764
02 02 54 +31 58 51 Tri NGC 793
02 11 01 +35 32 28 Tri NGC 832
02 11 08 +32 05 51 Tri NGC 843
02 38 01 +09 34 24 Cet NGC 1014
02 42 35 +17 59 48 Ari NGC 1059
03 10 09 +08 41 32 Eri NGC 1237
03 13 27 +30 30 27 Ari NGC 1240
03 11 26 +08 56 43 Eri NGC 1243
03 14 09 +01 27 24 Cet NGC 1251
03 16 59 +41 31 45 Per NGC 1257
03 19 51 +41 38 31 Per NGC 1276
03 23 42 +01 11 05 Tau NGC 1312
03 35 58 +35 12 40 For NGC 1378
03 42 40 +05 51 10 Eri NGC 1420
03 48 08 +22 33 32 Tau NGC 1456
04 00 05 +18 34 02 Tau NGC 1488
04 00 19 +12 01 11 Eri NGC 1498
04 40 54 +16 59 40 Eri NGC 1639
05 33 03 +48 40 31 Pic NGC 1995
06 14 34 +17 38 22 Ori NGC 2195
06 48 16 +33 23 35 Gem NGC 2278
06 48 24 +33 24 44 Gem NGC 2279
06 49 36 +33 21 53 Gem NGC 2285
07 27 24 +33 49 54 Gem NGC 2378
07 28 38 +33 46 29 Gem NGC 2386
07 29 51 +00 12 45 CMi NGC 2399
07 29 56 +00 12 53 CMi NGC 2400
07 42 44 +09 15 34 CMi NGC 2433
07 57 33 +56 41 26 Lyn NGC 2464
07 58 33 +56 46 34 Lyn NGC 2471
08 03 22 +20 11 17 Cnc NGC 2515
08 23 31 +04 57 07 Hya NGC 2586
08 29 58 +21 30 07 Cnc NGC 2597
08 54 55 +78 23 37 Cam NGC 2653
08 55 47 +03 18 25 Hya NGC 2703
09 05 26 +19 02 52 Hya NGC 2757
09 18 23 +16 28 54 Hya NGC 2837
09 19 41 +14 40 34 Hya NGC 2846
09 37 00 +65 56 26 UMa NGC 2909
09 41 34 +30 02 55 Ant NGC 2973
09 48 51 +44 07 48 UMa NGC 3000
10 01 41 +72 07 04 UMa NGC 3063
10 08 20 +18 25 50 Leo NGC 3129
10 16 15 +46 36 45 UMa NGC 3170
10 27 59 +79 49 57 Dra NGC 3210
10 23 25 +00 03 55 Sex NGC 3229
10 31 48 +28 28 07 LMi NGC 3272
10 37 43 +27 31 11 Hya NGC 3317
10 39 40 +09 12 50 Leo NGC 3328
10 43 32 +11 59 07 Leo NGC 3345
10 48 26 +36 43 28 LMi NGC 3382
11 01 11 +03 46 28 Leo NGC 3494
11 01 42 +14 20 57 Leo NGC 3498
11 11 34 +75 34 11 Dra NGC 3538
11 39 39 +05 05 58 Vir NGC 3792
11 45 38 +08 34 26 Vir NGC 3874
12 24 35 +12 10 56 Vir NGC 4367
12 25 58 +18 18 04 Com NGC 4397
12 27 10 +27 50 17 Com NGC 4427
12 32 18 +05 49 12 Vir NGC 4508
12 35 50 +27 03 11 Com NGC 4557
12 53 18 +09 32 09 Vir NGC 4769
13 18 28 +10 08 43 Vir NGC 5067
13 20 59 +43 44 01 Cen NGC 5086
13 28 22 +05 59 44 Vir NGC 5160
13 31 43 +00 01 48 Vir NGC 5200
14 01 08 +00 05 14 Vir NGC 5404
14 03 28 +05 59 04 Vir NGC 5428
14 03 33 +06 02 18 Vir NGC 5429
14 03 41 +05 58 32 Vir NGC 5432
14 04 00 -00 00 00 NGC 5435
14 13 49 +36 22 53 Boo NGC 5524
14 27 49 +08 14 25 Boo NGC 5621
15 07 20 +18 26 32 Boo NGC 5856
15 12 53 +04 55 38 Lib NGC 5877
15 13 09 +31 51 42 Boo NGC 5884
15 21 09 +41 40 21 Boo NGC 5922
15 32 59 +03 58 58 Ser NGC 5948
16 14 05 +28 07 32 CrB NGC 6092
16 20 17 +56 39 09 Dra NGC 6133
17 10 16 +26 34 27 Oph NGC 6294
17 17 18 +42 26 02 Her NGC 6344
17 38 19 +18 49 59 Her NGC 6406
17 35 21 +60 47 35 Dra NGC 6410
17 43 53 +25 33 16 Her NGC 6428
17 46 58 +57 14 21 Dra NGC 6473
17 55 20 +18 21 35 Her NGC 6499
18 03 20 +29 48 14 Sgr NGC 6519
18 09 03 +17 23 41 Her NGC 6564
18 25 38 +64 58 34 Dra NGC 6648
18 34 30 +05 55 15 Sct NGC 6655
18 36 15 +42 56 47 Lyr NGC 6672
18 57 14 +43 04 36 Lyr NGC 6731
19 11 34 +37 43 31 Lyr NGC 6767
19 29 01 +25 40 00 Sgr NGC 6797
20 03 50 +00 26 41 Aql NGC 6859
20 18 04 +30 38 20 Cyg NGC 6896
20 33 38 +07 23 14 Del NGC 6933
20 47 20 +00 30 32 Aqr NGC 6963
20 47 27 +00 22 04 Aqr NGC 6966
21 14 50 +04 30 25 Equ NGC 7045
21 45 48 +08 49 47 Cap NGC 7122
21 48 56 +12 58 23 Cap NGC 7134
21 49 43 +11 47 35 Cap NGC 7136
21 52 09 +03 20 29 Peg NGC 7148
21 57 28 +11 35 34 Cap NGC 7158
21 56 57 +02 55 39 Peg NGC 7161
22 27 17 +22 07 00 Aqr NGC 7287
22 31 44 +30 58 47 Peg NGC 7304
22 36 48 +34 22 05 Peg NGC 7325
22 36 52 +34 25 23 Peg NGC 7326
22 37 31 +34 24 52 Peg NGC 7338
22 40 48 +12 00 23 Peg NGC 7350
23 01 26 +06 21 24 Aqr NGC 7453
23 10 20 +21 44 15 Aqr NGC 7502
23 15 54 +04 29 46 Psc NGC 7560
23 18 59 +11 20 30 Peg NGC 7607
23 57 58 +10 45 57 Peg NGC 7791
00 01 19 +07 44 52 Psc NGC 7804
00 07 01 +27 38 08 Peg NGC 7839
