00 07 18 +27 43 00 N0001 Gx 1.9 13p
00 07 18 +27 41 00 N0002 Gx 1.4 15p
00 07 18 +08 17 00 N0003 Gx 14p
00 07 24 +08 22 00 N0004 Gx
00 07 48 +35 21 00 N0005 Gx 14p
00 08 18 +32 30 00 N0006 -
00 08 24 -29 55 00 N0007 Gx 2.5
00 08 48 +23 50 00 N0008 D*
00 08 54 +23 49 00 N0009 Gx 1.5 15p
00 08 36 -33 52 00 N0010 Gx 2.7
00 08 42 +37 26 00 N0011 Gx 14p
00 08 42 +04 37 00 N0012 Gx 1.9 15p
00 08 48 +33 26 00 N0013 Gx 2.7 14p
00 08 48 +15 49 00 N0014 Gx 3.0 12p
00 09 06 +21 36 00 N0015 Gx 15p
00 09 06 +27 44 00 N0016 Gx 2.1 12.0
00 11 00 -12 06 00 N0017
00 09 24 +27 43 00 N0018 D*
00 09 24 +32 50 00 N0019 -
00 09 30 +33 19 00 N0020 Gx 2.0 15p
00 10 42 +32 59 00 N0021 Gx 1.4 14p
00 09 48 +27 50 00 N0022 Gx 15p
00 09 54 +25 55 00 N0023 Gx 2.3 12.0
00 09 54 -24 58 00 N0024 Gx 5.5 11.5
00 09 54 -57 03 00 N0025 Gx
00 10 24 +25 50 00 N0026 Gx 2.2 14p
00 10 30 +29 00 00 N0027 Gx 14p
00 10 18 -57 01 00 N0028 Gx
00 10 48 +33 21 00 N0029 Gx 1.8 14p
00 10 48 +21 57 00 N0030 D*
00 10 30 -57 00 00 N0031 Gx
00 10 54 +18 47 00 N0032 At
00 10 54 +03 40 00 N0033 D*
00 11 06 -12 06 00 N0034 Gx 13p
00 11 12 -12 00 00 N0035 Gx 14p
00 11 24 +06 23 00 N0036 Gx 2.4 15p
00 11 18 -56 58 00 N0037 Gx
00 11 54 -05 36 00 N0038 Gx 13p
00 12 18 +31 03 00 N0039 Gx 14p
00 13 00 +72 32 00 N0040 Pl 0.6 11p
00 12 48 +22 02 00 N0041 Gx 14p
00 12 54 +22 06 00 N0042 Gx 15p
00 13 00 +30 54 00 N0043 Gx 14p
00 13 06 +31 17 00 N0044 -
00 14 06 -23 11 00 N0045 Gx 8.1 10.4
00 14 06 +05 59 00 N0046 S*
00 14 30 -07 11 00 N0047 Gx 13p
00 14 00 +48 14 00 N0048 Gx 1.7 15p
00 14 18 +48 14 00 N0049 Gx 15p
00 14 42 -07 20 00 N0050 Gx
00 14 36 +48 15 00 N0051 Gx 1.8 15p
00 14 36 +18 33 00 N0052 Gx 14p
00 14 42 -60 20 00 N0053 Gx 2.1
00 15 06 -07 08 00 N0054 Gx 14p
00 14 54 -39 11 00 N0055 Gx 32.4 8p
00 15 24 +12 26 00 N0056 -
00 15 24 +17 18 00 N0057 Gx 13p
00 14 30 -07 10 00 N0058
00 15 30 -21 27 00 N0059 Gx 13p
00 16 00 -00 18 00 N0060 Gx 15p
00 16 30 -06 14 00 N0061 Gx 15p
00 17 06 -13 28 00 N0062 Gx 14p
00 17 42 +11 27 00 N0063 Gx 1.9 13p
00 17 30 -06 51 00 N0064 Gx 14p
00 19 06 -22 54 00 N0065 Gx 15p
00 19 12 -22 57 00 N0066 Gx 14p
00 18 12 +30 04 00 N0067 Gx 0.4 16p
00 18 18 +30 04 00 N0068 Gx 1.5 13.0
00 18 18 +30 02 00 N0069 Gx 0.4 14.8
00 18 24 +30 05 00 N0070 Gx 1.7 15p
00 18 24 +30 04 00 N0071 Gx 1.8 13.0
00 18 30 +30 02 00 N0072 Gx 1.4 13.4
00 18 48 -15 21 00 N0073 Gx 13p
00 18 54 +30 03 00 N0074 Gx 16p
00 19 30 +06 25 00 N0075 Gx 15p
00 19 36 +29 56 00 N0076 Gx 14p
00 20 00 -22 31 00 N0077
00 20 24 +00 49 00 N0078 Gx 14p
00 21 00 +22 34 00 N0079 Gx 15p
00 21 12 +22 21 00 N0080 Gx 2.5 12.1
00 21 12 +22 22 00 N0081 Gx
00 21 24 +22 26 00 N0082 Gx 1.3 14p
00 21 24 +22 26 00 N0083 Gx 1.6 12.6
00 21 30 +22 36 00 N0084 Gx 17p
00 21 24 +22 30 00 N0085 Gx 15p
00 21 30 +22 33 00 N0086 Gx 15p
00 21 12 -48 38 00 N0087 Gx
00 21 18 -48 39 00 N0088 Gx
00 21 18 -48 41 00 N0089 Gx
00 21 54 +22 25 00 N0090 S*
00 21 48 +22 25 00 N0091 Gx 2.5 15p
00 21 30 -48 38 00 N0092 Gx
00 22 00 +22 25 00 N0093 Gx 14p
00 22 12 +22 28 00 N0094 Gx 15p
00 22 12 +10 30 00 N0095 Gx 1.9 12.6
00 22 18 +22 33 00 N0096 Gx 17p
00 22 24 +29 44 00 N0097 Gx 13p
00 22 48 -45 16 00 N0098 Gx 1.8
00 24 00 +15 47 00 N0099 Gx 1.7 14p
00 24 00 +16 29 00 N0100 Gx 5.8
00 23 54 -32 34 00 N0101 Gx 13p
00 24 24 -13 57 00 N0102 Gx 14p
00 25 18 +61 21 00 N0103 OC 5 9.8
00 24 06 -72 05 00 N0104 Gb 30.9 4.0
00 25 18 +12 53 00 N0105 Gx 1.2 13.2
00 24 42 -05 10 00 N0106 Gx
00 25 36 -08 17 00 N0107 Gx
00 25 54 +29 13 00 N0108 Gx 13p
00 26 12 +21 49 00 N0109 Gx 15p
00 27 24 +71 23 00 N0110 OC
00 26 42 -02 38 00 N0111 -
00 26 42 +31 43 00 N0112 Gx 14p
00 27 00 -02 30 00 N0113 Gx 13p
00 27 06 -01 47 00 N0114 Gx 15p
00 26 48 -33 41 00 N0115 Gx
00 27 12 -07 41 59 N0116 Gx 14p
00 27 12 +01 19 01 N0117 Gx 15p
00 27 18 -01 46 59 N0118 Gx 15p
00 27 06 -56 59 00 N0119 Gx
00 27 30 -01 31 00 N0120 Gx 1.8 15p
00 26 48 -71 32 00 N0121 Gb 1.5 10.6
00 27 42 -01 38 00 N0122 ?
00 27 48 -01 36 00 N0123 ?
00 27 54 -01 49 00 N0124 Gx 1.6 14p
00 28 48 +02 50 00 N0125 Gx 2.0 12.3
00 29 06 +02 49 00 N0126 Gx 1.4 16p
00 29 12 +02 52 00 N0127 Gx 1.0 14.0
00 29 12 +02 51 00 N0128 Gx 3.4 11.6
00 29 54 +60 14 00 N0129 OC 21 6.5
00 29 18 +02 52 00 N0130 Gx 0.9 14.3
00 29 36 -33 16 00 N0131 Gx 2.1
00 30 12 +02 06 00 N0132 Gx 2.0 14p
00 31 12 +63 22 00 N0133 OC 7 9p
00 30 24 -33 15 00 N0134 Gx 8.1 10.1
00 31 48 -13 22 00 N0135
00 31 30 +61 32 00 N0136 OC 1
00 31 06 +10 11 00 N0137 Gx 14p
00 31 00 +05 10 00 N0138 Gx 15p
00 31 00 +05 05 00 N0139 Gx 15p
00 31 18 +30 47 00 N0140 Gx 14p
00 31 24 +05 11 00 N0141 Gx 15p
00 31 18 -22 37 00 N0142 Gx 14p
00 31 24 -22 34 00 N0143 Gx 15p
00 31 24 -22 39 00 N0144 Gx 14p
00 31 42 -05 09 00 N0145 Gx 1.8 12.8
00 33 06 +63 18 00 N0146 OC 7 9.1
00 33 12 +48 30 00 N0147 Gx 12.9 9.3
00 34 18 -31 47 00 N0148 Gx 2.4 12.1
00 33 42 +30 43 00 N0149 Gx 15p
00 34 18 -27 48 00 N0150 Gx 4.2 11.1
00 34 00 -09 42 00 N0151 Gx 3.7 11.5
00 32 48 -73 09 00 N0152 Gb 12p
00 34 00 -09 42 00 N0153
00 34 06 -12 39 00 N0154 Gx 14p
00 34 42 -10 46 00 N0155 Gx 13p
00 34 36 -08 21 00 N0156 D*
00 34 48 -08 24 00 N0157 Gx 4.3 10.4
00 34 54 -08 19 00 N0158 D?
00 34 36 -55 47 00 N0159 Gx
00 36 06 +23 57 00 N0160 Gx 3.2 12.4
00 35 30 -02 50 00 N0161 Gx 15p
00 36 06 +23 58 00 N0162 Gx
00 36 00 -10 07 00 N0163 Gx 1.4 12.8
00 36 30 +02 45 00 N0164 Gx 16p
00 36 30 -10 06 00 N0165 Gx 1.6 13.2
00 35 48 -13 37 00 N0166 Gx 15p
00 35 18 -23 22 00 N0167 Gx 13p
00 36 42 -22 36 00 N0168 Gx 14p
00 36 54 +23 59 00 N0169 Gx 3.0 13p
00 36 42 +01 51 00 N0170 Gx 15p
00 37 24 -19 56 00 N0171
00 37 18 -22 36 00 N0172 Gx 2.6
00 37 12 +01 56 00 N0173 Gx 3.5 15p
00 36 54 -29 29 00 N0174 Gx 14p
00 37 24 -19 56 00 N0175 Gx 2.6 12.1
00 35 48 -73 11 00 N0176 OC 12p
00 37 30 -22 34 00 N0177 Gx 13p
00 39 06 -14 10 00 N0178 Gx 2.0 12.6
00 37 48 -17 53 00 N0179 Gx 14p
00 38 00 +08 38 00 N0180 Gx 2.6 14p
00 38 12 +29 28 00 N0181 Gx 15p
00 38 12 +02 44 00 N0182 Gx 2.3 12.6
00 38 18 +29 30 00 N0183 Gx 14p
00 38 30 +29 26 00 N0184 Gx 15p
00 39 00 +48 20 00 N0185 Gx 11.5 9.2
00 38 30 +03 09 00 N0186 Gx 15p
00 39 36 -14 41 00 N0187 Gx 13p
00 44 00 +85 20 00 N0188 OC 14 8.1
00 39 36 +61 04 00 N0189 OC 4 8.8
00 38 54 +07 02 00 N0190 Gx 1.0 14p
00 39 00 -09 00 00 N0191 Gx 1.5 12p
00 39 18 +00 51 00 N0192 Gx 2.3 14p
00 39 18 +03 20 00 N0193 Gx 1.7 12.3
00 39 18 +03 02 00 N0194 Gx 1.9 12.1
00 39 36 -09 12 00 N0195 Gx 1.3
00 39 18 +00 54 00 N0196 Gx 14p
00 39 24 +00 53 00 N0197 Gx 15p
00 39 24 +02 48 00 N0198 Gx 1.3 12.8
00 39 36 +03 07 00 N0199 Gx 15p
00 39 36 +02 53 00 N0200 Gx 2.0 14p
00 39 42 +00 51 00 N0201 Gx 2.2 15p
00 39 42 +03 31 00 N0202 Gx 15p
00 39 42 +03 26 00 N0203 Gx 15p
00 39 48 +03 17 00 N0204 Gx 14p
00 40 24 +41 41 00 N0205 Gx 17.4 8.0
00 40 36 +40 44 00 N0206 CN
00 40 00 -14 18 00 N0207
00 40 24 +02 44 00 N0208 Gx 15p
00 39 06 -18 38 00 N0209 Gx 14p
00 40 36 -13 52 00 N0210 Gx 5.4 10.9
00 41 00 +03 26 00 N0211 S*
00 40 06 -56 10 00 N0212 Gx
00 41 12 +16 28 00 N0213 Gx 15p
00 41 30 +25 30 00 N0214 Gx 2.1 12.2
00 40 48 -56 13 00 N0215 Gx 1.2
00 41 24 -21 03 00 N0216 Gx 1.8 13.3
00 41 30 -10 02 00 N0217 Gx 3.3
00 41 48 +36 21 00 N0218 Gx 15p
00 42 18 +00 54 01 N0219 Gx 15p
00 40 30 -73 24 00 N0220 OC 11p
00 42 42 +40 52 00 N0221 Gx 7.6 8.2
00 40 36 -73 24 00 N0222 OC 11p
00 42 42 +00 51 00 N0223 Gx 14p
00 42 42 +41 16 00 N0224 Gx 178 3.5
00 43 24 +61 47 00 N0225 OC 12 7.0
00 42 48 +32 34 00 N0226 Gx 14p
00 42 36 -01 32 00 N0227 Gx 2.1 13p
00 42 48 +23 30 00 N0228 Gx 15p
00 43 00 +23 29 00 N0229 Gx 14p
00 42 24 -23 37 59 N0230 Gx 15p
00 41 00 -73 22 00 N0231 OC 12p
00 42 42 -23 34 00 N0232 Gx 14p
00 43 24 +30 35 00 N0233 Gx 14p
00 43 24 +14 20 00 N0234 Gx 13p
00 42 48 -23 33 00 N0235 Gx 14p
00 43 30 +02 56 00 N0236 Gx 14p
00 43 30 -00 07 00 N0237 Gx 1.8 14p
00 43 24 -50 11 00 N0238 Gx 1.9
00 44 36 -03 47 00 N0239
00 45 06 +06 08 00 N0240 Gx 15p
00 43 24 -73 26 00 N0241 -
00 43 36 -73 27 00 N0242 OC 12p
00 45 54 +29 56 00 N0243 Gx 14p
00 45 48 -15 36 00 N0244 Gx 1.3 13.3
00 46 06 -01 44 00 N0245 Gx 1.4 13p
00 47 00 -11 53 00 N0246 Pl 3.8 8p
00 47 06 -20 46 00 N0247 Gx 20.0 8.9
00 45 24 -73 23 00 N0248 Nb
00 45 24 -73 05 00 N0249 Nb
00 47 18 +07 55 00 N0250 Gx 15p
00 47 48 +19 34 00 N0251 Gx 14p
00 48 00 +27 38 00 N0252 Gx 1.8 13p
00 47 36 -25 17 00 N0253 Gx 25.1 7.1
00 47 30 -31 25 00 N0254 Gx 2.1 11.8
00 47 48 -11 28 00 N0255 Gx 3.1 11.8
00 45 54 -73 30 00 N0256 CN 12p
00 48 06 +08 19 00 N0257 Gx 2.1 14p
00 48 12 +27 38 00 N0258 Gx 15p
00 48 06 -02 47 00 N0259 Gx 3.2
00 48 36 +27 42 00 N0260 Gx 1.0 14p
00 46 30 -73 07 00 N0261 Nb
00 48 48 +31 57 00 N0262 Gx 1.4 15p
00 48 54 -13 06 00 N0263 Gx 14p
00 48 18 -38 14 00 N0264 Gx 0.9
00 47 36 -73 29 00 N0265 Gb 12p
00 49 48 +32 16 00 N0266 Gx 3.2 13p
00 48 00 -73 17 00 N0267 CN
00 50 12 -05 12 00 N0268 Gx 1.7 13p
00 48 30 -73 32 00 N0269 Gb 12p
00 50 42 -08 39 00 N0270 Gx 13p
00 50 48 -01 53 00 N0271 Gx 2.5 13p
00 51 24 +35 50 00 N0272 OC
00 50 48 -06 53 00 N0273 Gx 2.6 13p
00 51 00 -07 03 00 N0274 Gx 1.7 13p
00 51 06 -07 04 00 N0275 Gx 1.5 12.5
00 52 06 -22 41 00 N0276 Gx 14p
00 51 30 -08 35 00 N0277 Gx 13p
00 52 06 +47 33 00 N0278 Gx 2.2 10.9
00 52 18 -02 12 00 N0279 Gx 1.8 14p
00 52 30 +24 20 00 N0280 Gx 14p
00 52 48 +56 37 00 N0281 CN 35 7p
00 52 48 +30 37 00 N0282 Gx 14p
00 53 18 -13 10 59 N0283 Gx 14p
00 53 36 -13 09 00 N0284 Gx 15p
00 53 42 -13 10 00 N0285 Gx
00 53 36 -13 06 00 N0286 Gx 14p
00 53 36 +32 29 00 N0287 Gx 15p
00 52 48 -26 35 00 N0288 Gb 13.8 8.1
00 52 42 -31 12 00 N0289 Gx 3.7 12p
00 51 18 -73 09 00 N0290 OC 12p
00 53 36 -08 45 00 N0291 Gx 14p
00 52 48 -72 50 00 N0292 Gx
00 54 18 -07 14 00 N0293 Gx 14p
00 52 06 -73 21 00 N0294 Nb
00 55 12 +31 31 00 N0295 Gx 13p
00 55 24 +31 40 00 N0296 Gx 15p
00 55 00 -07 21 00 N0297 D?
00 55 00 -07 21 00 N0298 Gx 13p
00 54 00 -72 10 00 N0299 CN 11p
00 54 54 -37 41 00 N0300 Gx 20.0 9p
00 56 18 -10 40 00 N0301 Gx
00 56 24 -10 39 00 N0302 S*
00 54 48 -16 40 00 N0303 Gx
00 56 06 +24 07 00 N0304 Gx 14p
00 56 00 +12 06 00 N0305 At
00 54 54 -72 13 00 N0306 CN 12p
00 56 36 -01 46 00 N0307 Gx 14p
00 56 24 -01 47 00 N0308 S*
00 56 42 -09 55 00 N0309 Gx 3.1 11.8
00 56 54 -01 46 00 N0310 S*
00 57 36 +30 16 00 N0311 Gx 14p
00 56 18 -52 47 00 N0312 Gx 1.8
00 57 48 +30 21 00 N0313 Gx 3.6 12p
00 56 54 -31 58 00 N0314 Gx 1.2
00 57 48 +30 21 00 N0315 Gx 3.2 13p
00 57 48 +30 21 00 N0316 Gx 3.6 12p
00 57 36 +43 47 00 N0317 Gx 15p
00 58 06 +30 25 00 N0318 Gx 15p
00 57 00 -43 50 00 N0319 Gx 1.1
00 58 48 -20 50 00 N0320 Gx 15p
00 57 24 -05 02 00 N0321 Gx
00 57 12 -43 44 00 N0322 Gx 1.3
00 56 42 -52 59 00 N0323 Gx 1.3
00 58 36 -40 30 00 N0324 Gx
00 57 54 -05 08 00 N0325 Gx 16p
00 58 24 +26 52 00 N0326 Gx 1.5 13.2
00 57 54 -05 08 00 N0327 Gx 1.9 13p
00 57 00 -52 55 00 N0328 Gx 2.8
00 58 00 -05 04 00 N0329 Gx 1.9 13p
00 56 12 -72 29 00 N0330 OC 2 9.6
00 58 36 -02 43 00 N0331 ?
00 58 48 +07 06 00 N0332 Gx 15p
00 58 48 -16 29 00 N0333 Gx 16p
00 58 48 -35 08 00 N0334 Gx
00 59 18 -18 14 00 N0335 Gx 1.2
00 58 48 -18 46 00 N0336 Gx 12p
00 59 48 -07 35 00 N0337 Gx 2.8 11.6
01 00 36 +30 39 00 N0338 Gx 14p
00 57 42 -74 29 00 N0339 Gb 2.2 11.9
01 00 36 -06 53 00 N0340 Gx 14p
01 00 48 -09 11 00 N0341 Gx 13p
01 00 48 -06 47 00 N0342 Gx 14p
01 00 48 -23 14 00 N0343 S*
01 01 36 -23 16 00 N0344 Gx 0.9
01 01 24 -06 54 00 N0345 Gx 13p
00 59 06 -72 11 00 N0346 CN 14 10.3
01 01 24 -06 49 00 N0347 Gx 14p
01 00 54 -53 15 00 N0348 Gx 1.1
01 01 54 -06 49 00 N0349 Gx 13p
01 02 00 -06 49 00 N0350 Gx 15p
01 02 06 -01 55 00 N0351 Gx 14p
01 02 06 -04 15 00 N0352 Gx 2.7 13p
01 02 36 -01 56 00 N0353 Gx 14p
01 03 18 +22 20 00 N0354 Gx 0.9 14p
01 03 12 -06 20 00 N0355 Gx 15p
01 03 18 -07 00 00 N0356 Gx 13p
01 03 24 -06 20 00 N0357 Gx 2.6 11.8
01 05 12 +62 02 00 N0358 At
01 04 24 -00 45 00 N0359 Gx 15p
01 02 54 -65 37 00 N0360 Gx 3.3
01 02 12 -71 33 00 N0361 Gb 1.5 11.8
01 03 12 -70 51 00 N0362 Gb 12.9 6.6
01 06 06 -16 34 00 N0363 Gx 15p
01 04 36 -00 51 00 N0364 Gx 14p
01 04 06 -35 07 00 N0365 Gx
01 06 24 +62 14 00 N0366 OC 3
01 04 54 -12 09 00 N0367 ?
01 04 24 -43 16 00 N0368 Gx
01 05 06 -17 45 00 N0369 Gx 1.3
01 06 36 +32 25 00 N0370 -
01 03 18 -72 05 00 N0371 OC 8
01 06 42 +32 26 00 N0372 T*
01 07 00 +32 18 00 N0373 Gx
01 07 06 +32 46 00 N0374 Gx 14p
01 07 06 +32 21 00 N0375 Gx 1.3 16p
01 03 54 -72 49 00 N0376
01 06 18 -20 03 00 N0377 T*
01 06 12 -30 11 00 N0378 Gx 14p
01 07 18 +32 31 00 N0379 Gx 1.8 12.6
01 07 18 +32 29 00 N0380 Gx 1.6 12.5
01 08 18 +61 35 00 N0381 OC 6 9p
01 07 24 +32 24 00 N0382 Gx 0.4 14p
01 07 24 +32 25 00 N0383 Gx 2.3 11.9
01 07 24 +32 18 00 N0384 Gx 1.1 13.0
01 07 24 +32 19 00 N0385 Gx 1.5 12.9
01 07 30 +32 22 00 N0386 Gx 0.9 14.1
01 07 30 +32 23 00 N0387 Gx
01 07 48 +32 19 00 N0388 Gx 0.8 14.3
01 08 30 +39 42 00 N0389 Gx 15p
01 08 06 +32 27 00 N0390 Gx
01 07 30 +00 56 00 N0391 Gx 14p
01 08 24 +33 07 00 N0392 Gx 14p
01 08 36 +39 40 00 N0393 Gx 13p
01 08 24 +33 08 00 N0394 Gx 15p
01 05 18 -72 00 00 N0395
01 08 00 +04 32 00 N0396 Gx
01 08 30 +33 06 00 N0397 Gx 15p
01 08 48 +32 30 00 N0398 Gx 15p
01 09 00 +32 37 00 N0399 Gx 14p
01 09 00 +32 44 00 N0400 -
01 09 06 +32 46 00 N0401 -
01 09 12 +32 49 00 N0402 -
01 09 12 +32 45 00 N0403 Gx 2.1 13p
01 09 24 +35 43 00 N0404 Gx 4.4 10.1
01 08 18 -46 40 00 N0405 D*
01 07 24 -69 53 00 N0406 Gx 3.8 12p
01 10 36 +33 07 00 N0407 Gx 2.0 14p
01 10 54 +33 06 00 N0408 Gx
01 09 30 -35 48 00 N0409 Gx 1.5
01 11 00 +33 09 00 N0410 Gx 2.6 13p
01 07 54 -71 46 00 N0411
01 10 18 -20 01 00 N0412 -
01 09 30 -02 50 00 N0413 Gx 16p
01 11 18 +33 06 00 N0414 Gx 14p
01 10 12 -35 29 00 N0415 Gx
01 08 06 -72 21 00 N0416 Gb 1.1 11.0
01 11 06 -18 10 00 N0417 Gx 15p
01 10 36 -30 13 00 N0418 Gx 2.3 13p
01 08 18 -72 53 00 N0419 Gb 2.6 10.0
01 12 06 +32 06 00 N0420 Gx 13p
01 12 06 +32 09 00 N0421 -
01 08 54 -71 46 00 N0422
01 11 24 -29 13 00 N0423 Gx 14p
01 11 30 -38 05 00 N0424 Gx 2.1
01 13 00 +38 48 00 N0425 Gx 13p
01 12 54 -00 17 00 N0426 Gx 14p
01 12 30 -32 03 00 N0427 Gx 15p
01 12 54 +00 59 00 N0428 Gx 4.1 11.4
01 13 00 -00 20 00 N0429 Gx 14p
01 13 06 -00 15 00 N0430 Gx 13p
01 14 12 +33 44 00 N0431 Gx 14p
01 11 48 -61 32 00 N0432 Gx 1.5
01 15 18 +60 08 00 N0433 OC 3
01 12 12 -58 15 00 N0434 Gx 1.9 13p
01 14 00 +02 04 00 N0435 Gx 15p
01 15 36 +58 49 00 N0436 OC 6 8.8
01 14 24 +05 56 00 N0437 Gx 14p
01 13 24 -37 56 00 N0438 Gx
01 13 48 -31 45 00 N0439 Gx 13p
01 12 54 -58 17 00 N0440 Gx 1.0
01 14 00 -31 47 00 N0441 Gx 14p
01 14 36 -01 01 00 N0442 Gx 1.2 15p
01 15 06 +33 23 00 N0443 Gx 14p
01 15 54 +31 05 00 N0444 Gx 14p
01 14 54 +01 56 00 N0445 Gx 15p
01 14 54 +04 11 00 N0446 Gx 15p
01 15 36 +33 04 00 N0447 Gx 2.6 14.0
01 15 18 -01 37 00 N0448 Gx 13p
01 16 06 +33 05 00 N0449 Gx 0.7 14.3
01 15 30 -00 52 00 N0450 Gx 3.2 12.1
01 16 12 +33 04 00 N0451 Gx 15p
01 16 18 +31 02 00 N0452 Gx 14p
01 16 18 +33 05 00 N0453 T*
01 14 24 -55 24 00 N0454 Gx 1.9
01 16 00 +05 11 00 N0455 Gx 14p
01 14 24 -73 17 00 N0456 Nb 15
01 19 06 +58 20 00 N0457 OC 13 6.4
01 14 54 -71 33 00 N0458
01 18 00 +17 33 00 N0459 Gx 15p
01 14 48 -72 18 00 N0460 CN
01 17 18 -33 50 00 N0461 Gx 1.2
01 18 06 +04 14 00 N0462 Gx
01 18 54 +16 19 00 N0463 Gx 15p
01 19 00 +34 58 00 N0464 Gx
01 15 30 -73 20 00 N0465 OC
01 17 12 -58 55 00 N0466 Gx 2.1
01 19 12 +03 18 00 N0467 Gx 2.4 11.9
01 19 48 +32 47 00 N0468 Gx 15p
01 19 24 +14 53 00 N0469 Gx 15p
01 19 42 +03 25 00 N0470 Gx 3.0 11.9
01 19 54 +14 47 00 N0471 Gx 14p
01 20 30 +32 43 00 N0472 Gx 14p
01 19 54 +16 33 00 N0473 Gx 2.2 13p
01 20 06 +03 25 00 N0474 Gx 7.9 11.1
01 20 00 +14 51 00 N0475 Gx
01 20 12 +16 01 00 N0476 Gx 15p
01 21 18 +40 29 00 N0477 Gx 14p
01 20 12 -22 22 00 N0478 Gx 15p
01 21 18 +03 52 00 N0479 Gx 15p
01 20 54 -09 52 00 N0480
01 21 00 -09 12 00 N0481 Gx 14p
01 20 18 -40 57 00 N0482 Gx
01 22 00 +33 32 00 N0483 Gx 14p
01 19 36 -58 31 00 N0484 Gx 2.2
01 21 24 +07 01 00 N0485 Gx 1.9 14p
01 22 06 +05 24 00 N0486 Gx 15p
01 21 48 -16 21 00 N0487 Gx 14p
01 21 48 +05 15 00 N0488 Gx 5.2 10.3
01 21 48 +09 12 00 N0489 Gx 13p
01 22 06 +05 22 00 N0490 Gx 15p
01 21 24 -34 03 00 N0491 Gx 1.5 13p
01 22 12 +05 25 00 N0492 Gx 15p
01 22 12 +00 57 00 N0493 Gx 3.8 12.5
01 23 00 +33 11 00 N0494 Gx 14p
01 22 54 +33 28 00 N0495 Gx 1.5 13.2
01 23 18 +33 33 00 N0496 Gx 14p
01 22 24 -00 53 00 N0497 Gx 2.4 14p
01 23 18 +33 30 00 N0498 Gx 16p
01 23 12 +33 28 00 N0499 Gx 2.0 12.0
01 22 42 +05 24 00 N0500 Gx 15p
01 23 24 +33 27 00 N0501 Gx 15p
01 22 48 +09 03 00 N0502 Gx 14p
01 23 30 +33 21 00 N0503 Gx 15p
01 23 30 +33 13 00 N0504 Gx 14p
01 22 54 +09 28 00 N0505 Gx 15p
01 23 36 +33 14 00 N0506 -
01 23 42 +33 15 00 N0507 Gx 4.3 11.2
01 23 42 +33 17 00 N0508 Gx 1.6 12.8
01 23 24 +09 26 00 N0509 Gx 1.7 15p
01 23 42 +33 26 00 N0510 Gx
01 23 30 +11 17 00 N0511 Gx 15p
01 24 00 +33 55 00 N0512 Gx 14p
01 23 48 +33 49 00 N0513 Gx 13p
01 24 06 +12 55 00 N0514 Gx 3.5 11.9
01 24 36 +33 29 00 N0515 Gx 14p
01 24 06 +09 33 00 N0516 Gx 1.6 14p
01 24 42 +33 27 00 N0517 Gx 13p
01 24 18 +09 20 01 N0518 Gx 1.9 14p
01 24 30 -01 38 00 N0519 Gx
01 24 36 +03 48 00 N0520 Gx 4.8 11.2
01 24 36 +01 44 00 N0521 Gx 3.4 13p
01 24 48 +10 00 00 N0522 Gx 2.8 14p
01 25 18 +34 02 00 N0523 Gx 3.1 14p
01 24 48 +09 32 00 N0524 Gx 3.2 10.6
01 24 48 +09 42 00 N0525 Gx 14p
01 23 54 -35 03 00 N0526 Gx
01 24 00 -35 06 00 N0527 Gx
01 25 30 +33 41 00 N0528 Gx 13p
01 25 42 +34 44 00 N0529 Gx 13p
01 24 42 -01 35 00 N0530 Gx 1.9 14p
01 26 18 +34 45 00 N0531 Gx 15p
01 25 18 +09 16 00 N0532 Gx 2.8 14p
01 25 30 +01 46 00 N0533 Gx 3.7 13p
01 24 36 -38 07 00 N0534 Gx
01 25 30 -01 25 00 N0535 Gx 1.3 15p
01 26 24 +34 43 00 N0536 Gx 3.7 13p
01 26 18 +34 05 00 N0537 -
01 25 24 -01 33 00 N0538 Gx 1.3 15p
01 25 18 -18 09 00 N0539 Gx 1.8 14p
01 27 06 -20 02 00 N0540 Gx 1.4
01 25 42 -01 23 00 N0541 Gx 2.7 12.0
01 26 30 +34 41 00 N0542 Gx 15p
01 25 48 -01 18 00 N0543 Gx 0.7 13.3
01 25 06 -38 05 00 N0544 Gx
01 26 00 -01 20 00 N0545 Gx 3.0 14p
01 25 06 -38 03 00 N0546 Gx
01 26 00 -01 21 00 N0547 Gx 1.7 12.3
01 26 00 -01 14 00 N0548 Gx 1.5
01 25 30 -38 16 00 N0549 Gx 2.0
01 26 42 +02 01 00 N0550 Gx 1.7 14p
01 27 36 +37 11 00 N0551 Gx 13p
01 27 48 +33 28 00 N0552 -
01 27 48 +33 28 00 N0553 -
01 27 12 -22 43 00 N0554 Gx 15p
01 27 12 -22 45 00 N0555 Gx 15p
01 27 12 -22 42 00 N0556
01 26 30 -01 38 00 N0557 Gx 15p
01 27 18 -01 58 00 N0558 Gx 0.7
01 29 30 +63 18 00 N0559 OC 4 9.5
01 27 24 -01 55 00 N0560 Gx 2.3 12.9
01 28 12 +34 19 00 N0561 Gx 14p
01 28 24 +48 23 00 N0562 Gx 1.5 15p
01 27 06 -18 38 00 N0563 Gx 14p
01 27 48 -01 53 00 N0564 Gx 1.8 12.5
01 28 12 -01 18 00 N0565 Gx 1.6 15p
01 29 00 +32 21 00 N0566 Gx 14p
01 26 54 -10 15 00 N0567 Gx 14p
01 27 54 -35 43 00 N0568 Gx
01 29 06 +11 09 00 N0569 Gx 14p
01 29 00 -00 57 00 N0570 Gx 2.5 14p
01 29 54 +32 31 00 N0571 Gx 15p
01 28 36 -39 18 00 N0572 Gx
01 30 54 +41 16 00 N0573 Gx 13p
01 29 00 -35 35 00 N0574 Gx
01 30 48 +21 26 00 N0575 Gx 14p
01 28 54 -51 36 00 N0576 Gx 1.2
01 30 42 -01 59 00 N0577 Gx 14p
01 30 30 -22 39 59 N0578 Gx 4.8 10.9
01 31 42 +33 38 00 N0579 Gx 13p
01 30 42 -02 00 00 N0580
01 33 12 +60 42 00 N0581 OC 6 7.4
01 31 54 +33 30 00 N0582 Gx 13p
01 29 42 -18 19 00 N0583 Gx 15p
01 31 18 -06 52 00 N0584 Gx 3.8 10.4
01 31 42 -00 55 00 N0585 Gx 14p
01 31 36 -06 54 00 N0586 Gx 1.6 13.2
01 32 30 +35 22 00 N0587 Gx 13p
01 32 42 +30 40 00 N0588 K
01 32 36 -12 02 00 N0589 Gx 14p
01 33 36 +44 56 00 N0590 Gx 14p
01 33 30 +35 41 00 N0591 Gx 14p
01 33 12 +30 39 00 N0592 K
01 32 18 -12 21 00 N0593 Gx 14p
01 33 00 -16 32 00 N0594 Gx 14p
01 33 30 +30 42 00 N0595 K
01 32 54 -07 02 00 N0596 Gx 3.5 10.9
01 32 12 -33 29 00 N0597 Gx
01 33 54 +30 39 00 N0598 Gx 62 5.7
01 32 48 -12 11 00 N0599 Gx 13p
01 33 06 -07 19 00 N0600 Gx 3.5 12.4
01 33 18 -12 12 00 N0601 -
01 29 36 -73 33 00 N0602 CN
01 34 24 +30 11 00 N0603 T*
01 34 30 +30 48 00 N0604 K
01 35 06 +41 16 00 N0605 Gx 14p
01 34 54 +21 26 00 N0606 Gx 14p
01 34 18 -07 25 00 N0607
01 35 24 +33 41 00 N0608 Gx 14p
01 37 12 +64 33 00 N0609 OC 3 11.0
01 34 18 -20 09 00 N0610 -
01 34 18 -20 08 00 N0611 -
01 34 00 -36 30 00 N0612 Gx 13.2
01 34 18 -29 25 00 N0613 Gx 5.8 10.0
01 35 48 +33 42 00 N0614 Gx 14p
01 35 06 -07 20 00 N0615 Gx 4.0 11.5
01 36 00 +33 46 00 N0616 D*
01 33 54 -09 47 00 N0617 Gx 15p
01 36 18 +33 24 00 N0618
01 34 48 -36 28 00 N0619 Gx
01 37 00 +42 20 00 N0620 Gx 14p
01 36 42 +35 32 00 N0621 Gx 14p
01 36 00 +00 40 00 N0622 Gx 2.0 14p
01 35 00 -36 29 00 N0623 Gx
01 35 42 -10 00 00 N0624 Gx 14p
01 35 06 -41 26 00 N0625 Gx 3.0 12p
01 35 12 -39 08 00 N0626 Gx
01 37 06 +33 35 00 N0627
01 36 42 +15 47 00 N0628 Gx 10.2 9.2
01 40 18 +72 53 00 N0629 -
01 35 36 -39 21 00 N0630 Gx
01 36 48 +05 51 00 N0631 Gx 15p
01 37 18 +05 53 00 N0632 Gx 13p
01 36 24 -37 18 00 N0633 Gx
01 38 12 +35 23 00 N0634 Gx 14p
01 38 18 -19 56 00 N0635 -
01 39 06 -07 31 00 N0636 Gx 2.3 11.3
01 42 54 +64 00 00 N0637 OC 4 8.2
01 39 36 +07 14 00 N0638 Gx 14p
01 38 54 -29 55 00 N0639 Gx 15p
01 39 18 -09 23 00 N0640 Gx 15p
01 38 42 -42 31 00 N0641 Gx
01 39 00 -29 54 00 N0642 Gx 14p
01 35 06 -75 33 00 N0643 Gb 13p
01 38 54 -42 35 00 N0644 Gx
01 40 12 +05 44 00 N0645 Gx 14p
01 37 24 -64 55 00 N0646 Gx
01 39 48 -09 13 00 N0647 Gx 14p
01 38 42 -17 50 00 N0648 Gx 14p
01 40 00 -09 14 00 N0649 Gx 15p
01 42 18 +51 34 00 N0650 Pl 4.8 12p
01 42 18 +51 35 00 N0651 Pl 12p
01 40 42 +07 59 00 N0652 Gx 14p
01 42 24 +35 39 00 N0653 Gx 14p
01 44 06 +61 53 00 N0654 OC 5 6.5
01 42 00 -13 04 00 N0655 Gx 14p
01 42 24 +26 09 00 N0656 Gx 13p
01 43 42 +55 53 00 N0657 OC
01 42 12 +12 35 00 N0658 Gx 3.2 14p
01 44 12 +60 42 00 N0659 OC 5 7.9
01 43 00 +13 38 00 N0660 Gx 9.1 10.8
01 44 12 +28 42 00 N0661 Gx 2.2 13p
01 44 30 +37 41 00 N0662 Gx 1.0 14.3
01 46 00 +61 15 00 N0663 OC 16 7.1
01 43 48 +04 14 00 N0664 Gx 1.8 14p
01 44 48 +10 26 00 N0665 Gx 13p
01 46 00 +34 23 00 N0666 Gx 13p
01 45 06 -22 56 00 N0667 Gx
01 46 18 +36 27 00 N0668 Gx 2.3 14p
01 47 12 +35 33 00 N0669 Gx 3.4 13p
01 47 24 +27 53 00 N0670 Gx 2.5 12.1
01 46 54 +13 06 01 N0671 Gx 14p
01 47 54 +27 26 00 N0672 Gx 6.6 10.8
01 48 24 +11 32 00 N0673 Gx 2.4 13p
01 49 12 +22 20 00 N0674 -
01 49 00 +13 02 00 N0675 Gx 15p
01 49 00 +05 54 00 N0676 Gx 4.3 11p
01 49 06 +13 02 00 N0677 Gx 14p
01 49 24 +22 00 00 N0678 Gx 5.0 13p
01 49 42 +35 47 00 N0679 Gx 2.3 12.4
01 49 48 +21 58 00 N0680 Gx 2.9 13p
01 49 12 -10 26 00 N0681 Gx 2.8 11.8
01 49 00 -14 59 00 N0682 Gx 13p
01 49 36 +11 41 00 N0683 Gx 15p
01 50 12 +27 39 00 N0684 Gx 3.9 13p
01 47 48 -52 47 00 N0685 Gx 4.1 12p
01 49 00 -23 48 00 N0686 Gx 13p
01 50 36 +36 21 00 N0687 Gx 13p
01 50 48 +35 16 00 N0688 Gx 13p
01 49 54 -27 28 00 N0689 Gx 15p
01 47 48 -16 43 00 N0690 Gx 14p
01 50 42 +21 46 00 N0691 Gx 3.5 12p
01 48 42 -48 39 00 N0692 Gx 2.4
01 50 30 +06 09 00 N0693 Gx 2.7 14p
01 51 00 +22 00 00 N0694 Gx 0.8 14p
01 51 12 +22 35 00 N0695 Gx 0.7 14p
01 49 24 -34 55 00 N0696 Gx
01 51 18 +22 21 00 N0697 Gx 4.7 13p
01 49 36 -34 50 00 N0698 Gx
01 50 36 -12 03 00 N0699 Gx 14p
01 52 12 +36 04 00 N0700 Gx 15p
01 51 06 -09 42 00 N0701 Gx 2.5 12.2
01 51 18 -04 03 00 N0702 Gx 1.5 14p
01 52 48 +36 09 00 N0703 Gx 1.5 15p
01 52 42 +36 06 00 N0704 Gx 14p
01 52 48 +36 08 00 N0705 Gx 14p
01 51 48 +06 18 01 N0706 Gx 2.2 13p
01 51 12 -08 30 00 N0707 Gx 14p
01 52 48 +36 10 00 N0708 Gx 3.3 15p
01 52 54 +36 13 00 N0709 Gx 15p
01 53 00 +36 02 00 N0710 Gx 14p
01 52 30 +17 30 00 N0711 Gx 14p
01 53 12 +36 48 00 N0712 Gx 14p
01 55 06 -09 05 00 N0713 Gx 15p
01 53 36 +36 12 00 N0714 Gx 14p
01 53 12 -12 50 00 N0715
01 52 54 +12 32 00 N0716 Gx
01 54 00 +36 13 00 N0717 Gx 14p
01 53 12 +04 12 00 N0718 Gx 2.8 11.7
01 53 42 +19 49 00 N0719 Gx 14p
01 53 00 -13 44 00 N0720 Gx 4.4 10.2
01 54 48 +39 23 00 N0721 Gx 2.0 13.4
01 54 48 +20 41 00 N0722 Gx 14p
01 53 54 -23 46 00 N0723 Gx 13p
01 53 48 -23 52 00 N0724 -
01 52 36 -16 31 00 N0725 Gx 14p
01 55 36 -10 49 00 N0726 Gx 14p
01 53 42 -35 52 00 N0727 Gx
01 55 06 +04 12 00 N0728 T*
01 54 00 -35 49 00 N0729 D*
01 55 18 +05 37 00 N0730 S*
01 54 54 -09 01 00 N0731 Gx 1.7 13p
01 56 30 +36 48 01 N0732 Gx 15p
01 56 24 +33 04 00 N0733 Gx
01 54 48 -17 03 00 N0734 Gx
01 56 36 +34 11 01 N0735 Gx 2.0 14p
01 56 41 +33 03 00 N0736 Gx 2.0 12.2
01 56 41 +33 03 00 N0737
01 56 53 +33 03 00 N0738 Gx 15p
01 57 00 +33 14 00 N0739 Gx 15p
01 56 53 +33 01 00 N0740 Gx 1.7 15p
01 56 24 +05 38 00 N0741 Gx 3.2 11.3
01 56 30 +05 38 01 N0742 Gx 0.2 15p
01 58 42 +60 11 00 N0743 OC 5
01 58 24 +55 29 00 N0744 OC 11 7.9
01 54 12 -56 41 00 N0745 Gx 1.5
01 57 54 +44 56 00 N0746 Gx 1.9 13p
01 56 12 -09 28 00 N0747 -
01 56 24 -04 28 00 N0748 Gx 2.9
01 55 36 -29 57 00 N0749 Gx 14p
01 57 30 +33 13 00 N0750 Gx 1.6 12.2
01 57 36 +33 12 00 N0751 Gx 1.3 12.5
01 57 48 +37 41 00 N0752 OC 50 5.7
01 57 42 +35 55 00 N0753 Gx 2.9 12.4
01 54 24 -56 46 00 N0754 Gx 0.7
01 56 24 -09 04 00 N0755 Gx 4.0
01 54 30 -16 43 00 N0756 Gx 15p
01 56 24 -08 55 00 N0757 -
01 56 00 -03 06 00 N0758 Gx
01 57 48 +36 20 00 N0759 Gx 2.1 14p
01 57 48 +33 21 00 N0760 D*
01 57 48 +33 23 00 N0761 Gx 1.6 15p
01 57 06 -05 26 00 N0762 Gx 13p
01 57 24 -08 59 00 N0763 -
01 57 12 -16 02 00 N0764 D*
01 58 48 +24 53 00 N0765 Gx 14p
01 58 42 +08 20 00 N0766 Gx 14p
01 58 54 -09 35 00 N0767 Gx 14p
01 58 42 +00 31 00 N0768 Gx 14p
01 59 30 +30 54 00 N0769 Gx 13p
01 59 12 +18 57 00 N0770 Gx 1.3 14p
02 03 24 +72 25 00 N0771 - 4.0
01 59 18 +19 01 00 N0772 Gx 7.1 10.3
01 59 00 -11 31 00 N0773 Gx 14p
01 59 24 +14 01 00 N0774 Gx 14p
01 58 30 -26 18 00 N0775 Gx 14p
01 59 54 +23 38 00 N0776 Gx 13p
02 00 12 +31 26 00 N0777 Gx 3.0 12p
02 00 18 +31 17 00 N0778 Gx 14p
01 59 42 -05 58 00 N0779 Gx 4.1 11.0
02 00 30 +28 13 00 N0780 Gx 14p
02 00 06 +12 38 00 N0781 Gx 14p
01 57 48 -57 46 00 N0782 Gx 2.1 13p
02 01 06 +31 52 01 N0783 Gx 1.8 13p
02 01 18 +28 50 01 N0784 Gx 6.2 11.8
02 01 48 +31 49 00 N0785 Gx 14p
02 01 30 +15 38 00 N0786 Gx 14p
02 01 00 -09 00 00 N0787 Gx 13p
02 01 06 -06 48 59 N0788 Gx 1.8 12.3
02 02 30 +32 04 00 N0789 Gx 14p
02 01 30 -05 23 00 N0790 Gx 13p
02 01 42 +08 29 00 N0791 Gx 15p
02 02 18 +15 42 00 N0792 Gx 14p
02 02 54 +32 00 00 N0793 -
02 02 30 +18 22 00 N0794 Gx 14p
01 59 48 -55 49 00 N0795 Gx 1.5
01 56 42 -74 13 00 N0796 CN
02 03 24 +38 07 00 N0797 Gx 13p
02 03 24 +32 04 00 N0798 Gx 14p
02 02 18 -00 06 00 N0799 Gx 14p
02 02 18 -00 08 00 N0800 Gx 14p
02 03 42 +38 15 00 N0801 Gx 13p
01 59 06 -67 52 00 N0802 Gx 0.7
02 03 48 +16 02 00 N0803 Gx 3.3 12.4
02 03 54 +30 49 00 N0804 Gx 14p
02 04 24 +28 48 00 N0805 Gx 14p
02 03 36 -09 56 00 N0806 Gx 14p
02 04 48 +28 59 00 N0807 Gx 14p
02 04 00 -23 19 00 N0808 Gx 1.6
02 04 24 -08 43 00 N0809 Gx 14p
02 05 18 +13 14 00 N0810 Gx 15p
02 04 42 -10 06 00 N0811 Gx 14p
02 06 48 +44 34 00 N0812 Gx 3.2 13p
02 01 36 -68 26 00 N0813 Gx 1.3
02 02 54 -14 38 00 N0814 Gx 16p
02 02 54 -14 42 00 N0815 Gx 16p
02 08 00 +29 15 00 N0816 Gx 15p
02 08 24 +17 12 00 N0817 14p
02 08 42 +38 47 00 N0818 Gx 3.2 13p
02 08 30 +29 14 00 N0819 Gx 14p
02 08 24 +14 20 00 N0820 Gx 13p
02 08 24 +11 00 00 N0821 Gx 3.5 10.8
02 06 36 -41 09 00 N0822 Gx
02 07 18 -25 27 00 N0823 Gx 14p
02 06 48 -36 28 00 N0824 Gx
02 08 30 +06 19 00 N0825 Gx 14p
02 09 24 +30 44 00 N0826 Gx 15p
02 08 48 +07 58 00 N0827 Gx 14p
02 10 12 +39 12 00 N0828 Gx 3.2 13p
02 08 42 -07 47 00 N0829 Gx 1.4
02 09 00 -07 46 00 N0830 Gx 14p
02 09 30 +06 06 00 N0831 Gx 15p
02 10 06 +35 32 00 N0832 Gx
02 09 18 -10 08 00 N0833 Gx 1.9 12.7
02 11 00 +37 40 00 N0834 Gx 13p
02 09 24 -10 08 00 N0835 Gx 1.4 12.2
02 10 30 -22 04 00 N0836 Gx 14p
02 10 24 -22 26 00 N0837 Gx 15p
02 09 36 -10 09 00 N0838 Gx 1.7 12.8
02 09 42 -10 11 00 N0839 Gx 1.8 13.0
02 10 12 +07 50 00 N0840 Gx 2.5 15p
02 11 18 +37 30 00 N0841 Gx 2.0 13p
02 09 48 -07 45 00 N0842 Gx 2.0
02 11 06 +32 06 00 N0843 T*
02 10 12 +06 03 00 N0844 Gx 15p
02 12 18 +37 29 00 N0845 Gx 14p
02 12 12 +44 34 00 N0846 Gx 13p
02 12 12 +44 34 00 N0847 Gx
02 10 18 -10 19 00 N0848 Gx 1.9 13.1
02 10 12 -22 19 00 N0849 Gx
02 11 12 -01 30 00 N0850 Gx 14p
02 11 12 +03 47 00 N0851 Gx 1.5 15p
02 08 54 -56 44 00 N0852 Gx
02 11 48 -09 18 00 N0853 Gx 13p
02 11 36 -35 51 00 N0854 Gx
02 14 00 +27 53 00 N0855 Gx 13p
02 13 36 -00 44 00 N0856 Gx 14p
02 12 36 -31 57 00 N0857 Gx 13p
02 12 30 -22 27 00 N0858 Gx 1.6 13p
02 13 54 -00 44 00 N0859
02 15 06 +30 47 00 N0860 Gx 15p
02 15 48 +35 55 00 N0861 Gx 15p
02 13 00 -42 04 00 N0862 Gx
02 14 36 -00 46 00 N0863 Gx 1.4 14p
02 15 30 +06 00 00 N0864 Gx 4.6 11.0
02 16 06 +28 36 00 N0865 Gx 14p
02 14 36 -00 46 00 N0866
02 15 54 +01 03 00 N0867
02 16 00 -00 44 00 N0868 Gx 15p
02 19 00 +57 09 00 N0869 OC 30 4p
02 17 12 +14 33 00 N0870 Gx 16p
02 17 12 +14 33 00 N0871 Gx 1.3 13.5
02 15 24 -17 48 00 N0872 Gx 14p
02 16 36 -11 20 00 N0873 Gx 13p
02 16 06 -23 11 00 N0874
02 17 06 +01 14 00 N0875 Gx 14p
02 17 54 +14 31 00 N0876 Gx 2.1
02 18 00 +14 33 00 N0877 Gx 2.3 11.8
02 17 48 -23 22 00 N0878 Gx 15p
02 16 48 -08 58 00 N0879 Gx
02 18 24 -04 11 00 N0880 Gx
02 18 42 -06 35 00 N0881 Gx 2.9
02 19 42 +15 49 00 N0882 Gx 15p
02 19 00 -06 45 00 N0883 Gx 13p
02 22 24 +57 07 00 N0884 OC 30 4p
02 14 36 -00 46 00 N0885
02 23 30 +63 47 00 N0886 -
02 19 36 -16 04 00 N0887 Gx 13p
02 17 30 -59 52 00 N0888 Gx 1.3
02 19 06 -41 45 00 N0889 Gx
02 22 00 +33 16 00 N0890 Gx 2.9 12p
02 22 36 +42 21 00 N0891 Gx 13.5 10.0
02 20 42 -23 07 00 N0892 Gx
02 20 00 -41 23 00 N0893 Gx
02 21 36 -05 30 00 N0894 -
02 21 36 -05 31 00 N0895 Gx 3.6 11.8
02 24 48 +61 54 00 N0896 Nb 27
02 21 06 -33 42 00 N0897 Gx
02 23 18 +41 57 00 N0898 Gx 2.1 14p
02 21 54 -20 48 00 N0899 Gx 1.9 13p
02 23 30 +26 31 00 N0900 Gx 15p
02 23 36 +26 34 00 N0901 -
02 22 24 -16 40 00 N0902 Gx 14p
02 23 48 +27 22 00 N0903 Gx
02 24 00 +27 21 00 N0904 Gx 15p
02 22 36 -08 43 00 N0905 Gx
02 25 12 +42 06 00 N0906 Gx 2.0 14p
02 23 00 -20 43 00 N0907 Gx 1.9 13p
02 23 06 -21 14 00 N0908 Gx 5.5 10.2
02 25 24 +42 03 00 N0909 Gx 14p
02 25 24 +41 50 00 N0910 Gx 2.3 15p
02 25 48 +41 59 00 N0911 Gx 14p
02 25 48 +41 47 00 N0912 Gx 15p
02 25 48 +41 48 00 N0913 Gx
02 26 06 +42 09 01 N0914 Gx 14p
02 25 42 +27 14 00 N0915 Gx 15p
02 25 42 +27 15 00 N0916 Gx 15p
02 26 06 +32 14 01 N0917 -
02 25 54 +18 30 00 N0918 Gx 3.4 13p
02 26 12 +27 13 01 N0919 Gx 15p
02 27 48 +45 58 00 N0920 Gx 15p
02 26 36 -15 50 00 N0921 Gx 14p
02 25 06 -24 47 00 N0922 Gx 1.9 12.2
02 27 36 +41 59 00 N0923 Gx 14p
02 26 48 +20 30 00 N0924 Gx 14p
02 27 18 +33 35 00 N0925 Gx 9.8 10.0
02 26 06 -00 19 59 N0926 Gx 2.5 14p
02 26 36 +12 09 00 N0927 Gx 1.4 15p
02 27 42 +27 14 00 N0928 Gx 14p
02 27 18 -12 05 00 N0929 Gx 15p
02 27 54 +20 20 00 N0930 Gx 13p
02 28 18 +31 19 00 N0931 Gx 14p
02 27 54 +20 19 00 N0932 Gx 1.9 14p
02 29 12 +45 56 00 N0933 Gx 15p
02 27 36 -00 14 00 N0934 Gx 14p
02 28 12 +19 36 00 N0935 Gx 14p
02 27 36 -01 09 00 N0936 Gx 5.2 10.1
02 29 30 +42 16 00 N0937 Gx 15p
02 28 30 +20 17 00 N0938 Gx 14p
02 26 24 -44 26 00 N0939 Gx
02 29 24 +31 39 00 N0940 Gx 13p
02 28 30 -01 09 00 N0941 Gx 2.8 12.4
02 29 12 -10 50 00 N0942 Gx 14p
02 29 12 -10 50 00 N0943 Gx
02 26 42 -14 30 00 N0944 Gx 14p
02 28 36 -10 32 00 N0945 Gx 2.5 12p
02 30 42 +42 15 00 N0946 Gx 14p
02 28 30 -19 04 00 N0947 Gx 2.6 12p
02 28 48 -10 31 00 N0948 Gx 1.4 14p
02 30 48 +37 08 00 N0949 Gx 2.8 11.9
02 29 12 -11 01 00 N0950 Gx 14p
02 28 48 -22 20 00 N0951 Gx 15p
02 31 18 +34 45 00 N0952 -
02 31 12 +29 36 00 N0953 Gx 14p
02 28 54 -41 25 00 N0954 Gx
02 30 36 -01 07 00 N0955 Gx 3.0 12.0
02 32 24 +44 39 00 N0956 OC 8 9p
02 33 36 +57 32 01 N0957 OC 11 7.6
02 30 42 -02 57 00 N0958 Gx 2.8 12.2
02 32 18 +35 30 00 N0959 Gx 2.2 13p
02 31 36 -09 17 00 N0960 Gx 14p
02 31 12 -06 54 00 N0961 -
02 32 48 +28 05 00 N0962 Gx 14p
02 30 30 -04 14 00 N0963 Gx
02 31 06 -36 01 00 N0964 Gx
02 32 30 -18 39 00 N0965 Gx 14p
02 31 48 -19 53 00 N0966 Gx 14p
02 32 12 -17 13 00 N0967 Gx 14p
02 34 06 +34 30 00 N0968 Gx 14p
02 34 06 +32 58 00 N0969 Gx 13p
02 34 12 +33 00 00 N0970 Gx 15p
02 34 12 +32 59 00 N0971 Gx
02 34 12 +29 19 00 N0972 Gx 3.6 11.3
02 34 18 +32 31 00 N0973 Gx 13p
02 34 24 +32 59 00 N0974 Gx 14p
02 33 12 +09 37 00 N0975 Gx 14p
02 34 00 +20 59 00 N0976 Gx 1.7 12.4
02 33 00 -10 44 00 N0977 Gx 13p
02 34 48 +32 52 00 N0978 Gx 14p
02 31 30 -44 31 00 N0979 Gx
02 35 30 +40 54 00 N0980 Gx 13p
02 32 54 -10 57 00 N0981 Gx 14p
02 35 24 +40 57 00 N0982 Gx 14p
02 35 00 +31 31 00 N0983 -
02 34 42 +23 26 00 N0984 Gx 14p
02 34 36 -08 47 00 N0985 Gx 1.3 13.5
02 33 36 -39 01 59 N0986 Gx 3.7 11.0
02 36 48 +33 19 00 N0987 Gx 13p
02 35 24 -09 21 00 N0988 Gx 4.7 11p
02 33 48 -16 30 00 N0989 Gx 15p
02 36 24 +11 39 00 N0990 Gx 14p
02 35 30 -07 09 00 N0991 Gx 2.7 12p
02 37 12 +21 06 01 N0992 Gx 13p
02 36 42 +02 03 00 N0993 Gx 1.1 15p
02 36 42 +02 03 00 N0994
02 38 30 +41 32 00 N0995 Gx 15p
02 38 42 +41 39 00 N0996 Gx 14p
02 37 12 +07 18 01 N0997 Gx 14p
02 37 12 +07 26 01 N0998 Gx 15p
02 38 48 +41 40 00 N0999 Gx 14p
