02 38 54 +41 27 00 N1000 Gx 15p
02 39 12 +41 40 00 N1001 Gx 14p
02 38 54 +34 37 00 N1002 Gx 14p
02 39 18 +40 52 00 N1003 Gx 5.4 11.5
02 37 36 +01 57 00 N1004 Gx 14p
02 39 30 +41 29 00 N1005 Gx 14p
02 37 24 -11 02 00 N1006
02 37 48 +02 08 00 N1007 Gx 15p
02 37 54 +02 04 00 N1008 Gx 15p
02 38 18 +02 18 00 N1009 Gx 15p
02 37 30 -11 02 00 N1010 Gx 14p
02 37 36 -11 01 00 N1011 Gx 15p
02 39 18 +30 09 00 N1012 Gx 2.9 13p
02 37 48 -11 31 00 N1013 Gx 14p
02 37 48 -09 32 00 N1014 -
02 38 06 -01 19 00 N1015 Gx 3.5 12p
02 38 18 +02 08 00 N1016 Gx 2.8 13p
02 37 48 -11 01 00 N1017 Gx 14p
02 38 00 -09 34 00 N1018 Gx 15p
02 38 24 +01 55 00 N1019 Gx 1.2 15p
02 38 42 +02 13 00 N1020 Gx 15p
02 38 48 +02 12 00 N1021 Gx 15p
02 38 30 -06 40 00 N1022 Gx 2.5 11.4
02 40 24 +39 04 00 N1023 Gx 8.7 9.5
02 39 12 +10 51 00 N1024 Gx 4.7 14p
02 36 18 -54 52 00 N1025 Gx 1.2
02 39 18 +06 32 00 N1026 Gx 14p
02 42 42 +61 33 00 N1027 OC 20 6.7
02 39 30 +10 50 00 N1028 Gx 15p
02 39 30 +10 47 00 N1029 Gx 14p
02 39 54 +18 01 00 N1030 Gx 14p
02 36 36 -54 52 00 N1031 Gx 2.2
02 39 24 +01 06 00 N1032 Gx 3.6 13p
02 40 06 -08 48 00 N1033 Gx 14p
02 38 12 -15 49 00 N1034 Gx 14p
02 39 30 -08 08 00 N1035 Gx 2.2 13p
02 40 30 +19 18 00 N1036 Gx 2.0 13p
02 38 00 -01 51 00 N1037 Gx 14p
02 40 06 +01 30 00 N1038 Gx 14p
02 42 00 +42 47 00 N1039 OC 35 5.2
02 42 12 +41 30 00 N1040 -
02 40 18 -05 28 00 N1041 Gx 14p
02 40 24 -08 26 00 N1042 Gx 4.7 10.9
02 40 42 +01 20 00 N1043 Gx 15p
02 41 06 +08 44 00 N1044 Gx 0.6 13.2
02 40 24 -11 18 00 N1045 Gx 13p
02 41 12 +08 43 00 N1046 Gx
02 40 30 -08 09 00 N1047 Gx 1.5 15p
02 40 36 -08 33 00 N1048 Gx 1.3 14p
02 39 42 -34 17 00 N1049 Gb
02 42 30 +34 46 00 N1050 Gx 13p
02 41 06 -06 56 00 N1051 Gx 1.9
02 41 06 -08 15 00 N1052 Gx 2.9 10.6
02 43 12 +41 30 00 N1053 Gx 14p
02 42 12 +18 12 00 N1054 Gx 14p
02 41 48 +00 26 00 N1055 Gx 7.6 10.6
02 42 54 +28 33 00 N1056 Gx 13p
02 43 00 +32 29 00 N1057 Gx 15p
02 43 30 +37 21 00 N1058 Gx 3.0 11.5
02 42 36 +18 01 00 N1059 D*
02 43 12 +32 24 00 N1060 Gx 13p
02 43 12 +32 27 00 N1061 Gx 15p
02 43 42 +32 30 00 N1062 Gx 15p
02 42 12 -05 34 00 N1063 Gx 1.6
02 42 12 -09 22 00 N1064 Gx 14p
02 42 06 -15 06 00 N1065 Gx 14p
02 43 48 +32 27 00 N1066 Gx 15p
02 43 48 +32 31 00 N1067 Gx 1.3 15p
02 42 42 -00 01 00 N1068 Gx 6.9 8.8
02 42 48 -08 18 00 N1069 Gx 14p
02 43 18 +04 58 00 N1070 Gx 13p
02 43 00 -08 46 00 N1071 Gx 15p
02 43 30 +00 18 00 N1072 Gx 1.7 14p
02 43 42 +01 23 00 N1073 Gx 4.9 11.0
02 43 42 -16 18 00 N1074 Gx 14p
02 43 42 -16 11 00 N1075 Gx 15p
02 43 42 -14 45 00 N1076 Gx 13p
02 46 06 +40 05 00 N1077 Gx 16p
02 44 12 -09 26 00 N1078 Gx 15p
02 43 42 -29 00 00 N1079 Gx 3.1 11.4
02 45 12 -04 43 00 N1080 Gx 1.4
02 45 12 -15 35 00 N1081 Gx 13p
02 45 42 -08 13 00 N1082 Gx 15p
02 45 48 -15 20 00 N1083 Gx 14p
02 46 00 -07 35 00 N1084 Gx 2.9 10.6
02 46 24 +03 37 00 N1085 Gx 1.7 14p
02 47 54 +41 15 01 N1086 Gx 13p
02 46 24 -00 30 00 N1087 Gx 3.5 11.0
02 47 00 +16 11 00 N1088 Gx 15p
02 46 24 -15 04 00 N1089 Gx 14p
02 46 36 -00 15 00 N1090 Gx 3.8 11.9
02 45 24 -17 33 00 N1091
02 45 42 -17 32 00 N1092 Gx 14p
02 48 12 +34 25 00 N1093 Gx 14p
02 47 30 -00 17 00 N1094 Gx 1.4 14p
02 47 36 +04 38 00 N1095 Gx 14p
02 43 48 -59 55 00 N1096 Gx 2.3
02 46 18 -30 17 00 N1097 Gx 9.3 9.3
02 44 54 -17 38 00 N1098 Gx 14p
02 45 18 -17 43 00 N1099 Gx 13p
02 45 36 -17 41 00 N1100 Gx 13p
02 48 18 +04 34 00 N1101 Gx 15p
02 47 06 -22 14 00 N1102 Gx 14p
02 48 00 -13 57 00 N1103 Gx 13p
02 48 36 -00 16 00 N1104 Gx 1.3 15p
02 52 24 -15 42 00 N1105 Gx 15p
02 50 36 +41 41 00 N1106 Gx 13p
02 49 18 +08 06 00 N1107 Gx 14p
02 48 36 -07 58 00 N1108 Gx
02 49 06 +13 15 00 N1109 Gx 15p
02 49 18 -07 51 00 N1110 Gx 2.7
02 49 42 +13 08 00 N1111 Gx
02 50 00 +13 13 00 N1112 -
02 50 12 +13 18 00 N1113 -
02 49 12 -17 00 00 N1114 Gx 13p
02 50 30 +13 15 00 N1115 Gx 15p
02 50 36 +13 19 00 N1116 Gx 15p
02 51 18 +13 11 00 N1117 Gx 15p
02 50 00 -12 09 00 N1118 Gx 14p
02 48 18 -18 01 00 N1119
02 49 12 -14 27 00 N1120 Gx 14p
02 50 48 -01 44 00 N1121 Gx 13p
02 52 48 +42 12 00 N1122 Gx 13p
02 52 48 +42 13 00 N1123 -
02 51 36 -25 42 00 N1124 Gx 15p
02 51 48 -16 38 00 N1125 Gx 13p
02 52 24 -01 18 00 N1126 Gx 15p
02 52 54 +13 15 00 N1127 Gx 15p
02 52 36 +06 03 00 N1128 -
02 54 30 +41 35 01 N1129 Gx 14p
02 54 24 +41 37 01 N1130 Gx 13p
02 54 36 +41 34 01 N1131 Gx 15p
02 52 54 -01 16 00 N1132 Gx 14p
02 52 42 -08 47 00 N1133 Gx 15p
02 53 36 +13 00 00 N1134 Gx 2.5 13p
02 50 48 -54 56 00 N1135 Gx 0.8
02 50 54 -55 04 00 N1136 Gx 1.7
02 54 00 +02 57 00 N1137 Gx 13p
02 56 30 +43 03 00 N1138 Gx 14p
02 52 54 -14 31 00 N1139 Gx 15p
02 54 36 -10 01 59 N1140 Gx 1.4 12.5
02 55 12 +00 28 00 N1141
02 55 12 +00 28 00 N1142
02 55 06 -00 10 00 N1143 Gx 1.1 13.5
02 55 12 -00 11 00 N1144 Gx 0.9 13.3
02 54 36 -18 37 59 N1145 Gx 13p
02 57 30 +46 27 00 N1146 -
02 55 18 -09 07 00 N1147 -
02 57 06 -07 42 00 N1148 Gx 15p
02 57 24 -00 18 00 N1149 Gx 15p
02 57 06 -15 03 00 N1150 Gx 15p
02 57 06 -15 00 00 N1151 Gx
02 57 36 -07 47 00 N1152 Gx 15p
02 58 06 +03 22 00 N1153 Gx 13p
02 58 06 -10 21 00 N1154 Gx 14p
02 58 12 -10 20 00 N1155 Gx 14p
02 59 42 +25 14 00 N1156 Gx 3.1 11.7
02 58 12 -15 07 00 N1157 Gx
02 57 18 -14 23 00 N1158 Gx 15p
03 00 42 +43 10 00 N1159 Gx 14p
03 01 12 +44 58 00 N1160 Gx 1.6 13p
03 01 12 +44 55 00 N1161 Gx 3.1 13p
02 58 54 -12 24 00 N1162 Gx 13p
03 00 18 -17 09 00 N1163 Gx 3.4
03 01 54 +42 36 00 N1164 Gx 14p
02 58 42 -32 07 00 N1165 Gx 3.1
03 00 36 +11 51 00 N1166 Gx 15p
03 01 42 +35 12 00 N1167 Gx 3.1 12.3
03 00 48 +11 47 00 N1168 Gx 15p
03 03 36 +46 23 00 N1169 Gx 4.4 11.7
03 02 30 +27 04 00 N1170 -
03 04 00 +43 24 00 N1171 Gx 3.2 13p
03 01 36 -14 50 00 N1172 Gx 2.2 12.0
03 04 12 +41 22 01 N1173 -
03 05 30 +42 49 00 N1174
03 04 30 +42 20 00 N1175 Gx 2.5 12.8
03 04 30 +41 23 00 N1176 -
03 04 36 +42 22 00 N1177 Gx 15p
03 04 36 +41 18 00 N1178 -
03 02 36 -18 54 00 N1179 Gx 4.6 12p
02 57 06 -15 00 00 N1180
02 57 00 -15 02 00 N1181
03 03 30 -09 40 00 N1182 Gx
03 04 42 +41 22 00 N1183 -
03 16 36 +80 48 01 N1184 Gx 3.0 13p
03 03 00 -09 08 00 N1185 Gx 15p
03 05 30 +42 50 00 N1186 Gx 3.3 13p
03 02 36 -22 52 00 N1187 Gx 5.0 11p
03 03 42 -15 30 00 N1188
03 03 24 -15 37 00 N1189 Gx 14p
03 03 30 -15 39 00 N1190 Gx 15p
03 03 36 -15 40 00 N1191 Gx 15p
03 03 42 -15 40 00 N1192 Gx 15p
03 05 48 +44 23 00 N1193 OC 2 13p
03 03 48 -01 05 00 N1194 Gx 14p
03 03 24 -12 02 00 N1195 Gx 14p
03 03 30 -12 05 00 N1196 Gx 14p
03 06 12 +44 04 00 N1197 -
03 06 12 +41 52 00 N1198 Gx 14p
03 03 36 -15 37 00 N1199 Gx 2.2 11.5
03 03 48 -11 59 00 N1200 Gx 13p
03 04 06 -26 04 00 N1201 Gx 4.4 10.6
03 04 54 -06 29 00 N1202 Gx
03 05 12 -14 22 00 N1203 Gx 15p
03 04 36 -12 20 00 N1204 Gx 15p
03 02 24 -09 40 00 N1205
03 06 06 -08 50 00 N1206 Gx
03 08 12 +38 23 00 N1207 Gx 13p
03 06 12 -09 32 00 N1208 Gx 14p
03 06 00 -15 37 00 N1209 Gx 2.6 11.4
03 06 48 -25 42 00 N1210 Gx 13p
03 06 54 -00 47 00 N1211 Gx 13p
03 08 36 +40 51 00 N1212 Gx
03 09 12 +38 39 00 N1213 Gx 15p
03 06 54 -09 32 00 N1214 Gx 14p
03 07 06 -09 35 00 N1215 Gx 14p
03 07 18 -09 35 59 N1216 Gx 15p
03 06 12 -39 01 00 N1217 Gx
03 08 24 +04 07 00 N1218 Gx 1.3 12.8
03 08 30 +02 09 00 N1219 Gx 13p
03 11 42 +53 20 00 N1220 OC 2 12p
03 08 06 -04 15 00 N1221 Gx 15p
03 08 54 -02 58 00 N1222 Gx 1.3 14p
03 08 18 -04 09 00 N1223
03 11 18 +41 22 00 N1224 Gx 1.7 16p
03 08 48 -04 06 00 N1225
03 11 06 +35 24 00 N1226 Gx 14p
03 11 12 +35 20 00 N1227 Gx 15p
03 08 12 -22 55 00 N1228 Gx 14p
03 08 12 -22 58 00 N1229 Gx 1.9 14p
03 08 18 -23 00 00 N1230 Gx 15p
03 09 36 -15 35 00 N1231 -
03 09 48 -20 35 00 N1232 Gx 7.8 9.9
03 12 30 +39 19 00 N1233 Gx 2.1 13.2
03 09 36 -07 51 00 N1234 Gx 15p
03 12 48 +38 56 00 N1235 T*
03 11 36 +10 49 00 N1236 Gx 15p
03 10 42 -08 40 00 N1237 D*
03 10 54 -10 45 00 N1238 Gx 14p
03 11 00 -02 31 00 N1239 Gx 15p
03 12 54 +30 34 00 N1240 S*
03 11 18 -08 55 00 N1241 Gx 3.0 13p
03 11 18 -08 54 00 N1242 Gx 1.3 14p
03 11 24 -08 57 00 N1243 Gx 0.4 14p
03 06 30 -66 47 00 N1244 Gx 2.0
03 14 42 +47 15 00 N1245 OC 10 8.4
03 07 00 -66 56 00 N1246 Gx 1.5
03 12 12 -10 29 00 N1247 Gx 3.6 13p
03 12 48 -05 13 00 N1248 Gx 1.3 14p
03 10 06 -53 21 00 N1249 Gx 5.2 12p
03 15 24 +41 21 00 N1250 Gx 2.7 14p
03 14 06 +01 28 00 N1251 D*
03 10 30 -58 08 00 N1252
03 14 06 -02 49 00 N1253 Gx 4.8 12p
03 14 24 +02 42 00 N1254 Gx 15p
03 13 30 -25 43 59 N1255 Gx 4.1 11.1
03 13 54 -21 58 00 N1256 Gx 14p
03 16 24 +41 31 00 N1257 Gx 14p
03 13 54 -21 45 00 N1258 Gx 13p
03 17 00 +41 21 00 N1259 Gx 15p
03 17 30 +41 24 00 N1260 Gx 1.7 14p
03 12 18 -55 13 00 N1261 Gb 6.9 8.4
03 15 42 -15 52 00 N1262 Gx 14p
03 15 48 -15 06 00 N1263 Gx 15p
03 17 54 +41 26 00 N1264 Gx 15p
03 18 18 +41 52 00 N1265 Gx 2.1 15p
03 16 00 -02 24 00 N1266 Gx 14p
03 18 42 +41 28 00 N1267 Gx 1.4 15p
03 18 48 +41 29 00 N1268 Gx 1.2 15p
03 17 18 -41 06 00 N1269
03 19 00 +41 28 00 N1270 Gx 1.1 12.9
03 19 12 +41 21 00 N1271 Gx 16p
03 19 18 +41 29 00 N1272 Gx 2.5 15p
03 19 24 +41 32 00 N1273 Gx 1.4 12.9
03 19 42 +41 33 01 N1274 Gx 0.6 15p
03 19 48 +41 31 00 N1275 Gx 2.6 11.6
03 19 54 +41 33 00 N1276 Gx
03 19 48 +41 34 00 N1277 Gx 0.8 13.5
03 19 54 +41 33 00 N1278 Gx 1.7 12.6
03 20 06 +41 28 00 N1279 Gx
03 18 00 -00 10 00 N1280 Gx 14p
03 20 06 +41 38 00 N1281 Gx 0.7 13.5
03 20 12 +41 22 00 N1282 Gx 1.7 14p
03 20 18 +41 24 00 N1283 Gx 1.3 16p
03 17 36 -10 18 00 N1284 Gx 14p
03 17 48 -07 20 00 N1285 Gx 14p
03 17 48 -07 39 00 N1286 Gx 15p
03 18 36 -02 45 00 N1287 Gx
03 17 12 -32 35 00 N1288 Gx 2.3 12.1
03 18 54 -01 59 00 N1289 Gx 14p
03 19 24 -13 59 00 N1290
03 17 18 -41 08 00 N1291 Gx 10.5 8.5
03 18 12 -27 37 00 N1292 Gx 3.2 13p
03 21 36 +41 24 00 N1293 Gx 1.1 15p
03 21 42 +41 22 00 N1294 Gx 1.8 13.1
03 20 06 -14 00 00 N1295
03 18 54 -13 04 00 N1296 Gx 14p
03 19 12 -19 06 00 N1297 Gx 2.3 13p
03 20 12 -02 06 00 N1298 Gx 1.5 14p
03 20 06 -06 17 00 N1299 Gx 14p
03 19 42 -19 24 59 N1300 Gx 6.5 10.4
03 20 30 -18 45 00 N1301 Gx 13p
03 19 54 -26 04 00 N1302 Gx 4.4 11p
03 20 42 -07 25 00 N1303 Gx 15p
03 21 00 -04 35 00 N1304 Gx 14p
03 21 24 -02 19 00 N1305 Gx 1.9 15p
03 21 00 -25 31 00 N1306 Gx 1.4
03 22 12 -04 33 00 N1307 -
03 22 30 -02 44 59 N1308 Gx 15p
03 22 06 -15 24 00 N1309 Gx 2.3 11.6
03 21 00 -37 08 00 N1310 Gx 2.3
03 20 06 -52 10 00 N1311 Gx
03 23 42 +01 11 00 N1312 D*
03 18 18 -66 30 00 N1313 Gx 8.5 9p
03 22 36 -04 10 59 N1314 Gx 15p
03 23 06 -21 23 00 N1315 Gx 1.8 13p
03 22 42 -37 11 59 N1316 Gx 7.1 8.9
03 22 48 -37 06 00 N1317 Gx 3.2 11.0
03 22 48 -37 07 00 N1318 -
03 23 54 -21 32 00 N1319 Gx 1.3 14p
03 24 48 -03 01 00 N1320 Gx 1.9 14p
03 24 54 -03 00 00 N1321 Gx 14p
03 25 00 -02 54 00 N1322 Gx 15p
03 25 00 -02 49 00 N1323 Gx
03 25 00 -05 45 00 N1324 Gx 14p
03 24 24 -21 33 00 N1325 Gx 4.6 11.6
03 23 54 -36 28 00 N1326 Gx 4.0 10.5
03 24 42 -25 40 00 N1327 -
03 25 36 -04 07 59 N1328 Gx
03 25 54 -17 37 00 N1329 Gx 14p
03 29 18 +41 22 00 N1330 Gx 15p
03 26 30 -21 21 00 N1331 Gx 1.1 14p
03 26 18 -21 20 00 N1332 Gx 4.6 10.3
03 29 18 +31 25 00 N1333 Nb 9
03 30 06 +41 50 00 N1334 Gx 15p
03 30 24 +41 35 00 N1335 Gx 15p
03 26 36 -35 44 00 N1336 Gx
03 28 06 -08 23 00 N1337 Gx 6.8 11.7
03 29 00 -12 10 00 N1338 Gx 13p
03 28 06 -32 17 00 N1339 Gx 2.3 13p
03 28 18 -30 54 00 N1340 -
03 28 00 -37 09 00 N1341 Gx 1.6 13p
03 31 36 +37 20 00 N1342 OC 14 6.7
03 37 48 +72 34 00 N1343 Gx 2.8 12.3
03 28 18 -31 04 00 N1344 Gx 3.9 10.3
03 29 24 -17 48 00 N1345 Gx 1.4 13.7
03 30 06 -05 33 00 N1346 Gx 15p
03 29 42 -22 16 00 N1347 Gx 13p
03 33 48 +51 26 00 N1348 OC
03 31 24 +04 22 01 N1349 Gx 15p
03 31 06 -33 38 00 N1350 Gx 4.3 10.5
03 30 30 -34 52 00 N1351 Gx 1.8 13p
03 31 30 -19 16 00 N1352 Gx 15p
03 32 06 -20 49 00 N1353 Gx 3.4 11.4
03 32 24 -15 13 00 N1354 Gx 14p
03 33 24 -05 00 00 N1355 Gx 1.8 13.1
03 30 42 -50 17 00 N1356 Gx
03 33 12 -13 40 00 N1357 Gx 2.4 13p
03 33 42 -05 05 00 N1358 Gx 2.8 12.1
03 33 48 -19 29 00 N1359 Gx 1.9 12.2
03 33 18 -25 51 00 N1360 Pl 6.5
03 34 12 -06 14 59 N1361 Gx
03 33 48 -20 17 00 N1362 Gx 14p
03 34 48 -09 50 00 N1363 Gx
03 35 00 -09 50 00 N1364 Gx
03 33 36 -36 08 00 N1365 Gx 9.8 9.5
03 33 54 -31 12 00 N1366 Gx 2.7 13p
03 34 42 -24 56 00 N1367 -
03 35 00 -15 38 00 N1368 Gx 15p
03 34 06 -36 17 00 N1369 -
03 35 12 -20 22 00 N1370 Gx 14p
03 35 00 -24 56 00 N1371 Gx 5.4 11p
03 37 00 -15 52 59 N1372 Gx
03 35 06 -35 11 00 N1373 Gx
03 35 18 -35 14 00 N1374 Gx 1.8 12p
03 35 12 -35 16 00 N1375 Gx 1.9
03 37 06 -05 02 59 N1376 Gx 2.0 13p
03 36 42 -20 54 00 N1377 Gx 14p
03 35 54 -35 12 00 N1378 D*
03 36 06 -35 27 00 N1379 Gx 2.0 12p
03 36 30 -34 59 00 N1380 Gx 4.9 11p
03 36 36 -35 18 00 N1381 Gx 2.9 12p
03 37 06 -35 11 59 N1382 Gx 2.1
03 37 36 -18 20 00 N1383 Gx 14p
03 39 12 +15 50 00 N1384 Gx 15p
03 37 30 -24 30 00 N1385 Gx 3.0 11.2
03 36 54 -36 00 00 N1386 Gx 3.5 12p
03 37 00 -35 30 59 N1387 Gx 2.4 12p
03 38 18 -15 53 00 N1388 Gx
03 37 12 -35 45 00 N1389 Gx 2.1 13p
03 37 54 -19 00 00 N1390 Gx 15p
03 38 30 -18 21 00 N1391
03 36 48 -36 16 00 N1392 Gx
03 38 36 -18 26 00 N1393 Gx 1.8 14p
03 39 06 -18 17 00 N1394 Gx 1.5 14p
03 38 30 -23 02 00 N1395 Gx 3.2 11p
03 38 06 -35 40 00 N1396 -
03 39 36 -04 40 00 N1397 Gx 14p
03 38 54 -26 20 00 N1398 Gx 6.6 9.7
03 38 30 -35 27 00 N1399 Gx 3.2 9.9
03 39 30 -18 41 00 N1400 Gx 1.9 11.1
03 39 24 -22 44 00 N1401 Gx 2.8 13p
03 39 24 -18 31 00 N1402 Gx 15p
03 39 18 -22 23 00 N1403 Gx 14p
03 38 54 -35 35 00 N1404 Gx 2.5 10.3
03 40 12 -15 30 00 N1405 Gx 16p
03 39 24 -31 19 00 N1406 Gx 3.9 13p
03 40 12 -18 35 00 N1407 Gx 2.5 9.8
03 39 24 -35 31 00 N1408 -
03 41 12 -01 17 00 N1409 Gx 1.3 15p
03 41 12 -01 17 00 N1410 Gx
03 38 48 -44 05 00 N1411 Gx 2.8 12p
03 40 36 -26 13 00 N1412 -
03 40 18 -15 35 00 N1413 Gx
03 41 30 -21 41 00 N1414
03 41 00 -22 34 00 N1415 Gx 3.6 12p
03 41 00 -22 43 00 N1416 Gx 1.5 14p
03 42 00 -04 42 00 N1417 Gx 2.8 12.0
03 42 18 -04 44 00 N1418 Gx 1.5 15p
03 40 36 -37 31 00 N1419 Gx
03 42 42 -05 50 59 N1420 T*
03 42 30 -13 28 59 N1421 Gx 3.6 11.4
03 41 30 -21 41 00 N1422 Gx 2.1 13p
03 42 36 -06 21 59 N1423 Gx 15p
03 43 12 -04 44 00 N1424 Gx 2.1 15p
03 42 12 -29 54 00 N1425 Gx 5.4 12p
03 42 48 -22 07 00 N1426 Gx 2.1 11.4
03 42 18 -35 25 00 N1427 Gx 2.8 12p
03 42 24 -35 10 00 N1428 Gx 1.8
03 44 00 -04 43 00 N1429 S*
03 43 24 -18 14 00 N1430 -
03 44 36 +02 51 00 N1431 Gx 15p
03 45 48 +24 22 00 N1432 Nb 30
03 42 00 -47 13 00 N1433 Gx 6.8 10.0
03 44 24 -09 41 00 N1434 -
03 46 06 +23 47 00 N1435 Nb 30
03 43 36 -35 51 00 N1436 Gx
03 43 36 -35 52 00 N1437 Gx 2.9 12p
03 45 24 -23 00 59 N1438 Gx 2.6
03 44 48 -21 55 00 N1439 Gx 2.3 12p
03 45 00 -18 16 00 N1440 Gx 2.3 13p
03 45 42 -04 06 00 N1441 Gx 1.5 12.9
03 45 00 -18 16 00 N1442 Gx
03 45 42 -04 01 00 N1443 S*
03 49 24 +52 40 00 N1444 OC 4 6.6
03 44 54 -09 50 00 N1445 Gx
03 46 00 -04 04 00 N1446 Gx 0.4 14p
03 45 48 -08 59 00 N1447 Gx
03 44 30 -44 39 00 N1448 Gx 8.1 11p
03 46 00 -04 08 00 N1449 Gx 1.1 13.5
03 45 36 -09 13 00 N1450 Gx
03 46 06 -04 04 00 N1451 Gx 0.7 13.3
03 45 24 -18 37 59 N1452 Gx 1.7 13p
03 46 24 -03 58 00 N1453 Gx 2.1 11.6
03 45 54 -20 41 00 N1454 -
03 45 24 -18 37 59 N1455 Gx 2.6
03 48 12 +22 34 01 N1456 -
03 44 30 -44 38 00 N1457 Gx
03 47 00 -18 15 00 N1458 -
03 47 00 -25 31 00 N1459 Gx 14p
03 46 06 -36 41 00 N1460 Gx
03 48 30 -16 24 00 N1461 Gx 3.3 11.7
03 50 18 +06 59 00 N1462 Gx 15p
03 46 12 -59 48 00 N1463 Gx
03 51 24 -15 25 00 N1464 Gx
03 53 36 +32 28 01 N1465 Gx 15p
03 44 30 -71 41 00 N1466 Gb 2.3 11.4
03 51 54 -08 51 00 N1467 Gx 15p
03 52 12 -06 21 00 N1468 Gx 15p
04 00 30 +68 35 00 N1469 Gx 2.3 15p
03 52 12 -09 01 00 N1470 Gx 15p
03 53 06 -15 24 00 N1471 -
03 53 42 -08 35 00 N1472 Gx
03 47 24 -68 12 00 N1473 Gx
03 54 12 -10 25 00 N1474 Gx 14p
03 54 06 -08 07 00 N1475 -
03 52 06 -44 32 00 N1476 Gx 1.7
03 54 00 -08 35 00 N1477 Gx
03 54 06 -08 34 00 N1478 Gx
03 54 24 -10 12 00 N1479 -
03 54 30 -10 16 00 N1480
03 54 24 -20 25 00 N1481 Gx 15p
03 54 42 -20 30 00 N1482 Gx 1.5 14p
03 52 42 -47 29 00 N1483 Gx
03 54 12 -37 00 00 N1484 Gx
04 05 06 +71 00 00 N1485 Gx 2.4 14p
03 56 18 -21 48 59 N1486 Gx 15p
03 55 48 -42 22 00 N1487 Gx 2.0 12p
03 58 06 +18 34 00 N1488 Gx 15p
03 57 36 -19 14 00 N1489 Gx 14p
03 53 30 -66 02 00 N1490 Gx
04 03 24 +51 19 00 N1491 Nb 3
03 58 06 -35 27 00 N1492 Gx
03 57 30 -46 12 00 N1493 Gx 2.6 12p
03 57 42 -48 54 00 N1494 Gx 2.6 12p
03 58 24 -44 28 00 N1495 Gx 2.9
04 04 24 +52 37 00 N1496 OC 6 10p
04 02 06 +23 08 00 N1497 Gx 14p
04 00 30 -12 01 00 N1498 -
04 00 42 +36 37 00 N1499 Nb 145
03 58 12 -52 19 00 N1500 Gx
04 07 00 +60 55 00 N1501 Pl 0.9 13p
04 07 42 +62 20 00 N1502 OC 8 5.7
03 56 30 -66 02 00 N1503 Gx
04 02 30 -09 19 00 N1504 Gx 15p
04 02 42 -09 18 00 N1505 Gx 15p
04 00 24 -52 34 00 N1506 Gx
04 04 30 -02 11 00 N1507 Gx 3.4 12.2
04 05 48 +25 24 00 N1508 Gx 15p
04 04 00 -11 11 59 N1509 Gx 15p
04 03 30 -43 25 00 N1510 Gx 1.0 13.0
03 59 30 -67 38 00 N1511 Gx 3.3 12p
04 03 54 -43 21 00 N1512 Gx 4.0 10.6
04 10 00 +49 31 00 N1513 OC 9 8.4
04 09 12 +30 47 01 N1514 Pl 1.9 10p
04 04 06 -54 06 00 N1515 Gx 5.4 11.0
04 08 06 -08 53 00 N1516 Gx 15p
04 09 18 +08 39 01 N1517 Gx 14p
04 06 48 -21 10 59 N1518 Gx 3.0 11.8
04 08 06 -17 12 00 N1519 Gx 2.0 13p
03 57 30 -76 50 00 N1520 OC
04 08 18 -21 03 00 N1521 Gx 2.9 11.4
04 06 06 -52 40 00 N1522 Gx
04 06 12 -54 06 00 N1523 At
04 10 18 -08 48 00 N1524 -
04 10 18 -08 48 00 N1525 -
04 05 12 -65 50 00 N1526 Gx
04 08 24 -47 53 00 N1527 Gx 3.4 12p
04 15 24 +51 14 00 N1528 OC 24 6.4
04 07 12 -62 54 00 N1529 Gx
04 23 24 +75 18 00 N1530 Gx 4.9 12p
04 12 00 -32 51 00 N1531 Gx 1.3 12.1
04 12 06 -32 52 00 N1532 Gx 5.6 11p
04 09 54 -56 07 00 N1533 Gx 2.9 10.9
04 08 48 -62 47 00 N1534 Gx
04 14 12 -12 44 00 N1535 Pl 0.7 10p
04 11 00 -56 29 00 N1536 Gx 2.0 13p
04 13 42 -31 39 00 N1537 Gx 12p
04 14 42 -13 12 00 N1538 Gx 15p
04 19 00 +26 51 00 N1539 Gx 15p
04 15 12 -28 29 00 N1540 Gx 1.2
04 17 00 +00 50 01 N1541 Gx 15p
04 17 12 +04 48 00 N1542 Gx 15p
04 12 48 -57 44 00 N1543 Gx 3.9 10.6
05 02 59 +86 13 01 N1544 Gx 14p
04 20 54 +50 15 00 N1545 OC 18 6.2
04 14 36 -56 04 00 N1546 Gx 3.2 11.6
04 17 12 -17 53 00 N1547
04 21 00 +36 56 00 N1548 OC
04 15 42 -55 36 00 N1549 Gx 3.7 9.9
04 19 36 +02 26 01 N1550 Gx 14p
04 19 36 +01 25 01 N1551 -
04 20 18 -00 40 00 N1552 Gx 14p
04 16 12 -55 47 00 N1553 Gx 4.1 9.5
04 21 48 +19 32 00 N1554 Nb var
04 22 54 +19 32 00 N1555 Nb
04 17 42 -50 10 00 N1556 Gx
04 13 18 -70 25 00 N1557 -
04 19 18 -45 02 00 N1558 Gx
04 17 36 -62 47 00 N1559 Gx 3.3 10.5
04 32 48 +71 53 00 N1560 Gx 9.8 11.5
04 23 00 -15 51 00 N1561 Gx 15p
04 21 42 -15 45 00 N1562 Gx
04 22 54 -15 44 00 N1563
04 22 54 -15 44 00 N1564 Gx
04 23 24 -15 45 00 N1565 Gx 15p
04 20 00 -54 56 00 N1566 Gx 7.6 9.4
04 21 06 -48 15 00 N1567 Gx 1.2
04 24 24 -00 45 00 N1568 Gx 15p
04 30 48 +64 51 00 N1569 Gx 2.9 11.2
04 22 06 -43 37 59 N1570 Gx
04 22 12 -43 38 00 N1571 Gx
04 22 36 -40 36 00 N1572 Gx
04 35 00 +73 15 00 N1573 Gx 2.2 14p
04 22 00 -56 58 00 N1574 Gx 2.0 10.5
04 26 18 -10 07 00 N1575 Gx 13p
04 26 12 -03 37 00 N1576 Gx 15p
04 26 18 -10 07 00 N1577 Gx 13p
04 23 48 -51 35 00 N1578 Gx
04 30 12 +35 16 00 N1579 Nb 12
04 28 12 -05 11 00 N1580 Gx 14p
04 24 42 -54 56 00 N1581 Gx
04 32 00 +43 51 01 N1582 OC 37 7p
04 28 18 -17 37 00 N1583 Gx 15p
04 28 06 -17 32 00 N1584 Gx
04 27 30 -42 09 00 N1585 Gx
04 30 42 -00 19 00 N1586 Gx 14p
04 30 42 +00 40 00 N1587 Gx 2.0 13p
04 30 48 +00 39 00 N1588 Gx 1.8 14p
04 30 48 +00 51 00 N1589 Gx 3.1 14p
04 31 12 +07 37 00 N1590 Gx 1.3 15p
04 29 24 -26 44 00 N1591 Gx 13p
04 29 36 -26 57 59 N1592
04 31 54 +00 34 01 N1593 Gx
04 30 48 -05 48 00 N1594 Gx 14p
04 28 24 -47 49 00 N1595 Gx 1.5
04 27 36 -55 02 00 N1596 Gx 3.9 11.0
04 31 12 -11 17 00 N1597 Gx 15p
04 28 36 -47 47 00 N1598 Gx 1.6
04 31 36 -04 35 00 N1599 Gx 1.1 15p
04 31 42 -05 05 00 N1600 Gx 2.5 11.1
04 31 48 -05 06 00 N1601 Gx 1.0 13.8
04 27 54 -55 03 00 N1602 Gx
04 31 42 -05 06 00 N1603 Gx 15p
04 31 54 -05 21 59 N1604 Gx 14p
04 35 00 +45 15 00 N1605 OC 5 10.7
04 32 06 -05 02 00 N1606 Gx
04 32 00 -04 26 59 N1607 Gx 15p
04 31 54 +00 35 01 N1608 Gx 15p
04 32 36 -04 22 00 N1609 Gx 15p
04 34 06 -04 42 00 N1610 Gx
04 33 00 -04 17 00 N1611 Gx 15p
04 33 06 -04 10 00 N1612 Gx 15p
04 33 18 -04 15 00 N1613 Gx 15p
04 34 00 -08 35 00 N1614 Gx 1.3 12.9
04 36 00 +19 57 00 N1615 Gx 1.6 15p
04 32 42 -43 43 00 N1616 Gx
04 31 42 -54 36 00 N1617 Gx 4.7 10.4
04 36 06 -03 09 00 N1618 Gx 2.8 12.6
04 36 12 -04 50 00 N1619 -
04 36 36 -00 09 00 N1620 Gx 3.0 14p
04 36 18 -04 58 00 N1621 Gx 14p
04 36 36 -03 11 00 N1622 Gx 3.9 12.3
04 34 54 -13 31 00 N1623 Gx
04 40 24 +50 27 00 N1624 CN 5 10.4
04 37 06 -03 18 00 N1625 Gx 2.7 12.4
04 37 12 -05 00 00 N1626 -
04 37 30 -04 51 00 N1627 Gx 13p
04 37 30 -04 42 00 N1628 Gx 14p
04 29 18 -71 50 00 N1629 OC
04 37 18 -18 54 00 N1630 Gx
04 38 24 -20 40 00 N1631 Gx 14p
04 37 54 -09 31 00 N1632 Gx 13p
04 40 00 +07 21 00 N1633 Gx 14p
04 40 00 +07 20 00 N1634 Gx 15p
04 40 06 -00 33 00 N1635 Gx 1.7 14p
04 40 42 -08 36 00 N1636 Gx 14p
04 41 30 -02 51 00 N1637 Gx 3.3 10.9
04 41 36 -01 49 00 N1638 Gx 2.5 12.1
04 40 54 -17 00 00 N1639 T*
04 42 12 -20 26 00 N1640 Gx 2.8 11.7
04 36 06 -65 46 00 N1641 OC
04 42 54 +00 37 00 N1642 Gx 2.0 14p
04 43 36 -05 17 00 N1643 Gx 14p
04 38 00 -66 12 00 N1644 Gb 13p
04 44 00 -05 26 00 N1645 Gx 14p
04 44 18 -08 32 59 N1646 Gx 14p
04 46 00 +19 04 00 N1647 OC 45 6.4
04 44 30 -08 29 00 N1648 Gx 16p
04 38 06 -68 49 00 N1649 -
04 45 06 -15 51 00 N1650 Gx 14p
04 37 30 -70 35 00 N1651 Gb
04 38 06 -68 40 00 N1652 Gb
04 45 48 -02 25 00 N1653 Gx 2.0 13p
04 45 48 -02 06 00 N1654 Gx 1.0 14p
04 46 12 +20 56 00 N1655
04 45 48 -05 08 00 N1656 Gx 14p
04 46 12 -02 04 00 N1657 Gx 15p
04 44 00 -41 27 00 N1658 Gx
04 46 30 -04 46 59 N1659 Gx 1.7 12.5
04 44 12 -41 28 59 N1660 Gx
04 47 12 -02 03 00 N1661 Gx 14p
04 48 30 +10 56 00 N1662 OC 20 6.4
04 48 36 +13 10 00 N1663 OC
04 51 06 +43 42 00 N1664 OC 18 7.6
04 48 12 -05 25 00 N1665 Gx 14p
04 48 30 -06 34 00 N1666 Gx 1.3 14p
04 48 36 -06 19 00 N1667 Gx 1.5 12.1
04 46 06 -44 43 00 N1668 Gx
04 43 00 -65 48 00 N1669 Gx
04 49 54 -02 44 00 N1670 Gx 14p
04 50 18 -00 46 00 N1671 -
04 45 42 -59 15 00 N1672 Gx 4.8 11p
04 42 24 -69 51 00 N1673 OC
04 52 24 +23 54 00 N1674 -
04 52 24 +23 54 00 N1675 -
04 43 42 -68 50 00 N1676 OC
04 50 48 -04 52 00 N1677 Gx 15p
04 51 42 -02 38 00 N1678 Gx 14p
04 50 00 -31 59 00 N1679 Gx 3.2
04 48 36 -47 49 00 N1680 Gx 1.3
04 51 42 -05 49 00 N1681 Gx 13p
04 52 18 -03 06 00 N1682 Gx 14p
04 52 18 -03 01 00 N1683 Gx
04 52 30 -03 06 00 N1684 Gx 13p
04 52 36 -02 57 00 N1685 Gx 14p
04 52 48 -15 22 00 N1686 Gx 14p
04 51 18 -33 56 00 N1687 Gx
04 48 24 -59 48 00 N1688 Gx 2.4 12p
04 53 36 -06 20 00 N1689 -
04 54 18 +01 38 00 N1690 Gx 1.3 14p
04 54 36 +03 15 00 N1691 Gx 13p
04 55 24 -20 34 00 N1692 Gx 1.3
04 47 30 -69 21 00 N1693 OC
04 55 12 -04 39 00 N1694 Gx 15p
04 47 36 -69 24 00 N1695 OC
04 48 00 -68 16 00 N1696 OC
04 48 36 -68 32 00 N1697 OC
04 49 24 -69 10 00 N1698 Nb
04 57 00 -04 45 00 N1699 Gx 1.1 15p
04 56 54 -04 52 00 N1700 Gx 2.9 11.0
04 55 48 -29 53 00 N1701 Gx 14p
04 49 18 -69 51 00 N1702 OC
04 52 48 -59 45 00 N1703 Gx 3.2
04 49 42 -69 45 00 N1704 OC
04 54 12 -53 22 00 N1705 Gx 1.8 12.3
04 52 30 -62 59 00 N1706 Gx 1.4
04 58 54 +08 14 00 N1707 -
05 02 36 +52 53 00 N1708 -
04 58 48 -00 29 00 N1709 Gx 15p
04 57 18 -15 18 00 N1710 Gx 14p
04 50 30 -70 00 00 N1711 OC 10p
04 51 18 -69 28 00 N1712 CN
04 58 54 -00 30 00 N1713 Gx 14p
04 52 06 -66 56 00 N1714 Nb
04 52 06 -66 55 00 N1715 Nb
04 58 24 -20 24 00 N1716 Gx 14p
04 59 12 -00 15 00 N1717 S*
04 52 12 -67 04 00 N1718 OC
04 59 36 -00 16 00 N1719 Gx 14p
04 59 18 -07 52 00 N1720 Gx 1.8 13p
04 59 12 -11 08 00 N1721 Gx 13p
04 52 12 -69 24 00 N1722 CN
04 59 24 -10 59 00 N1723 Gx 3.7 12p
05 03 30 +49 30 00 N1724 OC 10p
04 59 18 -11 08 00 N1725 Gx 13p
04 59 42 -07 45 00 N1726 Gx 1.4 12.1
04 52 12 -69 21 00 N1727 CN
04 59 24 -11 08 00 N1728 Gx 13p
05 00 06 -03 21 00 N1729 Gx 13p
04 59 36 -15 50 00 N1730 Gx 3.0 13p
04 53 24 -66 56 00 N1731 CN
04 52 54 -68 40 00 N1732 OC
04 53 54 -66 40 59 N1733 OC
04 53 18 -68 47 00 N1734 OC
04 53 54 -67 07 00 N1735 CN
04 53 06 -68 04 00 N1736 Nb
04 54 18 -69 12 00 N1737 CN
05 01 42 -18 11 00 N1738 Gx 13p
05 01 42 -18 12 00 N1739 Gx 14p
05 01 54 -03 18 00 N1740 Gx 15p
05 01 36 -04 16 00 N1741 Gx 1.7 13.4
05 01 42 -03 18 00 N1742 S*
04 54 00 -69 12 00 N1743 CN
05 00 00 -26 01 00 N1744 Gx 6.8 11.2
04 54 18 -69 12 00 N1745 CN
05 03 36 +23 49 00 N1746 OC 42 6p
04 54 54 -67 11 00 N1747 CN
04 54 24 -69 12 00 N1748 CN
04 54 36 -68 12 00 N1749 OC
05 03 54 +23 39 00 N1750 OC
04 54 12 -69 49 00 N1751 Gb
05 02 06 -08 14 00 N1752 Gx 2.6 13p
05 02 24 -03 21 00 N1753 Gx 15p
04 54 24 -70 27 00 N1754 Gb
04 55 00 -68 11 00 N1755 OC 2 9.9
04 54 36 -69 15 00 N1756 OC
05 02 36 -04 44 00 N1757 -
05 04 24 +23 46 00 N1758 OC
05 00 48 -38 43 00 N1759 Gx
04 56 30 -66 32 00 N1760 CN
04 56 24 -66 30 00 N1761 CN
05 03 36 +01 34 00 N1762 Gx 13p
04 56 48 -66 24 00 N1763 Nb 25
04 56 12 -67 41 00 N1764 OC
04 58 24 -62 02 00 N1765 Gx
04 55 48 -70 14 00 N1766 OC
04 56 18 -69 24 01 N1767 CN
04 56 42 -68 15 00 N1768 OC
04 57 42 -66 28 00 N1769 CN
04 57 00 -68 25 00 N1770 CN 9p
04 58 54 -63 18 00 N1771 Gx
04 56 42 -69 34 00 N1772 CN
04 58 18 -66 21 00 N1773 CN
04 57 48 -67 15 00 N1774 OC 10p
04 56 48 -70 26 00 N1775 OC
04 58 24 -66 26 00 N1776 OC
04 55 48 -74 17 00 N1777 OC
05 08 06 +37 03 01 N1778 OC 7 7.7
05 05 18 -09 09 00 N1779 Gx 2.6 13p
05 06 24 -19 29 00 N1780 Gx 15p
05 07 54 -18 09 59 N1781
04 57 36 -69 23 00 N1782 CN
04 58 54 -66 00 00 N1783 Gb 11p
05 05 24 -11 52 00 N1784 Gx 4.2 11.8
04 58 36 -68 52 00 N1785 -
04 59 06 -67 45 00 N1786 Gb 1.2 10.1
04 59 06 -65 44 00 N1787 OC
05 06 54 -03 21 00 N1788 Nb 8
04 57 48 -71 54 00 N1789 OC
05 11 18 +52 04 00 N1790 -
04 59 00 -70 10 00 N1791 Nb
05 05 12 -37 59 00 N1792 Gx 4.0 10.2
04 59 24 -69 33 00 N1793 OC
05 07 54 -18 09 59 N1794 Gx 14p
04 59 30 -69 48 00 N1795 Gb
05 02 42 -61 08 00 N1796 Gx 2.0 13p
05 07 42 -08 02 00 N1797 Gx 15p
05 11 36 +47 40 00 N1798 -
05 07 42 -07 58 00 N1799 Gx 15p
05 06 24 -31 57 00 N1800 Gx 1.6 12.6
05 00 30 -69 38 00 N1801 OC
05 10 12 +24 06 01 N1802 -
05 05 24 -49 34 00 N1803 Gx 1.1
05 00 54 -69 05 00 N1804 OC
05 02 12 -66 06 00 N1805 OC 10p
05 01 54 -67 59 00 N1806 Gb 11p
05 10 42 +16 32 00 N1807 OC 17 7.0
05 07 42 -37 31 00 N1808 Gx 7.2 9.9
05 02 00 -69 34 00 N1809 Gx
05 03 06 -66 22 00 N1810 OC
05 08 42 -29 17 00 N1811 Gx 15p
05 08 54 -29 16 00 N1812 Gx 14p
05 02 36 -70 19 00 N1813 OC
05 03 48 -67 17 00 N1814 CN 9p
05 02 18 -70 37 00 N1815 OC
05 03 48 -67 17 00 N1816 CN 9p
05 12 06 +16 42 00 N1817 OC 16 7.7
05 04 12 -66 24 00 N1818 OC 3 9.8
05 11 42 +05 12 00 N1819 Gx 13p
05 03 48 -67 17 00 N1820 OC 9p
05 11 42 -15 07 00 N1821 Gx 14p
05 05 00 -66 12 00 N1822 OC
05 03 30 -70 21 00 N1823 OC
05 06 54 -59 43 00 N1824 Gx
05 04 06 -68 55 00 N1825 OC
05 05 24 -66 13 00 N1826 OC
05 10 06 -36 58 00 N1827 Gx 3.4
05 04 06 -69 23 00 N1828 OC
05 04 42 -68 03 00 N1829 CN 8p
05 04 30 -69 20 00 N1830 OC
05 06 06 -64 55 00 N1831 OC 11p
05 12 06 -15 41 00 N1832 Gx 2.8 11.4
05 04 18 -70 43 00 N1833 CN
05 05 18 -69 13 00 N1834 T*
05 05 12 -69 24 00 N1835 Gb 1.2 9.8
05 05 18 -68 37 00 N1836 OC
05 04 42 -70 42 00 N1837 CN
05 05 54 -68 27 00 N1838 OC
05 05 54 -68 37 00 N1839 CN
05 06 24 -71 49 00 N1840 OC
04 45 00 -84 00 01 N1841 Gb 12p
05 07 06 -67 16 00 N1842 OC
05 14 06 -10 38 00 N1843 Gx 1.8
05 07 12 -67 19 00 N1844 OC
05 06 18 -70 28 00 N1845 OC
05 07 36 -67 28 00 N1846 Gb 11p
05 06 54 -68 59 00 N1847 OC
05 07 18 -71 11 00 N1848 CN
05 09 12 -66 18 00 N1849 OC
05 08 30 -68 46 00 N1850 OC 3 9.3
05 14 06 -40 03 00 N1851 Gb 11.0 7.3
05 09 00 -67 47 00 N1852 CN
05 12 18 -57 24 00 N1853 Gx 2.0
05 09 06 -68 51 00 N1854 OC 10p
05 09 24 -68 51 00 N1855 -
05 09 24 -69 08 00 N1856 OC 10p
05 20 12 +39 21 00 N1857 OC 6 7.0
05 09 42 -68 54 00 N1858 CN
05 11 24 -65 13 00 N1859 OC
05 10 24 -68 46 00 N1860 OC
05 10 06 -70 46 00 N1861 OC
05 12 12 -66 08 00 N1862 OC
05 11 24 -68 47 00 N1863 OC
05 12 30 -67 38 00 N1864 OC
05 12 12 -68 47 00 N1865 OC
05 13 30 -65 28 00 N1866 OC 5 9.8
05 13 30 -66 17 00 N1867 OC
05 14 30 -63 57 00 N1868 Gb
05 13 48 -67 23 00 N1869 CN
05 13 00 -69 08 00 N1870 OC
05 13 42 -67 28 00 N1871 CN
05 13 00 -69 20 00 N1872 CN
05 13 42 -67 20 00 N1873 CN
05 13 12 -69 23 00 N1874 CN
05 21 48 +06 41 00 N1875 Gx 15p
05 13 12 -69 23 00 N1876 CN
05 13 12 -69 23 00 N1877 CN
05 12 36 -70 28 00 N1878 OC
05 19 48 -32 09 00 N1879 Gx 2.2 13p
05 13 36 -69 23 00 N1880 CN
05 13 12 -69 21 00 N1881 CN
05 15 12 -66 07 00 N1882 OC
05 25 54 +46 33 00 N1883 OC 3 12p
05 15 54 -66 10 00 N1884 -
05 15 00 -68 58 00 N1885 OC
05 21 48 -23 49 00 N1886 Gx 2.6
05 15 48 -66 18 00 N1887 OC
05 22 30 -11 30 00 N1888 Gx 3.0 12.0
05 22 30 -11 29 00 N1889 Gx 0.8 14p
05 13 54 -72 04 00 N1890 OC
05 21 18 -35 44 00 N1891 -
05 17 06 -64 57 00 N1892 Gx
05 22 42 +33 24 00 N1893 OC 11 7.5
05 15 42 -69 27 00 N1894 OC
05 16 54 -67 19 00 N1895 Nb
05 25 24 +20 10 00 N1896 -
05 17 24 -67 26 00 N1897 OC
05 16 42 -69 36 00 N1898 Gb 11p
05 17 48 -67 53 00 N1899 Nb
05 19 00 -63 02 00 N1900 OC
05 17 48 -68 26 00 N1901 OC
05 18 06 -66 37 00 N1902 OC
05 17 12 -69 18 00 N1903 OC 12p
05 24 30 -24 33 00 N1904 Gb 8.7 8.0
05 18 12 -67 15 00 N1905 OC
05 24 48 -15 58 00 N1906
05 28 00 +35 19 00 N1907 OC 7 8.2
05 26 00 -02 32 00 N1908 -
05 25 54 -08 08 00 N1909 -
05 18 06 -69 13 00 N1910 OC 1
05 19 12 -66 46 00 N1911 -
05 28 42 +35 50 01 N1912 OC 21 6.4
05 18 24 -69 33 00 N1913 OC
05 17 36 -71 14 00 N1914 CN
05 19 36 -66 48 00 N1915 -
05 17 30 -69 22 00 N1916 OC
05 19 00 -69 00 00 N1917 Gb
05 19 06 -69 39 00 N1918 CN
05 20 00 -66 55 00 N1919 CN
05 20 36 -66 48 00 N1920 Nb
05 19 18 -69 48 00 N1921 Nb
05 19 42 -69 29 00 N1922 OC
05 21 00 -65 30 00 N1923 CN
05 27 54 -05 19 00 N1924 Gx 13p
05 21 48 -65 48 00 N1925 CN
05 20 30 -69 30 00 N1926 OC
05 28 42 -08 23 00 N1927 -
05 20 48 -69 29 00 N1928 OC
05 21 36 -67 56 00 N1929 CN
05 25 54 -46 44 00 N1930 Gx
05 31 24 +34 15 00 N1931 CN 3 11.3
05 22 24 -66 09 00 N1932 OC
05 22 12 -66 09 00 N1933 OC
05 21 48 -67 56 00 N1934 CN
05 21 54 -67 58 00 N1935 CN
05 22 06 -67 59 01 N1936 CN
05 22 18 -67 55 00 N1937 CN
05 21 24 -69 55 00 N1938 OC
05 21 24 -69 56 00 N1939 OC
05 22 36 -67 12 00 N1940 OC
05 23 06 -66 23 00 N1941 Nb
05 24 42 -63 56 00 N1942 OC
05 22 42 -70 10 00 N1943 CN 12p
05 21 54 -72 30 00 N1944 OC
05 25 24 -66 21 00 N1945 Nb
05 25 06 -66 25 00 N1946 OC
05 26 48 -63 46 00 N1947 Gx 3.0 10.8
05 25 30 -66 15 00 N1948 CN
05 25 06 -68 29 00 N1949 Nb
05 24 30 -69 57 00 N1950 OC
05 25 54 -66 36 00 N1951 OC 10p
05 34 30 +22 01 00 N1952 Nb 6 8.4
05 25 24 -68 48 00 N1953 Gb
05 32 48 -14 04 00 N1954 Gx 4.1 13p
05 26 06 -67 29 00 N1955 CN 9p
05 19 42 -77 45 00 N1956 Gx
05 32 54 -14 07 00 N1957 Gx
05 25 30 -69 50 00 N1958 OC
05 25 48 -69 56 00 N1959 OC
05 36 06 +34 08 00 N1960 OC 12 6.0
05 42 06 +69 23 00 N1961 Gx 4.3 11.1
05 26 30 -68 47 00 N1962 CN 8p
05 33 18 -36 25 00 N1963 Gx 3.5
05 33 24 -21 57 00 N1964 Gx 6.2 10.8
05 26 30 -68 47 00 N1965 CN 8p
05 26 48 -68 49 00 N1966 Nb 13
05 26 30 -69 04 00 N1967 OC
05 27 12 -67 26 00 N1968 CN 9p
05 26 30 -69 49 00 N1969 OC
05 26 30 -68 47 00 N1970 CN 8p
05 26 42 -69 51 00 N1971 OC
05 26 42 -69 49 00 N1972 OC
05 35 06 -04 44 00 N1973 Nb 5
05 27 54 -67 24 00 N1974 CN 9p
05 35 24 -04 41 00 N1975 Nb 10
05 35 24 -05 27 00 N1976 Nb 66 4
05 35 30 -04 52 00 N1977 Nb 20
05 28 36 -66 14 00 N1978 Gb 2.7 9.9
05 33 48 -23 19 00 N1979 Gx 13p
05 35 24 -05 54 00 N1980 Nb 14
05 35 12 -04 26 00 N1981 OC 25 4.6
05 35 36 -05 16 00 N1982 Nb 20 9
05 27 30 -68 57 00 N1983 CN 8p
05 27 30 -69 06 00 N1984 CN
05 37 42 +32 00 00 N1985 Nb
05 27 30 -69 58 00 N1986 OC 11p
05 27 12 -70 46 00 N1987 Gb 12p
05 37 30 +21 14 00 N1988 S*
05 34 24 -30 48 00 N1989 Gx 1.8
05 36 12 -01 12 00 N1990 Nb 50
05 29 00 -67 26 00 N1991 -
05 34 30 -30 56 00 N1992 Gx 15p
05 35 30 -17 49 00 N1993 Gx 14p
05 28 12 -69 07 00 N1994 OC
05 32 30 -48 42 00 N1995 D*
05 38 12 +25 49 01 N1996 -
05 30 30 -63 12 00 N1997 OC
05 33 18 -48 41 00 N1998 Gx
05 36 30 -06 42 00 N1999 Nb 16
