05 27 24 -71 55 00 N2000 OC
05 29 06 -68 44 00 N2001 CN
05 30 12 -66 52 00 N2002 OC
05 30 42 -66 27 00 N2003 OC
05 30 36 -67 17 00 N2004 OC 9.8
05 30 00 -69 44 00 N2005 OC
05 31 12 -66 57 00 N2006 OC
05 35 00 -50 56 00 N2007 Gx
05 35 06 -50 59 00 N2008 Gx
05 30 48 -69 09 00 N2009 OC
05 30 36 -70 49 00 N2010 OC
05 32 06 -67 31 00 N2011 CN 9p
05 22 36 -79 51 00 N2012 Gx 1.5
05 44 24 +55 48 00 N2013 -
05 32 12 -67 40 00 N2014 CN 8p
05 31 54 -69 13 00 N2015 CN
05 31 30 -69 56 00 N2016 OC
05 39 24 -17 51 00 N2017 -
05 30 36 -71 04 00 N2018 Nb 25
05 31 42 -70 10 00 N2019 Gb 11p
05 33 06 -67 42 00 N2020 Nb
05 33 24 -67 26 00 N2021 CN
05 42 06 +09 05 00 N2022 Pl 0.3 12p
05 41 36 -02 14 00 N2023 Nb 10
05 41 54 -01 51 00 N2024 Nb 30
05 33 06 -71 44 00 N2025 OC
05 43 06 +20 07 00 N2026 -
05 35 06 -66 55 00 N2027 CN
05 33 42 -69 56 00 N2028 OC
05 35 24 -67 33 00 N2029 CN
05 35 24 -66 01 00 N2030 CN
05 33 42 -70 59 01 N2031 OC
05 35 18 -67 34 00 N2032 CN
05 34 30 -69 44 00 N2033 CN
05 35 42 -66 56 00 N2034 CN
05 35 18 -67 34 00 N2035 CN
05 34 24 -70 04 00 N2036 OC
05 34 42 -69 45 00 N2037 CN
05 34 30 -70 33 00 N2038 OC
05 44 06 +08 38 00 N2039 -
05 36 06 -67 33 00 N2040 CN
05 36 24 -66 58 00 N2041 OC 10p
05 35 48 -68 54 00 N2042 CN
05 36 12 -70 05 00 N2043 -
05 35 54 -69 11 00 N2044 CN
05 45 00 +12 53 01 N2045
05 35 18 -70 14 00 N2046 OC
05 35 36 -70 11 00 N2047 OC
05 35 12 -69 46 00 N2048 Nb 18
05 43 24 -30 06 00 N2049 Gx 14p
05 36 30 -69 22 00 N2050 CN
05 36 12 -71 00 00 N2051 OC
05 37 18 -69 45 00 N2052 Nb
05 37 18 -67 24 00 N2053 OC
05 45 12 -10 05 00 N2054 At
05 37 00 -69 24 00 N2055 CN
05 36 30 -70 40 00 N2056 OC
05 36 42 -70 15 00 N2057 OC
05 36 36 -70 08 00 N2058 OC 12p
05 36 42 -70 06 00 N2059 OC
05 37 36 -69 10 00 N2060 CN
05 43 54 -33 57 00 N2061 -
05 40 00 -66 53 00 N2062 OC
05 46 48 +08 48 00 N2063 -
05 46 18 +00 00 00 N2064 Nb 12
05 37 18 -70 13 00 N2065 OC 11p
05 37 30 -70 10 00 N2066 OC
05 46 30 +00 06 00 N2067 Nb 8
05 46 42 +00 03 00 N2068 Nb 8 8
05 38 30 -69 05 00 N2069 Nb
05 38 36 -69 05 00 N2070 CN 40 8.2
05 47 12 +00 18 01 N2071 Nb 4
05 38 06 -70 14 00 N2072 OC
05 45 54 -21 59 00 N2073 Gx 13p
05 38 54 -69 29 00 N2074 CN
05 38 12 -70 40 00 N2075 CN
05 46 48 -16 46 00 N2076 Gx 14p
05 39 36 -69 40 00 N2077 CN 15
05 39 36 -69 45 00 N2078 CN
05 39 36 -69 47 00 N2079 CN
05 39 42 -69 39 00 N2080 CN
05 40 06 -69 24 00 N2081 CN
05 41 48 -64 18 00 N2082 Gx 1.6 13p
05 39 54 -69 45 00 N2083 CN
05 39 54 -69 45 00 N2084 CN
05 40 12 -69 39 00 N2085 CN
05 40 24 -69 39 00 N2086 CN
05 44 18 -55 32 00 N2087 Gx 1.1
05 40 48 -69 28 00 N2088 OC
05 47 48 -17 36 00 N2089 Gx 14p
05 47 00 -34 14 00 N2090 Gx 4.5 12p
05 40 54 -69 26 00 N2091 OC
05 41 30 -69 13 00 N2092 OC
05 41 30 -68 55 00 N2093 CN
05 42 06 -68 21 00 N2094 OC
05 42 42 -67 19 00 N2095 OC
05 42 12 -68 28 00 N2096 OC
05 44 06 -62 47 00 N2097 OC
05 42 30 -68 16 00 N2098 CN
05 52 24 +32 33 00 N2099 OC 24 5.6
05 42 00 -69 14 00 N2100 OC 2 9.6
05 46 24 -52 05 00 N2101 Gx 1.9
05 42 12 -69 29 00 N2102 OC
05 41 36 -71 20 00 N2103 CN
05 47 06 -51 33 00 N2104 Gx 2.0
05 44 12 -66 25 00 N2105 OC
05 50 42 -21 35 00 N2106 Gx 13p
05 43 12 -70 37 00 N2107 OC 11p
05 43 48 -69 12 00 N2108 Gb
05 44 24 -68 32 00 N2109 CN
05 52 12 -07 27 00 N2110 Gx 14p
05 44 42 -70 57 00 N2111 OC
05 53 54 +00 24 00 N2112 OC 11 9p
05 45 30 -69 45 00 N2113 CN
05 45 48 -68 03 00 N2114 OC
05 51 18 -50 35 00 N2115 Gx 1.2
05 46 54 -68 32 00 N2116 OC
05 47 18 -67 28 00 N2117 OC
05 47 12 -69 09 00 N2118 OC
05 57 24 +11 57 00 N2119 Gx
05 50 36 -63 41 00 N2120 Gb
05 48 00 -71 28 00 N2121 Gb 1.8 11.2
05 48 42 -70 04 00 N2122 CN
05 51 42 -65 19 00 N2123 OC
05 57 54 -20 04 00 N2124 Gx 13p
05 50 42 -69 29 00 N2125 OC
06 03 00 +49 54 00 N2126 OC 6 10p
05 51 06 -69 22 00 N2127 OC
06 04 42 +57 39 00 N2128 Gx 13p
06 01 00 +23 18 01 N2129 OC 7 6.7
05 52 06 -67 20 00 N2130 OC
05 58 42 -26 37 59 N2131 Gx
05 55 12 -59 55 00 N2132 At
05 51 24 -71 11 00 N2133 Gb
05 50 06 -71 07 00 N2134 OC 11p
05 53 06 -67 26 00 N2135 OC
05 52 48 -69 30 00 N2136 OC 10p
05 53 12 -69 29 00 N2137 OC
05 54 30 -65 50 00 N2138 OC
06 01 06 -23 39 59 N2139 Gx 2.2 11.7
05 54 00 -68 36 00 N2140 OC
06 03 06 +10 26 00 N2141 OC 10 9.4
06 01 54 -10 36 00 N2142 -
06 03 00 +05 43 00 N2143 -
05 41 00 -82 07 01 N2144 Gx 1.6
05 54 30 -70 55 00 N2145 OC
06 18 42 +78 21 01 N2146 Gx 6.0 10.5
05 56 00 -68 12 00 N2147 CN
05 58 42 -59 07 00 N2148 Gx
06 03 30 -09 44 00 N2149 Nb 3
05 55 54 -69 34 00 N2150 Gx
05 56 18 -69 01 00 N2151 OC
06 00 54 -50 44 00 N2152 Gx 1.3
05 57 30 -66 24 00 N2153 OC
05 57 30 -67 15 00 N2154 Gb
05 58 24 -65 28 00 N2155 Gb
05 57 36 -68 27 00 N2156 OC
05 57 18 -69 11 00 N2157 OC 10p
06 07 30 +24 06 00 N2158 OC 5 8.6
05 57 54 -68 38 00 N2159 OC
05 58 00 -68 17 00 N2160 OC
05 55 36 -74 21 00 N2161 Gb
06 00 30 -63 45 00 N2162 Gb
06 07 48 +18 40 01 N2163
05 58 42 -68 31 00 N2164 OC 10p
06 11 06 +51 41 00 N2165 -
05 59 18 -67 56 00 N2166 OC
06 06 54 -06 12 00 N2167 -
06 08 54 +24 20 00 N2168 OC 28 5.1
06 08 24 +13 57 00 N2169 OC 7 5.9
06 07 30 -06 24 00 N2170 Nb 2
05 58 36 -70 41 00 N2171 Gx
05 59 54 -68 38 00 N2172 OC
05 58 06 -72 59 00 N2173 Gb
06 09 42 +20 30 00 N2174 Nb 40
06 09 48 +20 19 00 N2175 OC 18 6.8
06 01 24 -66 51 00 N2176 OC
06 01 00 -67 43 00 N2177 OC
06 02 48 -63 46 00 N2178 Gx 1.0
06 08 00 -21 44 59 N2179 Gx 1.5 12.5
06 09 36 +04 43 00 N2180 -
06 02 36 -65 15 00 N2181 OC
06 09 30 -06 20 00 N2182 Nb 3
06 10 48 -06 13 00 N2183 Nb 1
06 10 54 -03 31 00 N2184 OC
06 11 06 -06 13 00 N2185 Nb 3
06 12 12 +05 27 00 N2186 OC 4 8.7
06 03 54 -69 34 00 N2187 Gx
06 10 06 -34 06 00 N2188 Gx 3.7 11.8
06 12 18 +01 08 00 N2189 -
06 00 48 -74 43 00 N2190 Gb
06 08 24 -52 31 00 N2191 Gx 1.9
06 15 12 +39 51 00 N2192 OC 6 11p
06 06 12 -65 05 00 N2193 Gb
06 13 48 +12 48 00 N2194 OC 10 8.5
06 14 24 +17 39 00 N2195 Nb
06 12 12 -21 48 00 N2196 Gx 2.8 11.2
06 05 54 -67 05 00 N2197 OC
06 13 54 +01 00 00 N2198 -
06 04 42 -73 24 00 N2199 Gx
06 13 24 -43 39 00 N2200 Gx
06 13 24 -43 41 00 N2201 Gx
06 16 54 +05 59 00 N2202 -
06 04 42 -75 26 00 N2203 OC
06 15 42 -18 39 00 N2204 OC 13 8.6
06 10 36 -62 32 00 N2205 Gx 1.4
06 16 00 -26 46 00 N2206 Gx 2.3 13p
06 16 24 -21 22 00 N2207 Gx 4.3 10.7
06 22 30 +51 55 00 N2208 Gx 14p
06 08 42 -73 51 00 N2209 Gb
06 11 30 -69 08 00 N2210 Gb 1.7 10.2
06 18 24 -18 34 00 N2211 Gx 14p
06 18 30 -18 33 00 N2212 Gx 14p
06 10 42 -71 33 00 N2213 Gb
06 12 48 -68 16 00 N2214 OC 11p
06 21 00 -07 17 00 N2215 OC 11 8.4
06 21 36 -22 04 59 N2216 Gx 14p
06 21 42 -27 13 59 N2217 Gx 4.8 10.4
06 24 42 +19 20 00 N2218 -
06 23 24 -04 41 00 N2219 -
06 21 48 -44 46 00 N2220 At
06 20 12 -57 35 00 N2221 Gx 1.5
06 20 18 -57 32 00 N2222 Gx 1.1
06 24 36 -22 50 00 N2223 Gx 3.3 11.4
06 27 36 +12 38 00 N2224 -
06 26 36 -09 39 00 N2225 OC
06 26 42 -09 39 00 N2226 -
06 25 54 -21 59 00 N2227 Gx 2.3 14p
06 21 12 -64 27 00 N2228 Gx
06 21 18 -64 58 00 N2229 Gx
06 21 24 -65 00 00 N2230 Gx
06 20 24 -67 32 00 N2231 Gb
06 26 36 -04 45 00 N2232 OC 30 3.9
06 21 42 -65 03 00 N2233 Gx
06 29 18 +16 41 00 N2234 -
06 22 18 -64 57 00 N2235 Gx
06 29 42 +06 50 00 N2236 OC 7 8.5
06 30 18 +05 03 00 N2237 Nb
06 30 36 +05 01 00 N2238 CN
06 31 00 +04 57 00 N2239 OC 16
06 32 54 +35 12 00 N2240 -
06 22 42 -68 57 00 N2241 OC
06 34 00 +44 46 00 N2242 Pl 14p
06 29 48 -31 17 00 N2243 OC 5 9.4
06 32 24 +04 52 00 N2244 OC 24 4.8
06 32 42 +10 10 00 N2245 Nb 5
06 32 24 +05 07 00 N2246 Nb
06 33 12 +10 20 01 N2247 Nb 4
06 34 36 +26 19 00 N2248 -
06 25 54 -68 48 00 N2249 Gb
06 32 48 -05 02 00 N2250 OC 8 9p
06 34 42 +08 22 00 N2251 OC 10 7.3
06 35 00 +05 23 00 N2252 OC 20 8p
06 42 24 +66 20 01 N2253 OC
06 36 00 +07 40 00 N2254 OC 4 9.7
06 34 00 -34 47 00 N2255 Gx
06 47 12 +74 14 01 N2256 Gx 2.6 14p
06 30 24 -64 19 00 N2257 Gb 3.4 13.5
06 47 48 +74 29 00 N2258 Gx 2.6 13p
06 38 36 +10 53 00 N2259 OC 5 11p
06 38 06 -01 28 00 N2260 -
06 39 12 +08 44 00 N2261 Nb 2
06 38 24 +01 11 00 N2262 OC 4 11p
06 38 24 -24 49 00 N2263 Gx 13p
06 41 06 +09 53 00 N2264 CN 60 3.9
06 41 30 +11 56 00 N2265 -
06 43 12 +26 58 00 N2266 OC 7 10p
06 40 48 -32 29 00 N2267 Gx 14p
07 14 00 +84 23 00 N2268 Gx 3.4 11.5
06 43 54 +04 34 00 N2269 OC 4 10.0
06 43 54 +03 26 00 N2270 -
06 42 48 -23 28 00 N2271 Gx 14p
06 42 42 -27 27 00 N2272 Gx 2.1 11.9
06 50 06 +60 51 00 N2273 Gx 3.5 12p
06 47 12 +33 34 01 N2274 Gx 13p
06 47 12 +33 36 01 N2275 Gx 14p
07 27 01 +85 45 01 N2276 Gx 2.6 11.4
06 47 48 +33 26 00 N2277 -
06 48 18 +33 24 00 N2278 -
06 48 24 +33 24 00 N2279 -
06 44 48 -27 37 59 N2280 Gx 5.6 12p
06 49 18 +41 04 01 N2281 OC 15 5.4
06 46 54 +01 19 00 N2282 Nb 3
06 45 54 -18 14 00 N2283 Gx 13p
06 49 06 +33 13 00 N2284 -
06 49 24 +33 21 01 N2285 -
06 47 36 -03 10 00 N2286 OC 15 7.5
06 47 00 -20 43 59 N2287 OC 38 4.5
06 50 42 +33 26 00 N2288 Gx 14p
06 50 42 +33 27 00 N2289 Gx 15p
06 51 00 +33 26 00 N2290 Gx 1.5 15p
06 51 00 +33 32 00 N2291 Gx 1.3 16p
06 47 36 -26 45 00 N2292 Gx 14p
06 47 42 -26 45 00 N2293 Gx 13p
06 51 12 +33 32 00 N2294 Gx 1.1 15p
06 47 18 -26 44 00 N2295 Gx 14p
06 48 36 -16 55 00 N2296 Gx 13p
06 44 24 -63 43 00 N2297 Gx 1.6
06 49 00 -36 00 00 N2298 Gb 6.8 9.4
06 51 06 -07 00 00 N2299 -
07 32 00 +85 43 01 N2300 Gx 3.1 11.0
06 51 48 +00 28 01 N2301 OC 12 6.0
06 51 54 -07 04 00 N2302 OC 3 8.9
06 56 12 +45 30 00 N2303 Gx 14p
06 55 00 +18 01 00 N2304 OC 5 10p
06 48 36 -64 16 00 N2305 Gx 2.0
06 54 36 -07 11 00 N2306 -
06 48 48 -64 20 00 N2307 Gx 1.6
06 58 36 +45 13 01 N2308 Gx 14p
06 56 12 -07 12 00 N2309 OC 3 11p
06 54 00 -40 52 00 N2310 Gx 5.0 12p
06 57 48 -04 35 00 N2311 OC 7 10p
06 58 48 +10 16 01 N2312 -
06 58 00 -07 57 00 N2313 Nb
07 10 30 +75 20 01 N2314 Gx 2.1 11.9
07 02 30 +50 36 00 N2315 Gx 14p
06 59 42 -07 46 00 N2316 Nb 4
06 58 48 -07 45 59 N2317 -
06 59 30 -13 42 00 N2318 OC
07 01 06 +03 04 01 N2319 -
07 05 36 +50 36 00 N2320 Gx 14p
07 05 54 +50 46 01 N2321 Gx 15p
07 05 54 +50 31 01 N2322 Gx 14p
07 03 12 -08 20 00 N2323 OC 16 5.9
07 04 12 +01 03 00 N2324 OC 8 8.4
07 02 42 -28 42 00 N2325 Gx 2.3 11.2
07 08 24 +50 44 01 N2326 Gx 14p
07 04 18 -11 18 00 N2327 Nb
07 02 30 -42 03 00 N2328 Gx
07 09 12 +48 37 00 N2329 Gx 1.6 14p
07 09 30 +50 12 00 N2330 Gx 14p
07 07 12 +27 21 00 N2331 OC 18 9p
07 09 30 +50 11 00 N2332 Gx 14p
07 08 24 +35 11 01 N2333 Gx 14p
07 09 54 +50 12 00 N2334 -
07 06 36 -10 05 00 N2335 OC 12 7.2
07 27 06 +80 11 01 N2336 Gx 6.9 10.5
07 10 12 +44 27 00 N2337 Gx 2.6 13p
07 07 42 -05 37 00 N2338 At
07 08 18 +18 47 01 N2339 Gx 2.8 11.6
07 11 00 +50 10 00 N2340 Gx 14p
07 09 18 +20 35 00 N2341 Gx 1.1 14p
07 09 24 +20 38 00 N2342 Gx 1.6 13p
07 08 18 -10 38 59 N2343 OC 7 6.7
07 12 30 +47 10 00 N2344 Gx 2.0 12.1
07 08 18 -13 09 59 N2345 OC 12 7.7
07 09 24 -00 48 00 N2346 Pl 0.9
07 16 06 +64 43 00 N2347 Gx 2.0 12.5
07 03 06 -67 23 00 N2348
07 10 00 -08 37 00 N2349 -
07 13 12 +12 15 01 N2350 Gx 14p
07 13 30 -10 29 00 N2351
07 13 36 -24 06 00 N2352 -
07 14 36 -10 18 00 N2353 OC 20 7.1
07 14 18 -25 44 00 N2354 OC 20 6.5
07 16 54 +13 47 00 N2355 OC 9 10p
07 17 06 +13 58 00 N2356 -
07 17 36 +23 22 00 N2357 Gx 4.5 14p
07 16 48 -17 03 00 N2358 -
07 18 36 -13 12 00 N2359 Nb 8
07 17 48 -15 37 00 N2360 OC 13 7.2
07 18 24 -13 13 00 N2361 D?
07 18 48 -24 57 00 N2362 CN 8 4.1
07 28 42 +69 04 00 N2363 Gx
07 20 48 -07 34 00 N2364 OC
07 22 30 +22 04 00 N2365 Gx 14p
07 28 54 +69 13 00 N2366 Gx 7.6 10.9
07 20 06 -21 56 00 N2367 OC 4 7.9
07 21 00 -10 23 00 N2368 OC 5 12p
07 16 36 -62 21 00 N2369 Gx 4.6 13p
07 25 00 +23 47 00 N2370 Gx 14p
07 25 36 +29 29 00 N2371 Pl 0.9 13p
07 25 36 +29 30 00 N2372 Pl
07 26 30 +33 48 00 N2373 Gx 14p
07 24 00 -13 16 00 N2374 OC 19 8.0
07 27 06 +33 49 00 N2375 Gx 14p
07 26 36 +23 04 00 N2376 Gx 14p
07 24 54 -09 40 00 N2377 Gx 1.8 15p
07 27 24 +33 50 00 N2378 -
07 27 24 +33 49 00 N2379 Gx 1.1 13.5
07 23 54 -27 31 00 N2380 Gx 13p
07 20 00 -63 04 00 N2381 Gx 1.6
07 23 54 -27 32 00 N2382
07 24 48 -20 56 00 N2383 OC 6 8.4
07 25 06 -21 02 00 N2384 OC 3 7.4
07 28 24 +33 50 00 N2385 Gx 15p
07 28 36 +33 46 00 N2386 T*
07 29 00 +36 52 00 N2387 Gx 15p
07 28 48 +33 49 00 N2388 Gx 14p
07 29 06 +33 51 00 N2389 Gx 2.1 12.8
07 29 00 +33 50 00 N2390 S*
07 29 12 +33 49 00 N2391 -
07 29 12 +20 55 00 N2392 Pl 0.7 10p
07 30 00 +34 01 00 N2393 Gx 15p
07 28 36 +07 02 00 N2394 -
07 27 06 +13 35 00 N2395 OC 12 8.0
07 28 06 -11 44 00 N2396 OC 10 7p
07 21 18 -69 00 00 N2397 Gx 2.2 13p
07 30 18 +24 29 01 N2398 Gx 15p
07 29 54 -00 13 00 N2399 T*
07 30 00 -00 13 00 N2400 T*
07 29 24 -13 58 00 N2401 OC 2 13p
07 30 48 +09 39 00 N2402 Gx 15p
07 36 54 +65 36 00 N2403 Gx 17.8 8.4
07 37 06 +65 42 00 N2404 K
07 32 12 +25 55 00 N2405 Gx 14p
07 31 54 +18 18 00 N2406 Gx 15p
07 31 54 +18 21 00 N2407 Gx 15p
07 40 30 +71 39 00 N2408 At
07 31 36 -17 11 00 N2409 -
07 35 00 +32 50 00 N2410 Gx 14p
07 34 36 +18 17 00 N2411 Gx 14p
07 34 24 +08 33 00 N2412 -
07 33 18 -13 06 00 N2413 -
07 33 18 -15 27 00 N2414 OC 4 7.9
07 36 54 +35 15 00 N2415 Gx 1.0 12.4
07 35 42 +11 37 00 N2416 Gx 14p
07 30 06 -62 15 00 N2417 Gx 2.2
07 36 30 +17 54 00 N2418 Gx 13p
07 38 06 +38 53 00 N2419 Gb 4.1 10.4
07 38 30 +21 34 00 N2420 OC 10 8.3
07 36 18 -20 37 00 N2421 OC 10 8.3
07 36 36 -14 30 00 N2422 OC 30 4.4
07 37 06 -13 52 00 N2423 OC 19 6.7
07 40 42 +39 14 00 N2424 Gx 4.0 12.6
07 38 18 -14 52 00 N2425 OC 3
07 43 12 +52 49 00 N2426 Gx 14p
07 36 30 -47 38 00 N2427 Gx 5.6 11.6
07 39 12 -16 31 00 N2428 -
07 43 42 +52 21 00 N2429 Gx 14p
07 39 24 -16 21 00 N2430 -
07 45 18 +53 04 01 N2431 Gx 14p
07 40 54 -19 05 00 N2432 OC 8 10p
07 43 00 +09 19 00 N2433 Gx
07 34 54 -69 17 00 N2434 Gx 2.5 11.2
07 44 12 +31 38 00 N2435 Gx 13p
07 46 06 +52 04 00 N2436 S*
07 41 48 -14 49 00 N2437 OC 27 6.1
07 41 48 -14 44 00 N2438 Pl 1.1 10p
07 40 48 -31 39 00 N2439 OC 10 6.9
07 41 54 -18 13 00 N2440 Pl 0.5 11p
07 52 12 +73 02 00 N2441 Gx 2.2 12.2
07 36 24 -69 32 00 N2442 Gx 6.0 11p
07 36 18 -69 32 00 N2443 -
07 46 54 +39 02 00 N2444 Gx 2.3 12.9
07 46 54 +39 01 00 N2445 Gx 2.1 13.0
07 48 42 +54 36 00 N2446 Gx 14p
07 44 36 -23 52 00 N2447 OC 22 6.2
07 44 36 -24 41 00 N2448 -
07 47 18 +26 55 00 N2449 Gx 14p
07 47 30 +27 00 00 N2450 Gx 15p
07 45 24 -37 57 59 N2451 OC 45 2.8
07 47 24 -27 20 00 N2452 Pl 0.3 13p
07 47 48 -27 14 00 N2453 OC 5 8.3
07 50 30 +16 22 01 N2454 Gx 14p
07 49 00 -21 18 00 N2455 OC 8 10p
07 54 06 +55 29 00 N2456 Gx 14p
07 54 42 +55 32 00 N2457 Gx 15p
07 55 24 +56 43 01 N2458 Gx
07 52 00 +09 33 00 N2459
07 56 54 +60 21 00 N2460 Gx 2.9 11.7
07 56 00 +56 41 00 N2461 Gx 15p
07 56 42 +56 39 00 N2462 Gx 14p
07 57 06 +56 40 00 N2463 Gx 15p
07 57 12 +56 41 00 N2464 Gx 0.4 15p
07 57 42 +56 45 00 N2465 -
07 45 12 -71 24 00 N2466 Gx 1.5
07 52 36 -26 23 00 N2467 CN 16 7p
07 58 00 +56 22 01 N2468 Gx 1.3 15p
07 58 06 +56 41 01 N2469 Gx 1.1 13p
07 54 18 +04 27 00 N2470 Gx 2.2 14p
07 58 18 +56 45 01 N2471 S*
07 58 36 +56 42 00 N2472 Gx 15p
07 58 24 +56 41 01 N2473 -
07 57 54 +52 51 00 N2474 Gx 0.6 14p
07 58 00 +52 51 00 N2475 Gx 0.8 14p
07 56 42 +39 56 00 N2476 Gx 13p
07 52 18 -38 33 00 N2477 OC 27 5.8
07 54 42 -15 25 00 N2478 -
07 55 06 -17 43 00 N2479 OC 7 10p
07 57 12 +23 47 00 N2480 Gx 15p
07 57 18 +23 46 00 N2481 Gx 13p
07 54 54 -24 18 00 N2482 OC 12 7.3
07 55 54 -27 56 00 N2483 OC 10 7.6
07 58 30 +37 47 00 N2484 Gx 1.6 15p
07 56 42 +07 29 00 N2485 Gx 13p
07 57 54 +25 09 00 N2486 Gx 14p
07 58 18 +25 08 01 N2487 Gx 2.8 14p
08 01 48 +56 34 00 N2488 Gx 14p
07 56 12 -30 04 00 N2489 OC 8 7.9
07 59 12 +27 05 00 N2490 Gx 15p
07 58 24 +07 59 01 N2491 Gx 15p
07 59 24 +27 02 00 N2492 Gx 14p
08 00 24 +39 50 00 N2493 Gx 2.5 13p
07 59 12 -00 38 00 N2494 Gx 14p
08 00 36 +39 50 00 N2495 Gx 0.4
07 58 36 +08 02 00 N2496 Gx 15p
08 02 18 +56 57 00 N2497 Gx 14p
07 59 36 +24 58 00 N2498 Gx 14p
07 58 48 +07 30 00 N2499 Gx 15p
08 01 54 +50 44 00 N2500 Gx 2.9 11.6
07 58 36 -14 22 00 N2501 Gx 14p
07 55 54 -52 18 00 N2502 Gx 2.1
08 00 36 +22 24 00 N2503 Gx 15p
07 59 48 +05 37 00 N2504 Gx 14p
08 04 00 +53 34 00 N2505 Gx 14p
08 00 12 -10 47 00 N2506 OC 7 7.6
08 01 36 +15 43 00 N2507 Gx 2.5 14p
08 02 00 +08 34 00 N2508 Gx 14p
08 00 42 -19 04 00 N2509 OC 8 9p
08 02 12 +09 29 00 N2510 Gx 14p
08 02 18 +09 24 00 N2511 Gx 15p
08 03 06 +23 24 00 N2512 Gx 1.7 14p
08 02 30 +09 25 00 N2513 Gx 13p
08 02 48 +15 49 00 N2514 Gx 1.4 14p
08 03 24 +20 11 00 N2515
07 58 18 -60 52 00 N2516 OC 30 3.8
08 02 48 -12 19 00 N2517 Gx 0.8 12.3
08 07 18 +51 09 00 N2518 Gx 14p
08 08 00 +51 07 00 N2519
08 02 30 -28 11 00 N2520
08 08 48 +57 46 01 N2521 Gx 1.5 14p
08 06 06 +17 43 01 N2522 Gx 14p
08 15 00 +73 35 00 N2523 Gx 3.0 12.0
08 08 06 +39 10 00 N2524 Gx 13p
08 05 36 -11 26 00 N2525 Gx 2.9 11.6
08 06 54 +08 01 00 N2526 Gx 14p
08 05 18 -28 10 00 N2527 OC 22 6.5
08 07 24 +39 13 00 N2528 Gx 13p
08 07 48 +17 50 00 N2529 Gx 14p
08 07 54 +17 49 00 N2530
08 08 00 +17 49 00 N2531
08 10 12 +33 57 00 N2532 Gx 2.2 12.4
08 07 00 -29 54 00 N2533 OC 4 7.6
08 12 54 +55 40 00 N2534 Gx 1.7 14p
08 11 12 +25 12 00 N2535 Gx 3.0 12.6
08 11 18 +25 11 00 N2536 Gx 0.9 14.1
08 13 12 +46 00 00 N2537 Gx 1.7 11.7
08 11 24 +03 37 00 N2538 Gx 14p
08 10 42 -12 50 00 N2539 OC 22 6.5
08 12 48 +26 21 00 N2540 Gx 14p
08 14 42 +49 04 00 N2541 Gx 6.6 11.8
08 11 18 -12 56 00 N2542 -
08 13 00 +36 15 00 N2543 Gx 2.5 13p
08 21 42 +73 59 00 N2544 Gx 1.1 12p
08 14 12 +21 21 00 N2545 Gx 2.2 12.4
08 12 24 -37 38 00 N2546 OC 41 6.3
08 10 42 -49 16 00 N2547 OC 20 4.7
08 13 48 -05 48 00 N2548 OC 54 5.8
08 19 00 +57 48 00 N2549 Gx 4.2 11.1
08 24 36 +74 01 00 N2550 Gx 1.2 13p
08 24 48 +73 25 00 N2551 Gx 1.9 12.0
08 19 18 +50 01 00 N2552 Gx 3.2 12.2
08 17 42 +20 54 00 N2553 Gx 15p
08 17 54 +23 28 00 N2554 Gx 3.4 14p
08 18 00 +00 44 00 N2555 Gx 13p
08 19 12 +20 55 00 N2556 Gx 15p
08 19 12 +21 27 00 N2557 Gx 1.4 15p
08 19 24 +20 30 00 N2558 Gx 14p
08 17 06 -27 27 59 N2559 Gx 5.6
08 19 54 +20 59 01 N2560 Gx 1.7 15p
08 19 36 +04 39 00 N2561 Gx 14p
08 20 24 +21 08 00 N2562 Gx 1.4 12.9
08 20 36 +21 04 00 N2563 Gx 2.3 12.3
08 18 36 -21 49 00 N2564 Gx
08 19 48 +22 02 01 N2565 Gx 1.9 14p
08 18 42 -25 29 00 N2566 Gx 3.1 15p
08 18 36 -30 38 00 N2567 OC 10 7.4
08 18 00 -37 06 00 N2568 OC
08 21 30 +20 52 00 N2569 Gx 15p
08 21 30 +20 55 00 N2570 Gx 15p
08 18 54 -29 44 00 N2571 OC 13 7.0
08 21 24 +19 08 00 N2572 Gx 15p
01 41 42 -89 20 01 N2573 Gx 3.6 13.5
08 20 48 -08 57 00 N2574 Gx 14p
08 22 48 +24 17 01 N2575 Gx 2.5 14p
08 22 54 +25 44 00 N2576 Gx 15p
08 22 42 +22 33 01 N2577 Gx 2.1 13p
08 21 24 -13 19 00 N2578 Gx 2.4 12.4
08 21 06 -36 11 00 N2579 CN 10 7.5
08 21 36 -30 19 00 N2580 OC 8 10p
08 24 30 +18 35 00 N2581 Gx 14p
08 25 18 +20 20 00 N2582 Gx 1.3 14p
08 23 12 -05 01 00 N2583 Gx 0.7 13.5
08 23 12 -05 00 00 N2584 Gx 14p
08 23 24 -04 56 00 N2585 Gx 14p
08 24 24 -04 56 00 N2586 T* 15p
08 23 30 -29 30 00 N2587 OC 9 9p
08 23 12 -32 59 00 N2588 OC 2 12p
08 24 30 -08 46 00 N2589 -
08 25 06 -00 36 00 N2590 Gx 14p
08 37 24 +78 02 00 N2591 Gx 3.2 13p
08 27 06 +25 58 00 N2592 Gx 13p
08 26 48 +17 22 00 N2593 Gx 15p
08 27 18 +25 52 00 N2594 Gx 15p
08 27 42 +21 29 00 N2595 Gx 3.1 14p
08 27 24 +17 17 00 N2596 Gx 14p
08 30 00 +21 30 00 N2597 Gx 1.4 15p
08 30 00 +21 29 00 N2598 Gx 1.3 13.7
08 32 12 +22 34 00 N2599 Gx 2.4 13p
08 34 48 +52 44 00 N2600 Gx 15p
08 25 30 -68 07 00 N2601 Gx 2.0
08 35 12 +52 50 00 N2602 Gx 15p
08 35 30 +52 47 00 N2603 Gx 15p
08 33 18 +29 33 00 N2604 Gx 13p
08 35 24 +52 51 00 N2605 -
08 35 42 +52 48 00 N2606 Gx 15p
08 33 54 +26 59 00 N2607 Gx 15p
08 35 18 +28 28 00 N2608 Gx 2.5 12.1
08 29 30 -61 06 00 N2609 OC
08 33 24 -16 09 00 N2610 Pl 0.6 14p
08 35 30 +25 02 00 N2611 Gx 15p
08 33 48 -13 09 00 N2612 Gx 3.2 13p
08 33 24 -22 58 00 N2613 Gx 7.2 10.4
08 42 48 +72 59 01 N2614 Gx 2.8 14p
08 34 36 -02 32 00 N2615 Gx 13p
08 35 36 -01 51 00 N2616 Gx 1.3 12.6
08 35 42 -04 03 00 N2617 Gx 15p
08 36 12 +00 42 00 N2618 Gx 14p
08 37 36 +28 43 00 N2619 Gx 13p
08 37 30 +24 57 00 N2620 Gx 15p
08 37 42 +25 00 00 N2621 Gx 15p
08 38 18 +24 55 00 N2622 Gx 15p
08 38 24 +25 45 00 N2623 Gx 0.6 13.8
08 38 06 +19 44 00 N2624 Gx 14p
08 38 24 +19 42 00 N2625 Gx 0.4
08 35 36 -40 40 00 N2626 Nb 5
08 37 18 -29 57 00 N2627 OC 11 8p
08 40 30 +23 33 00 N2628 Gx 14p
08 47 12 +72 59 00 N2629 Gx 2.6 13p
08 45 24 +73 02 00 N2630 Gx 16p
08 47 06 +73 00 00 N2631 Gx 0.8 14p
08 40 06 +19 59 01 N2632 OC 95 3.1
08 48 06 +74 06 00 N2633 Gx 2.6 11.9
08 48 24 +73 58 00 N2634 Gx 2.2 13p
08 38 30 -34 46 00 N2635 OC 3 11.2
08 48 24 +73 40 00 N2636 Gx 0.5 14p
08 41 06 +19 42 00 N2637 Gx
08 42 24 +37 13 00 N2638 Gx 13p
08 43 36 +50 12 00 N2639 Gx 2.0 11.8
08 37 24 -55 07 00 N2640 Gx 2.5
08 48 07 +72 54 00 N2641 Gx 15p
08 40 42 -04 07 00 N2642 Gx 2.3 13p
08 41 42 +19 43 00 N2643 Gx
08 41 30 +04 59 00 N2644 Gx 13p
08 38 54 -46 13 00 N2645 -
08 50 24 +73 28 00 N2646 Gx 1.7 12.0
08 42 36 +19 40 00 N2647 Gx 15p
08 42 42 +14 17 00 N2648 Gx 3.6 13p
08 44 06 +34 43 00 N2649 Gx 1.9 13p
08 50 00 +70 18 00 N2650 Gx 1.9 14p
08 44 00 +11 47 00 N2651 Gx 15p
08 43 18 -03 37 00 N2652 -
08 55 36 +78 25 01 N2653 At
08 49 12 +60 13 01 N2654 Gx 4.3 11.8
08 55 36 +78 13 01 N2655 Gx 5.1 10.1
08 47 48 +53 52 00 N2656 Gx 1.5 13.3
08 45 24 +09 40 00 N2657 Gx 14p
08 43 24 -32 39 00 N2658 OC 12 9p
08 42 36 -44 57 00 N2659 OC 3 8.6
08 42 12 -47 09 00 N2660 OC 4 8.8
08 46 00 +12 38 00 N2661 Gx 14p
08 45 42 -15 08 00 N2662 Gx 15p
08 45 06 -33 48 00 N2663 Gx
08 47 12 +12 36 00 N2664 -
08 46 00 -19 17 00 N2665 Gx 13p
08 50 00 +47 03 00 N2666 -
08 48 18 +19 01 00 N2667 Gx 15p
08 49 24 +36 41 00 N2668 Gx 15p
08 44 54 -52 58 00 N2669 OC 12 6.1
08 45 30 -48 47 00 N2670 OC 9 7.8
08 46 12 -41 52 59 N2671 OC 4 12p
08 49 18 +19 04 01 N2672 Gx 2.6 11.6
08 49 24 +19 04 00 N2673 Gx 1.4 12.9
08 48 12 -14 17 00 N2674 -
08 51 54 +53 36 00 N2675 Gx 14p
08 51 30 +47 33 00 N2676 Gx 1.5 14p
08 50 00 +19 00 00 N2677 Gx 15p
08 50 12 +11 20 00 N2678 -
08 51 30 +30 52 00 N2679 Gx 14p
08 51 30 +30 52 00 N2680 Gx 14p
08 53 30 +51 19 00 N2681 Gx 3.8 10.3
08 50 24 +11 49 00 N2682 OC 30 6.9
08 52 42 +33 25 00 N2683 Gx 9.3 9.7
08 54 48 +49 08 00 N2684 Gx 13p
08 55 36 +58 44 01 N2685 Gx 5.2 11.1
08 54 54 +49 08 00 N2686 Gx 16p
08 55 00 +49 09 00 N2687 Gx 17p
08 55 18 +49 06 01 N2688 Gx 16p
08 55 12 +49 09 00 N2689 Gx
08 52 42 -02 37 00 N2690 Gx 14p
08 54 48 +39 32 00 N2691 Gx 1.6 14p
08 57 00 +52 04 00 N2692 Gx 1.5 14p
08 57 00 +51 21 00 N2693 Gx 2.2 11.7
08 57 00 +51 20 00 N2694 Gx 0.3 14.3
08 54 30 -03 05 00 N2695 Gx 13p
08 54 24 -04 59 00 N2696 -
08 55 06 -03 00 00 N2697 Gx 13p
08 55 36 -03 10 59 N2698 Gx 1.8 13p
08 55 54 -03 09 00 N2699 Gx 13p
08 55 42 -05 06 00 N2700 -
08 59 06 +53 46 00 N2701 Gx 2.1 12.4
08 55 54 -03 03 00 N2702 S*
08 55 54 -03 17 00 N2703 D*
08 56 54 +39 22 00 N2704 Gx 14p
08 56 00 -03 00 00 N2705 S*
08 56 18 -02 35 00 N2706 Gx 14p
08 56 12 -03 04 00 N2707 S*
08 56 06 -03 22 00 N2708 Gx 3.0 14p
08 56 18 -03 16 00 N2709 Gx 15p
08 59 48 +55 41 00 N2710 Gx 14p
08 57 18 +17 17 00 N2711 Gx 14p
08 59 30 +44 55 00 N2712 Gx 2.9 12.0
08 57 18 +02 55 00 N2713 Gx 3.9 11.7
08 53 30 -59 13 00 N2714 Gx
09 08 06 +78 05 01 N2715 Gx 5.0 11.4
08 57 36 +03 05 00 N2716 Gx 1.8 12.4
08 57 00 -24 40 00 N2717 Gx 14p
08 58 54 +06 18 00 N2718 Gx 2.5 13p
09 00 18 +35 44 00 N2719 Gx 1.3 14p
08 59 12 +11 10 00 N2720 Gx 14p
08 58 54 -04 46 00 N2721 Gx 2.6 13p
08 58 48 -03 42 59 N2722 Gx
09 00 12 +03 11 00 N2723 Gx 1.3 15p
09 01 00 +35 46 00 N2724 Gx 15p
09 01 06 +11 05 00 N2725 Gx 14p
09 04 54 +59 56 00 N2726 Gx 1.5 13p
09 01 06 -03 23 00 N2727 -
09 01 48 +11 04 01 N2728 Gx 15p
09 01 30 +03 43 00 N2729 Gx 14p
09 02 18 +16 50 00 N2730 Gx 13p
09 02 06 +08 18 00 N2731 Gx 14p
09 13 25 +79 11 00 N2732 Gx 2.3 11.9
09 02 06 -03 44 00 N2733 -
09 03 00 +16 50 00 N2734 Gx
09 02 36 +25 56 00 N2735 Gx 1.2 14p
09 00 24 -45 54 00 N2736 Gx
09 03 54 +21 54 00 N2737 Gx 15p
09 03 54 +21 58 00 N2738 Gx 14p
09 06 00 +51 45 00 N2739 Gx 15p
09 06 06 +51 44 00 N2740 Gx 15p
09 04 18 +18 16 00 N2741 -
09 07 36 +60 29 00 N2742 Gx 3.1 11.7
09 05 00 +25 00 00 N2743 Gx 14p
09 04 42 +18 28 00 N2744 Gx 1.8 13.4
09 04 36 +18 15 00 N2745 Gx 15p
09 06 00 +35 22 00 N2746 Gx 14p
09 05 18 +18 26 01 N2747 Gx 15p
09 13 42 +76 29 00 N2748 Gx 3.1 11.7
09 05 24 +18 19 00 N2749 Gx 2.0 12.0
09 05 42 +25 26 00 N2750 Gx 2.3 12p
09 05 30 +18 15 00 N2751 Gx 15p
09 05 42 +18 20 00 N2752 Gx 2.0 15p
09 07 12 +25 20 00 N2753 Gx 15p
09 05 00 -19 05 00 N2754 Gx
09 07 54 +41 43 00 N2755 Gx 14p
09 09 00 +53 51 00 N2756 Gx 1.9 13p
09 05 30 -19 02 00 N2757 D*
09 05 24 -19 03 00 N2758 Gx 14p
09 08 36 +37 37 01 N2759 Gx 14p
09 15 42 +76 23 00 N2760 -
09 07 30 +18 26 00 N2761 Gx 15p
09 09 48 +50 26 00 N2762 Gx 15p
09 06 48 -15 30 00 N2763 Gx 2.3 12.1
09 08 18 +21 27 00 N2764 Gx 1.7 12.7
09 07 36 +03 23 00 N2765 Gx 2.3 13p
09 08 48 +29 52 00 N2766 Gx 14p
09 10 06 +50 25 00 N2767 Gx 14p
09 11 36 +60 02 00 N2768 Gx 6.3 10.0
09 10 24 +50 27 00 N2769 Gx 14p
09 09 36 +33 07 00 N2770 Gx 3.7 12p
09 10 30 +50 24 00 N2771 Gx 14p
09 07 42 -23 37 00 N2772 Gx 15p
09 09 36 +07 11 00 N2773 Gx 14p
09 10 36 +18 42 00 N2774 Gx 15p
09 10 18 +07 02 00 N2775 Gx 4.5 10.3
09 12 12 +44 57 00 N2776 Gx 2.9 11.6
09 10 42 +07 12 00 N2777 Gx 1.0 14p
09 12 19 +35 01 00 N2778 Gx 1.5 13p
09 12 19 +35 03 00 N2779 Gx 15p
09 12 42 +34 55 00 N2780 Gx 1.0 14p
09 11 30 -14 49 00 N2781 Gx 3.9 11.5
09 14 06 +40 07 00 N2782 Gx 3.8 11.5
09 13 36 +29 59 00 N2783 Gx 14p
09 12 18 -24 10 00 N2784 Gx 5.1 10.1
09 15 12 +40 55 00 N2785 Gx 15p
09 14 00 +12 09 00 N2786 -
09 19 18 +69 12 00 N2787 Gx 3.4 10.8
09 09 00 -67 56 00 N2788 Gx
09 15 00 +29 44 00 N2789 Gx 14p
09 15 00 +19 43 00 N2790 Gx 14p
09 15 00 +17 36 00 N2791 Gx 15p
09 12 24 -42 26 00 N2792 Pl 0.2 14p
09 16 48 +34 26 00 N2793 Gx 1.3 14p
09 16 00 +17 36 00 N2794 Gx 14p
09 16 06 +17 38 00 N2795 Gx 14p
09 16 42 +30 55 00 N2796 Gx 14p
09 16 24 +17 44 00 N2797 Gx 14p
09 17 24 +42 00 00 N2798 Gx 2.8 12.3
09 17 30 +42 00 00 N2799 Gx 1.9 14p
09 18 36 +52 31 00 N2800 Gx 14p
09 16 42 +19 56 00 N2801 Gx 15p
09 16 42 +18 58 00 N2802 Gx 14p
09 16 42 +18 58 00 N2803 Gx 14p
09 16 48 +20 12 00 N2804 Gx 14p
09 20 18 +64 06 00 N2805 Gx 6.3 11.3
09 17 00 +20 03 00 N2806 Gx 15p
09 17 00 +20 02 00 N2807 Gx 15p
09 12 00 -64 51 59 N2808 Gb 13.8 6.3
09 17 06 +20 04 00 N2809 Gx 14p
09 22 06 +71 50 00 N2810 Gx 2.0 13p
09 16 12 -16 19 00 N2811 Gx 2.7 11.3
09 17 36 +19 55 00 N2812 Gx 15p
09 17 42 +19 54 00 N2813 Gx 15p
09 21 12 +64 15 00 N2814 Gx 1.4 13.8
09 16 18 -23 38 00 N2815 Gx 3.5 13p
09 21 06 +60 27 00 N2816 -
09 17 18 -04 44 00 N2817 Gx 13p
09 16 00 -36 37 00 N2818 OC 9 8.2
09 18 12 +16 13 00 N2819 Gx 14p
09 21 48 +64 16 00 N2820 Gx 4.3 12.8
09 16 48 -26 49 00 N2821 Gx 14p
09 14 00 -69 38 00 N2822 Gx 2.1 12p
09 19 18 +34 00 00 N2823 Gx 1.0 16p
09 19 01 +26 16 01 N2824 Gx 1.3 14p
09 19 24 +33 44 00 N2825 Gx 1.1 16p
09 19 24 +33 37 00 N2826 Gx 1.8 15p
09 19 12 +33 52 00 N2827 Gx 15p
09 19 30 +33 53 00 N2828 Gx 15p
09 19 30 +33 40 00 N2829 Gx
09 19 42 +33 44 00 N2830 Gx 1.3 15p
09 19 42 +33 44 00 N2831 Gx 0.8 13.6
09 19 48 +33 44 00 N2832 Gx 3.3 11.5
09 19 54 +33 56 00 N2833 Gx 15p
09 20 00 +33 43 00 N2834 Gx 15p
09 17 54 -22 21 00 N2835 Gx 6.3 11p
09 13 42 -69 20 00 N2836 Gx
09 18 24 -16 30 00 N2837 Gx 0.3 14p
09 20 42 +39 19 00 N2838 Gx 14p
09 20 36 +33 40 00 N2839 Gx 15p
09 20 48 +35 23 00 N2840 Gx 15p
09 22 00 +50 58 00 N2841 Gx 8.1 9.3
09 15 36 -63 04 00 N2842 Gx
09 20 24 +18 57 00 N2843 Gx
09 21 48 +40 09 00 N2844 Gx 1.9 12.9
09 18 36 -38 00 00 N2845 Gx
09 19 54 -14 41 00 N2846
09 20 06 -16 31 00 N2847 Gx 0.4 15p
09 20 12 -16 32 00 N2848 Gx 2.7 12.1
09 19 18 -40 31 00 N2849 OC
09 21 00 -04 55 00 N2850 Gx
09 20 36 -16 28 00 N2851 Gx 15p
09 23 12 +40 10 00 N2852 Gx 1.2 14p
09 23 18 +40 12 00 N2853 Gx 2.0 14p
09 24 00 +49 13 00 N2854 Gx 14p
09 21 30 -11 55 00 N2855 Gx 2.7 11.6
09 24 12 +49 15 00 N2856 Gx 14p
09 24 30 +49 21 00 N2857 Gx 2.4 14p
09 22 54 +03 09 00 N2858 Gx 14p
09 24 18 +34 31 00 N2859 Gx 4.8 10.7
09 24 54 +41 04 00 N2860 Gx 15p
09 23 36 +02 08 00 N2861 Gx 14p
09 24 54 +26 46 00 N2862 Gx 14p
09 23 36 -10 24 00 N2863 Gx 13p
09 24 12 +05 57 00 N2864 Gx 15p
09 23 30 -23 10 00 N2865 Gx 2.0 11.4
09 22 00 -51 05 00 N2866 -
09 21 24 -58 19 00 N2867 Pl 0.2 10p
09 23 24 -10 25 00 N2868
09 23 36 -10 26 00 N2869
09 27 48 +57 23 00 N2870 Gx 2.6 14p
09 25 42 +11 27 00 N2871
09 25 42 +11 26 00 N2872 Gx 2.1 13p
09 25 54 +11 27 00 N2873 Gx 15p
09 25 48 +11 26 00 N2874 Gx 2.5 14p
09 25 48 +11 26 00 N2875 Gx 0.5 15p
09 25 12 -06 43 00 N2876 Gx 14p
09 25 48 +02 13 00 N2877 Gx 14p
09 25 48 +02 05 00 N2878 Gx 15p
09 25 24 -11 40 00 N2879 T*
09 29 36 +62 30 01 N2880 Gx 2.6 11.6
09 25 54 -11 59 00 N2881 Gx 14p
09 26 30 +07 56 00 N2882 Gx 13p
09 25 12 -34 05 00 N2883 Gx
09 26 24 -11 33 00 N2884 Gx 2.6 13p
09 29 36 +22 57 00 N2885 Gx
09 26 30 -21 46 00 N2886 T*
09 23 18 -63 49 00 N2887 Gx
09 26 18 -28 02 00 N2888 Gx 0.8 12.5
09 27 12 -11 38 00 N2889 Gx 2.0 11.8
09 26 36 -14 32 00 N2890 Gx 15p
09 26 48 -24 49 00 N2891 Gx 14p
09 32 54 +67 37 00 N2892 Gx 1.7 14p
09 30 18 +29 32 00 N2893 Gx 1.4 13p
09 29 24 +07 43 00 N2894 Gx 13p
09 32 24 +57 29 00 N2895 Gx 14p
09 30 18 +23 39 00 N2896 Gx 15p
09 29 48 +02 12 01 N2897 Gx
09 29 48 +02 03 01 N2898 Gx 15p
09 27 00 -56 06 00 N2899 Pl 2.0
09 30 18 +04 08 00 N2900 Gx 14p
09 32 24 +31 07 00 N2901 -
09 30 54 -14 44 00 N2902 Gx 1.3 13p
09 32 12 +21 30 00 N2903 Gx 12.6 8.9
09 30 12 -30 23 00 N2904 Gx 13p
09 32 12 +21 31 00 N2905 Gx 13.3 10p
09 32 12 +08 27 00 N2906 Gx 1.6 13p
09 31 36 -16 44 00 N2907 Gx 1.9 13p
09 43 30 +79 41 00 N2908 Gx 14p
09 44 00 +65 59 00 N2909 Gx 14p
09 30 24 -52 54 00 N2910 OC 5 7.2
09 33 48 +10 09 00 N2911 Gx 4.3 11.6
09 33 42 +10 09 01 N2912 Gx
09 34 00 +09 28 00 N2913 Gx 14p
09 34 00 +10 07 00 N2914 Gx 1.2 13.1
09 26 12 -76 38 00 N2915 Gx 1.5 12.6
09 35 00 +21 42 00 N2916 Gx 2.6 12.0
09 34 30 -02 30 00 N2917 Gx 14p
09 35 48 +31 42 00 N2918 Gx 13p
09 34 48 +10 17 00 N2919 Gx 1.9 14p
09 34 18 -20 51 00 N2920 Gx
09 34 42 -20 57 00 N2921 Gx 13p
09 36 48 +37 41 00 N2922 Gx 14p
09 36 00 +16 45 00 N2923 Gx 15p
09 35 12 -16 24 00 N2924 Gx 1.6 13p
09 33 42 -53 25 59 N2925 OC 12 8p
09 37 30 +32 50 01 N2926 Gx 14p
09 37 12 +23 35 00 N2927 Gx 14p
09 37 18 +16 58 00 N2928 Gx 15p
09 37 24 +23 09 01 N2929 Gx 14p
09 37 30 +23 12 01 N2930 Gx 14p
09 37 36 +23 14 01 N2931 Gx 15p
09 35 18 -46 57 00 N2932 -
09 38 00 +17 01 00 N2933 Gx 15p
09 38 00 +17 01 00 N2934 Gx 15p
09 36 42 -21 08 00 N2935 Gx 3.5 12p
09 37 42 +02 44 00 N2936 Gx 1.7 13.1
09 37 42 +02 44 00 N2937 Gx 1.0 13.6
09 38 18 +76 19 00 N2938 Gx 14p
09 38 06 +09 31 00 N2939 Gx 2.7 14p
09 38 06 +09 36 00 N2940 Gx 1.3 15p
09 38 24 +17 03 00 N2941 Gx 15p
09 39 06 +34 00 00 N2942 Gx 2.2 13p
09 38 36 +17 02 00 N2943 Gx 14p
09 39 18 +32 19 00 N2944 Gx 1.3 15p
09 37 36 -22 01 59 N2945 Gx 14p
09 39 06 +17 01 00 N2946 Gx 15p
09 38 24 -12 26 00 N2947 -
09 38 54 +06 57 00 N2948 Gx 14p
09 40 00 +16 47 00 N2949 Gx 15p
09 42 36 +58 51 00 N2950 Gx 3.2 11.0
09 39 42 -00 14 00 N2951 Gx 15p
09 39 18 -10 09 00 N2952 -
09 40 24 +14 50 00 N2953 -
09 40 30 +14 55 00 N2954 Gx 13p
09 41 18 +35 53 00 N2955 Gx 1.8 12.7
09 39 18 -19 06 00 N2956 Gx
09 47 54 +72 58 00 N2957 Gx 15p
09 40 36 +11 53 00 N2958 Gx 14p
09 45 06 +68 36 00 N2959 Gx 1.5 14p
09 40 36 +03 34 00 N2960 Gx 13p
09 45 24 +68 36 01 N2961 Gx 0.9
09 40 54 +05 10 00 N2962 Gx 3.3 11.7
09 47 48 +72 58 00 N2963 Gx 1.4 14p
09 42 54 +31 51 00 N2964 Gx 3.0 11.3
09 43 12 +36 14 00 N2965 Gx 14p
09 42 12 +04 40 00 N2966 Gx 14p
09 42 06 +00 20 00 N2967 Gx 3.0 11.6
09 43 12 +31 56 00 N2968 Gx 2.2 11.8
09 41 48 -08 37 00 N2969 Gx 13p
09 43 30 +31 59 00 N2970 Gx 1.0 14p
09 43 42 +36 10 00 N2971 Gx 15p
09 40 18 -50 20 00 N2972 OC 4 9.9
09 38 00 -30 08 00 N2973 Gx
09 42 36 -03 42 00 N2974 Gx 3.4 10.8
09 41 12 -16 39 00 N2975 Gx
09 47 18 +67 55 00 N2976 Gx 4.9 10.2
09 43 48 +74 52 00 N2977 Gx 1.7 13p
09 43 18 -09 45 00 N2978 Gx 1.2 14p
09 43 06 -10 23 00 N2979 Gx 14p
09 43 12 -09 37 00 N2980 Gx 1.8 13p
09 45 00 +31 06 00 N2981 Gx 15p
09 42 24 -44 12 00 N2982 -
09 43 42 -20 29 00 N2983 Gx 2.6 11.7
09 43 36 +11 04 00 N2984 Gx 14p
09 50 24 +72 17 00 N2985 Gx 4.3 10.5
09 44 18 -21 17 00 N2986 Gx 2.5 10.9
09 45 36 +04 56 01 N2987 Gx 14p
09 46 48 +22 01 00 N2988 Gx 14p
09 45 24 -18 23 00 N2989 Gx 1.4 13p
09 46 18 +05 43 00 N2990 Gx 1.3 12.8
09 46 48 +22 01 00 N2991 Gx 14p
09 45 42 -14 19 59 N2992 Gx 4.1 11.9
09 45 48 -14 22 00 N2993 Gx 1.6 12.6
09 47 12 +22 06 00 N2994 Gx 14p
09 44 06 -54 47 00 N2995 -
09 46 30 -21 36 00 N2996 Gx 14p
09 45 36 -31 10 59 N2997 Gx 8.1 11p
09 48 42 +44 05 00 N2998 Gx 3.0 13p
09 45 12 -50 26 00 N2999 -
