09 49 06 +44 08 00 N3000 D*
09 46 18 -30 26 00 N3001 Gx 3.1 13p
09 49 00 +44 03 00 N3002 Gx 16p
09 48 36 +33 25 00 N3003 Gx 5.9 11.7
09 49 12 +44 07 00 N3004 D*
09 49 12 +44 08 00 N3005 Gx 16p
09 49 18 +44 01 00 N3006 Gx 15p
09 47 36 -06 26 00 N3007 Gx 15p
09 49 36 +44 05 01 N3008 Gx 15p
09 50 12 +44 18 00 N3009 Gx 14p
09 50 36 +44 20 00 N3010 Gx 14p
09 49 42 +32 13 01 N3011 Gx 1.2 14p
09 49 48 +34 42 01 N3012 Gx 15p
09 50 06 +33 34 00 N3013 Gx 15p
09 49 12 -04 44 00 N3014 Gx 14p
09 49 24 +01 08 00 N3015 Gx 14p
09 49 42 +12 42 01 N3016 Gx 13p
09 49 06 -02 50 00 N3017 Gx 14p
09 49 42 +00 37 01 N3018 Gx 14p
09 50 00 +12 44 00 N3019 Gx 15p
09 50 06 +12 49 00 N3020 Gx 3.2 13p
09 51 00 +33 33 00 N3021 Gx 1.7 13p
09 49 48 -05 08 59 N3022 Gx 14p
09 49 54 +00 37 01 N3023 Gx 3.1 13p
09 50 30 +12 46 00 N3024 Gx 2.2 14p
09 49 30 -21 45 00 N3025 Gx 15p
09 50 54 +28 33 00 N3026 Gx 2.2 13p
09 55 42 +72 12 00 N3027 Gx 4.7 12p
09 49 54 -19 09 59 N3028 Gx
09 48 42 -08 03 00 N3029 Gx
09 50 12 -12 14 00 N3030 Gx 15p
09 55 36 +69 04 00 N3031 Gx 25.7 6.9
09 52 06 +29 14 00 N3032 Gx 2.5 11.9
09 48 48 -56 25 00 N3033 OC 5 8.8
09 55 48 +69 41 00 N3034 Gx 11.2 8.4
09 51 48 -06 49 00 N3035 Gx 13p
09 49 18 -62 41 00 N3036 OC
09 51 24 -27 02 00 N3037 Gx 14p
09 51 18 -32 45 00 N3038 Gx 2.6 13p
09 52 30 +02 09 00 N3039 Gx 1.3 14p
09 53 00 +19 26 00 N3040 Gx 14p
09 53 06 +16 41 00 N3041 Gx 3.7 11.5
09 53 24 +00 42 00 N3042 Gx 14p
09 56 12 +59 18 00 N3043 Gx 2.0 14p
09 53 42 +01 35 00 N3044 Gx 4.8 12.0
09 53 12 -18 39 00 N3045 Gx 14p
09 53 18 -27 19 00 N3046 S*
09 54 36 -01 18 00 N3047 Gx 14p
09 55 00 +16 28 00 N3048 Gx 15p
09 54 48 +09 16 00 N3049 Gx 13p
09 54 18 -10 22 00 N3050 -
09 53 48 -27 17 00 N3051 Gx 14p
09 54 30 -18 38 00 N3052 Gx 2.1 13p
09 55 36 +16 26 00 N3053 Gx 13p
09 54 30 -25 42 00 N3054 Gx 3.9 12p
09 55 18 +04 16 00 N3055 Gx 2.2 12.1
09 54 30 -28 18 00 N3056 Gx 2.0 13p
10 05 36 +80 17 00 N3057 Gx 2.5 14p
09 53 30 -12 30 00 N3058 Gx 15p
09 50 12 -73 55 00 N3059 Gx 3.2 12p
09 56 24 +16 51 00 N3060 Gx 14p
09 56 12 +75 52 00 N3061 Gx 2.0 14p
09 56 36 +01 26 00 N3062 Gx 15p
10 01 36 +72 08 00 N3063 D*
09 55 36 -06 22 00 N3064 Gx 14p
10 01 54 +72 10 00 N3065 Gx 2.0 12.0
10 02 12 +72 07 00 N3066 Gx 1.2 12.9
09 58 24 +32 22 01 N3067 Gx 2.5 11.7
09 58 30 +28 53 01 N3068 Gx 15p
09 57 54 +10 27 00 N3069 Gx 15p
09 58 00 +10 22 00 N3070 Gx 13p
09 58 54 +31 37 00 N3071 Gx 15p
09 57 36 -19 21 00 N3072 Gx 13p
10 00 54 +55 37 00 N3073 Gx 1.5 13p
09 59 42 +35 24 00 N3074 Gx 2.5 15p
09 59 00 +14 25 00 N3075 Gx 14p
09 57 42 -18 11 00 N3076 Gx 14p
10 03 18 +68 44 01 N3077 Gx 4.6 9.9
09 58 24 -26 56 00 N3078 Gx 1.9 11.1
10 02 00 +55 41 00 N3079 Gx 7.6 10.6
09 59 54 +13 03 00 N3080 Gx 14p
09 59 30 -22 50 00 N3081 Gx 2.2 12p
09 58 54 -30 20 00 N3082 Gx 14p
09 59 54 -02 52 00 N3083 Gx 14p
09 59 00 -27 08 00 N3084 Gx 14p
09 59 36 -19 29 00 N3085 Gx 14p
10 00 12 -02 58 00 N3086 Gx 14p
09 59 12 -34 13 00 N3087 Gx 1.9 13p
10 01 06 +22 24 00 N3088 Gx 15p
09 59 36 -28 20 00 N3089 Gx 1.9 13p
10 00 36 -02 57 00 N3090 Gx 14p
10 00 12 -19 38 00 N3091 Gx 2.2 13p
10 00 54 -03 00 00 N3092 Gx 14p
10 01 00 -02 57 00 N3093 Gx 15p
10 01 30 +15 47 00 N3094 Gx 13p
10 00 06 -31 33 00 N3095 Gx 3.2 13p
10 00 42 -19 39 00 N3096 Gx 15p
10 04 18 +60 08 00 N3097 -
10 02 18 +24 43 00 N3098 Gx 2.6 12.0
10 02 42 +32 42 00 N3099 Gx 15p
10 00 42 -31 40 00 N3100 Gx 2.8 13p
10 01 42 -02 59 00 N3101 Gx 15p
10 04 36 +60 07 00 N3102 Gx 14p
10 00 42 -31 40 00 N3103 Gx
10 03 54 +40 45 00 N3104 Gx 3.2 13p
10 00 48 -54 46 00 N3105 OC 2 9.7
10 03 54 +31 11 00 N3106 Gx 14p
10 03 18 +13 38 01 N3107 Gx 13p
10 02 36 -31 41 00 N3108 Gx 13p
10 03 06 -26 08 59 N3109 Gx 14.5 10p
10 04 06 -06 28 00 N3110 Gx 13p
10 06 12 +47 16 00 N3111 Gx 14p
10 04 00 -20 46 00 N3112 Gx
10 04 24 -28 27 00 N3113 Gx 3.2 14p
10 02 42 -60 07 00 N3114 OC 35 4.2
10 05 12 -07 43 00 N3115 Gx 8.3 9.2
10 06 36 +31 06 00 N3116 Gx 15p
10 06 12 +02 54 00 N3117 Gx 14p
10 07 18 +33 02 00 N3118 Gx 14p
10 06 36 +14 19 00 N3119 Gx 15p
10 05 24 -34 13 00 N3120 Gx
10 06 48 +14 23 00 N3121 Gx 14p
10 06 30 -06 32 00 N3122 Gx
10 07 00 +00 04 00 N3123 -
10 06 42 -19 13 00 N3124 Gx 3.2 12p
10 06 36 -29 56 00 N3125 Gx 1.5 13p
10 08 12 +31 52 00 N3126 Gx 13p
10 06 18 -16 07 00 N3127 Gx 14p
10 05 54 -16 07 00 N3128 Gx 14p
10 08 24 +18 25 00 N3129 -
10 08 12 +09 59 00 N3130 Gx 14p
10 08 42 +18 15 00 N3131 Gx 14p
10 07 00 -40 26 00 N3132 Pl 0.8 8p
10 07 12 -11 57 00 N3133 Gx
10 09 30 +12 20 00 N3134 -
10 10 54 +45 58 00 N3135 Gx 14p
10 05 48 -67 23 00 N3136 Gx 2.5 11.0
10 09 12 -29 04 00 N3137 Gx 6.8
10 09 06 -11 58 00 N3138 Gx 15p
10 10 06 -11 47 00 N3139 Gx 15p
10 09 30 -16 37 00 N3140 Gx 1.4 14p
10 09 18 -16 38 00 N3141 -
10 10 06 -08 29 00 N3142 Gx 14p
10 10 06 -12 35 00 N3143 Gx 0.9 14p
10 15 30 +74 13 00 N3144 Gx 1.4 14p
10 10 12 -12 26 00 N3145 Gx 3.3 12p
10 11 12 -20 52 00 N3146 Gx 13p
10 16 54 +73 24 00 N3147 Gx 4.0 10.7
10 13 24 +50 28 00 N3148 Gx 16p
10 03 48 -80 25 00 N3149 Gx 2.1
10 13 24 +38 41 00 N3150 Gx 15p
10 13 30 +38 37 00 N3151 Gx 1.0 15p
10 13 36 +38 50 00 N3152 Gx 1.0
10 12 54 +12 40 01 N3153 Gx 2.3 13p
10 13 06 +17 03 00 N3154 Gx 14p
10 17 36 +74 21 00 N3155 Gx 14p
10 12 42 +03 08 00 N3156 Gx 2.1 13p
10 11 48 -31 38 00 N3157 Gx
10 13 48 +38 46 00 N3158 Gx 2.3 11.8
10 13 54 +38 39 00 N3159 Gx 1.3 13.4
10 13 54 +38 52 00 N3160 Gx 15p
10 14 00 +38 39 00 N3161 Gx 1.0
10 13 30 +22 44 00 N3162 Gx 3.1 11.6
10 14 06 +38 39 00 N3163 Gx 1.4 13.1
10 15 12 +56 41 00 N3164 Gx 14p
10 13 30 +03 23 00 N3165 Gx 1.6 15p
10 13 48 +03 26 00 N3166 Gx 5.2 10.6
10 14 36 +29 36 00 N3167 -
10 16 24 +60 14 00 N3168 Gx 14p
10 14 12 +03 28 00 N3169 Gx 4.8 10.5
10 16 06 +46 36 00 N3170 -
10 15 36 -20 39 00 N3171 Gx
11 50 01 +89 07 00 N3172 Gx 0.7 13.6
10 14 30 -27 41 00 N3173 Gx 14p
10 20 48 +75 09 00 N3174 -
10 14 42 -28 52 00 N3175 Gx 4.8 11.3
10 15 18 -19 01 00 N3176 -
10 16 36 +21 07 00 N3177 Gx 1.7 12.3
10 16 06 -15 47 00 N3178 Gx 13p
10 18 00 +41 06 01 N3179 Gx 14p
10 18 06 +41 25 01 N3180 -
10 18 12 +41 24 01 N3181 -
10 19 30 +58 12 00 N3182 Gx 2.3 13p
10 21 48 +74 10 00 N3183 Gx 2.5 13p
10 18 18 +41 25 00 N3184 Gx 6.9 9.8
10 17 36 +21 41 00 N3185 Gx 2.3 12.2
10 17 36 +06 57 00 N3186 Gx 15p
10 17 48 +21 52 00 N3187 Gx 3.3 13.1
10 19 42 +57 25 00 N3188 Gx 1.1 15p
10 18 12 +21 50 01 N3189 Gx 4.5 12p
10 18 06 +21 50 01 N3190 Gx 4.6 11.0
10 19 06 +46 28 00 N3191 Gx 0.8 14p
10 19 00 +46 27 00 N3192 Gx
10 18 24 +21 54 00 N3193 Gx 2.8 10.9
10 23 00 +74 47 00 N3194 -
10 09 30 -80 52 00 N3195 Pl 0.6
10 18 48 +27 40 00 N3196 Gx 15p
10 14 24 +77 49 00 N3197 Gx 14p
10 19 54 +45 33 00 N3198 Gx 8.3 10.4
10 17 06 -57 55 00 N3199 Nb 22
10 18 36 -17 59 00 N3200 Gx 4.8 12p
10 17 36 -46 25 00 N3201 Gb 18.2 6.8
10 20 30 +43 01 00 N3202 Gx 1.4 14p
10 19 36 -26 42 00 N3203 Gx 3.0 13p
10 20 12 +27 49 00 N3204 Gx 15p
10 20 48 +42 57 00 N3205 Gx 14p
10 21 48 +56 56 00 N3206 Gx 3.0 12p
10 21 00 +42 58 00 N3207 Gx 14p
10 19 42 -25 51 00 N3208 Gx 1.9 14p
10 20 36 +25 29 00 N3209 Gx 14p
10 27 12 +79 51 00 N3210 Gx
10 17 48 -62 40 00 N3211 Pl 0.2 12p
10 28 06 +79 47 00 N3212 Gx 14p
10 21 18 +19 39 00 N3213 Gx 1.2 14p
10 23 06 +57 02 00 N3214 Gx 1.0 15p
10 29 00 +79 46 01 N3215 Gx 14p
10 21 42 +23 54 00 N3216 Gx 15p
10 21 24 +10 53 00 N3217 -
10 26 30 +74 39 00 N3218 -
10 22 42 +38 34 00 N3219 Gx 15p
10 23 42 +57 02 01 N3220 Gx 1.6 14p
10 22 18 +21 34 00 N3221 Gx 3.3 14p
10 22 36 +19 53 00 N3222 Gx 1.3 12.8
10 21 36 -34 16 00 N3223 Gx 4.1 12p
10 21 36 -34 42 00 N3224 Gx
10 25 06 +58 09 00 N3225 Gx 2.3 13p
10 23 24 +19 54 00 N3226 Gx 2.8 11.4
10 23 30 +19 52 01 N3227 Gx 5.6 10.8
10 21 48 -51 43 00 N3228 OC 18 6.0
10 23 24 +00 04 00 N3229 D*
10 23 42 +12 33 01 N3230 Gx 14p
10 26 42 +66 48 00 N3231 -
10 24 18 +28 01 00 N3232 Gx 15p
10 22 00 -22 16 00 N3233 Gx 14p
10 24 54 +27 01 00 N3234
10 24 54 +28 01 00 N3235 Gx 14p
10 26 48 +61 16 00 N3236 Gx 15p
10 25 48 +39 39 00 N3237 Gx 14p
10 26 42 +57 14 00 N3238 Gx 1.6 14p
10 25 06 +17 10 00 N3239 Gx 5.2 12p
10 24 30 -21 47 00 N3240 Gx 14p
10 24 18 -32 29 00 N3241 Gx 1.5 12.7
10 24 48 -18 38 00 N3242 Pl 20.8 9p
10 26 24 -02 38 00 N3243 Gx 14p
10 25 30 -39 50 00 N3244 Gx 1.9
10 27 18 +28 30 00 N3245 Gx 3.2 10.8
10 26 42 +03 52 00 N3246 Gx 2.3 13p
10 25 54 -57 56 00 N3247 CN 7 7.6
10 27 48 +22 50 00 N3248 Gx 14p
10 26 18 -34 58 00 N3249 Gx
10 26 30 -39 57 00 N3250 Gx 3.2 11.0
10 29 18 +26 05 01 N3251 Gx 14p
10 34 24 +73 46 00 N3252 Gx 2.1 14p
10 28 30 +12 42 00 N3253 Gx 1.4 14p
10 29 18 +29 30 01 N3254 Gx 5.1 11.5
10 26 30 -60 40 00 N3255 OC 2 11.0
10 27 48 -43 54 00 N3256 Gx 3.5 11.3
10 28 48 -35 40 00 N3257 Gx 1.1
10 28 54 -35 36 00 N3258 Gx 1.8 11.7
10 32 36 +65 03 00 N3259 Gx 2.3 13p
10 29 06 -35 36 00 N3260 Gx 1.3
10 29 00 -44 39 00 N3261 Gx 4.1 12p
10 29 12 -44 10 00 N3262 Gx 1.2
10 29 18 -44 07 59 N3263 Gx 3.6
10 32 24 +56 05 00 N3264 Gx 3.4 13p
10 31 06 +28 48 00 N3265 Gx 1.2 14p
10 33 18 +64 45 00 N3266 Gx 1.7 14p
10 29 48 -35 19 00 N3267 Gx 2.4 13p
10 30 00 -35 20 00 N3268 Gx 2.0 11.8
10 30 00 -35 13 00 N3269 Gx 3.1 13p
10 31 30 +24 51 00 N3270 Gx 14p
10 30 30 -35 22 00 N3271 Gx 2.3 11.7
10 32 12 +28 27 00 N3272 Gx
10 30 30 -35 37 00 N3273 Gx 2.3 13p
10 32 18 +27 40 00 N3274 Gx 2.2 12.8
10 30 54 -36 44 00 N3275 Gx 2.8 12p
10 31 06 -39 57 00 N3276 Gx
10 32 54 +28 31 00 N3277 Gx 2.0 11.7
10 31 36 -39 57 00 N3278 Gx
10 34 36 +11 12 00 N3279 Gx 14p
10 32 36 -12 39 00 N3280 Gx 16p
10 31 54 -34 51 00 N3281 Gx 3.3 11.7
10 32 18 -22 18 00 N3282 Gx 14p
10 32 54 -46 05 00 N3283
10 36 00 +58 32 00 N3284 S*
10 33 36 -27 27 00 N3285 Gx 2.5 13p
10 36 18 +58 37 00 N3286 Gx 14p
10 34 48 +21 39 00 N3287 Gx 2.2 13p
10 36 24 +58 33 00 N3288 Gx 1.2 15p
10 34 12 -35 20 00 N3289 Gx 2.2
10 35 06 -17 16 00 N3290 Gx 1.4 14p
10 36 06 +37 15 00 N3291 Gx 1.0 14p
10 35 36 -06 10 59 N3292 Gx 14p
10 35 47 -58 14 00 N3293 CN 40 4.7
10 36 18 +37 20 00 N3294 Gx 3.3 11.7
10 32 42 -12 38 00 N3295 Gx
10 32 42 -12 43 00 N3296 Gx
10 35 24 -12 41 59 N3297 -
10 37 12 +50 06 00 N3298 Gx 15p
10 36 24 +12 42 00 N3299 Gx 2.1 13p
10 36 36 +14 10 00 N3300 Gx 2.1 13p
10 36 54 +21 53 00 N3301 Gx 3.6 11.4
10 35 48 -32 22 00 N3302 Gx 14p
10 37 06 +18 08 00 N3303 Gx 3.0 15p
10 37 36 +37 27 00 N3304 Gx 1.7 14p
10 36 18 -27 10 00 N3305 Gx 14p
10 37 12 +12 39 00 N3306 Gx 1.5 14p
10 36 18 -27 32 00 N3307 Gx 1.0 16p
10 36 24 -27 26 00 N3308 Gx 2.0 12.2
10 36 36 -27 31 00 N3309 Gx 1.9 11.9
10 38 43 +53 30 00 N3310 Gx 3.6 10.9
10 36 42 -27 32 00 N3311 Gx 2.5 11.6
10 37 00 -27 34 00 N3312 Gx 3.6 12p
10 37 30 -25 19 00 N3313 Gx 13p
10 37 12 -27 41 00 N3314 Gx 2.0 14p
10 37 18 -27 46 00 N3315
10 37 36 -27 36 00 N3316 Gx 1.2 15p
10 37 24 -27 29 00 N3317 Gx 0.6 14p
10 37 18 -41 38 00 N3318 Gx 2.6 12p
10 39 12 +41 41 00 N3319 Gx 6.8 11.3
10 39 36 +47 24 00 N3320 Gx 2.2 13p
10 38 48 -11 39 00 N3321 Gx 2.7
10 38 48 -11 39 00 N3322
10 39 42 +25 19 00 N3323 Gx 14p
10 37 18 -58 38 00 N3324 CN 16 6.7
10 39 18 -00 13 00 N3325 Gx 14p
10 39 30 +05 06 00 N3326 Gx 14p
10 40 00 +24 05 00 N3327 Gx 14p
10 39 42 +09 13 00 N3328
10 44 42 +76 49 00 N3329 Gx 2.1 13p
10 38 36 -54 09 00 N3330 OC 7 7.4
10 39 00 -23 49 00 N3331 Gx 14p
10 40 24 +09 11 00 N3332 Gx 13p
10 39 54 -36 03 00 N3333 Gx
10 41 24 +37 18 00 N3334 Gx 14p
10 39 36 -23 56 00 N3335 Gx 14p
10 40 18 -27 46 00 N3336 Gx 13p
10 41 48 +04 59 00 N3337 Gx 15p
10 42 06 +13 45 01 N3338 Gx 5.5 10.8
10 42 12 -00 21 59 N3339 S*
10 42 18 -00 23 00 N3340 Gx 13p
10 42 36 +05 02 00 N3341 Gx 15p
10 42 42 +09 26 00 N3342 S*
10 46 06 +73 21 00 N3343 Gx 1.6 15p
10 43 30 +24 55 00 N3344 Gx 6.9 10.0
10 43 36 +11 59 00 N3345 D*
10 43 42 +14 52 00 N3346 Gx 2.8 12p
10 42 48 -36 22 00 N3347 Gx 4.4 13p
10 47 12 +72 50 00 N3348 Gx 2.2 11.2
10 43 48 +06 45 00 N3349 Gx 15p
10 44 24 +30 43 00 N3350 Gx 15p
10 44 00 +11 42 00 N3351 Gx 7.4 9.7
10 44 18 +22 22 00 N3352 Gx 14p
10 45 24 +55 58 00 N3353 Gx 1.5 12.7
10 43 06 -36 22 00 N3354 Gx 14p
10 43 30 -23 12 00 N3355 -
10 44 12 +06 45 00 N3356 Gx 13p
10 44 24 +14 05 00 N3357 Gx 1.9 15p
10 43 36 -36 23 00 N3358 Gx 3.8 13p
10 46 36 +63 13 00 N3359 Gx 6.8 10.5
10 44 18 -11 36 00 N3360
10 44 24 -11 37 00 N3361
10 44 48 +06 36 00 N3362 Gx 13p
10 45 18 +22 04 00 N3363 Gx 14p
10 48 30 +72 25 00 N3364 Gx 1.9 14p
10 46 18 +01 49 00 N3365 Gx 4.7 13p
10 35 12 -43 41 00 N3366 Gx
10 46 36 +13 45 00 N3367 Gx 2.3 11.5
10 46 48 +11 49 00 N3368 Gx 7.1 9.2
10 46 42 -25 15 00 N3369 Gx 15p
10 47 06 +17 16 00 N3370 Gx 3.1 12p
10 47 00 +13 48 00 N3371 S*
10 43 48 -59 52 00 N3372 Nb 120
10 47 12 +13 40 00 N3373 S*
10 47 54 +43 10 00 N3374 Gx 14p
10 47 00 -09 57 00 N3375 Gx 13p
10 47 24 +06 03 00 N3376 Gx 14p
10 47 42 +13 59 00 N3377 Gx 4.4 10.2
10 46 36 -40 01 00 N3378 Gx
10 47 48 +12 35 00 N3379 Gx 4.5 9.3
10 48 12 +28 36 00 N3380 Gx 1.9 14p
10 48 24 +34 42 00 N3381 Gx 2.4 13p
10 48 30 +36 44 00 N3382 -
10 47 18 -24 27 00 N3383 Gx 13p
10 48 18 +12 38 00 N3384 Gx 5.9 10.0
10 48 12 +04 55 00 N3385 Gx 13p
10 48 12 +05 00 00 N3386 Gx 15p
10 48 12 +05 00 00 N3387 Gx 15p
10 48 18 +08 36 00 N3388 -
10 48 30 +12 32 00 N3389 Gx 2.7 11.8
10 48 06 -31 32 00 N3390 Gx 4.0 12.2
10 48 54 +14 13 00 N3391 Gx 13p
10 51 00 +65 46 00 N3392 Gx 15p
10 48 18 -25 10 00 N3393 Gx 13p
10 50 36 +65 43 00 N3394 Gx 13p
10 49 48 +32 59 00 N3395 Gx 1.9 12.1
10 49 54 +32 59 00 N3396 Gx 2.8 12.2
10 54 12 +77 17 00 N3397 -
10 51 30 +55 23 00 N3398 Gx 1.3
10 49 24 +16 13 01 N3399 Gx 14p
10 50 48 +28 28 00 N3400 Gx 1.4 14p
10 50 24 +05 48 00 N3401 -
10 50 00 -12 40 00 N3402 Gx
10 53 54 +73 41 00 N3403 Gx 3.1 13p
10 50 18 -12 07 00 N3404 Gx 2.6 14p
10 49 42 +16 14 00 N3405 Gx 14p
10 51 48 +51 02 00 N3406 Gx 13p
10 52 18 +61 23 00 N3407 Gx 1.7 15p
10 52 12 +58 26 00 N3408 Gx 1.0 14p
10 50 12 -17 03 00 N3409 Gx 15p
10 51 54 +51 01 00 N3410 Gx 15p
10 50 18 -12 51 00 N3411 Gx 13p
10 50 54 +13 25 00 N3412 Gx 3.6 10.6
10 51 18 +32 46 00 N3413 Gx 2.4 13p
10 51 18 +27 59 00 N3414 Gx 3.6 10.8
10 51 42 +43 43 00 N3415 Gx 2.4 13p
10 51 42 +43 46 00 N3416 Gx 15p
10 51 00 +08 29 00 N3417 Gx 15p
10 51 18 +28 07 00 N3418 Gx 1.2 14p
10 51 18 +13 57 00 N3419 Gx 1.1 13p
10 50 06 -17 15 00 N3420 Gx 14p
10 50 48 -12 27 00 N3421 Gx 14p
10 51 06 -12 24 00 N3422 Gx 15p
10 51 12 +05 50 00 N3423 Gx 3.9 11.2
10 51 48 +32 54 00 N3424 Gx 3.0 13p
10 51 24 +08 34 00 N3425 Gx 14p
10 51 36 +18 28 00 N3426 Gx 14p
10 51 24 +08 18 00 N3427 Gx 14p
10 51 24 +09 17 00 N3428 Gx 14p
10 50 54 +09 15 00 N3429 Gx
10 52 12 +32 57 00 N3430 Gx 3.9 11.5
10 51 12 -17 01 00 N3431 Gx 14p
10 52 30 +36 37 00 N3432 Gx 6.2 11.3
10 52 06 +10 09 00 N3433 Gx 3.5 12p
10 52 00 +03 48 00 N3434 Gx 13p
10 54 48 +61 18 00 N3435 Gx 14p
10 42 24 +07 56 00 N3436 Gx
10 52 36 +22 56 00 N3437 Gx 2.6 13p
10 52 24 +10 34 00 N3438 Gx 14p
10 52 24 +08 34 00 N3439 Gx 15p
10 53 54 +57 07 00 N3440 Gx 2.3 14p
10 52 30 +07 14 00 N3441 Gx 14p
10 53 06 +33 55 00 N3442 Gx 0.7 13p
10 53 00 +17 34 00 N3443 Gx 2.5 14p
10 53 00 +10 13 00 N3444 Gx 1.2
10 54 36 +56 59 00 N3445 Gx 1.6 12.4
10 52 06 -45 09 00 N3446 OC
10 53 24 +16 46 00 N3447 Gx 3.8 13p
10 54 42 +54 19 00 N3448 Gx 5.4 11.7
10 52 54 -32 56 00 N3449 Gx 2.6 13p
10 48 06 -20 51 00 N3450 Gx 2.7 14p
10 54 24 +27 14 00 N3451 Gx 13p
10 54 06 -11 24 00 N3452 Gx 15p
10 53 42 -21 47 00 N3453 Gx
10 54 30 +17 21 00 N3454 Gx 2.2 14p
10 54 30 +17 17 00 N3455 Gx 2.8 13p
10 54 06 -16 02 00 N3456 Gx 2.1 13p
10 54 42 +17 37 00 N3457 Gx 13p
10 56 00 +57 07 00 N3458 Gx 1.7 13p
10 54 42 -17 04 00 N3459 Gx 14p
10 54 48 +17 36 00 N3460
10 54 54 +17 39 00 N3461 Gx
10 55 18 +07 42 00 N3462 Gx 13p
10 55 06 -26 07 00 N3463 Gx 14p
10 54 42 -21 04 00 N3464 Gx 2.8 13p
10 59 18 +75 12 00 N3465 Gx 14p
10 56 18 +09 45 00 N3466 Gx 1.3 15p
10 56 42 +09 46 00 N3467 Gx 14p
10 57 24 +40 57 01 N3468 Gx 14p
10 56 54 -14 18 00 N3469 Gx 14p
10 58 42 +59 31 00 N3470 Gx 1.7 14p
10 59 06 +61 32 00 N3471 Gx 2.0 13p
10 57 18 -19 37 59 N3472 -
10 58 00 +17 07 00 N3473 Gx 15p
10 58 06 +17 05 00 N3474 Gx 15p
10 58 18 +24 14 00 N3475 Gx 14p
10 58 06 +09 17 00 N3476 Gx 15p
10 58 12 +09 13 00 N3477 Gx 15p
10 59 30 +46 07 00 N3478 Gx 2.8 13p
10 58 54 -14 58 00 N3479 Gx 13p
10 58 54 +09 21 00 N3480 -
10 59 30 -07 31 00 N3481 Gx 14p
10 58 36 -46 35 00 N3482 Gx 2.0
10 59 00 -28 28 00 N3483 Gx 13p
11 03 00 +75 49 00 N3484 -
11 00 00 +14 50 00 N3485 Gx 2.5 13p
11 00 24 +28 58 00 N3486 Gx 6.9 10.3
11 00 42 +17 35 00 N3487 Gx 14p
11 01 24 +57 41 00 N3488 Gx 2.0 14p
11 00 18 +13 54 00 N3489 Gx 3.7 10.3
10 59 54 +09 22 00 N3490 Gx 15p
11 00 36 +12 10 00 N3491 Gx 14p
11 00 54 +10 30 00 N3492 Gx 14p
11 01 30 +27 44 00 N3493 Gx 15p
11 01 12 +03 43 00 N3494 -
11 01 18 +03 38 00 N3495 Gx 4.6 13p
10 59 48 -60 20 00 N3496 OC 9 8.2
11 01 24 -19 28 00 N3497 -
11 01 54 +14 23 00 N3498 T*
11 03 12 +56 13 00 N3499 Gx 1.0 14p
11 01 42 +75 13 00 N3500 Gx 15p
11 02 54 +17 59 00 N3501 Gx 3.7 13p
11 02 06 -14 08 00 N3502 Gx 14p
11 01 18 -59 51 00 N3503 Nb 3
11 03 12 +27 58 00 N3504 Gx 2.7 11.1
11 02 42 -15 29 00 N3505 -
11 03 12 +11 05 00 N3506 Gx 1.3 13p
11 03 30 +18 08 00 N3507 Gx 3.5 11p
11 02 54 -16 18 00 N3508 Gx 14p
11 04 24 +04 50 00 N3509 Gx 2.3 14p
11 03 42 +28 53 00 N3510 Gx 3.8 12.9
11 03 24 -23 05 00 N3511 Gx 5.4 12p
11 04 00 +28 02 00 N3512 Gx 1.7 12.4
11 03 48 -23 15 00 N3513 Gx 2.8 12p
11 03 54 -18 49 00 N3514 Gx 13p
11 04 36 +28 14 00 N3515 Gx 1.1 15p
11 06 48 +72 34 00 N3516 Gx 2.3 11.6
11 05 36 +56 31 00 N3517 Gx 1.2 14p
11 04 18 -06 28 00 N3518 Gx
11 04 00 -61 22 00 N3519 -
11 05 30 -17 56 00 N3520 At
11 05 48 -00 02 00 N3521 Gx 9.5 8.9
11 06 36 +20 04 00 N3522 Gx 14p
11 02 48 +75 08 00 N3523 Gx 14p
11 06 30 +11 24 01 N3524 Gx 13p
11 06 24 -19 26 59 N3525 -
11 07 00 +07 10 00 N3526 Gx 13p
11 07 18 +28 32 00 N3527 Gx 15p
11 07 18 -19 28 00 N3528 Gx 3.0
11 07 18 -19 33 00 N3529 Gx 1.5
11 08 42 +57 14 00 N3530 Gx 14p
11 06 54 +07 10 00 N3531
11 06 24 -58 39 59 N3532 OC 55 3.0
11 07 12 -37 10 00 N3533 Gx 2.6
11 08 42 +26 36 00 N3534 Gx 15p
11 08 31 +04 50 00 N3535 Gx 14p
11 08 48 +28 29 00 N3536 Gx 15p
11 08 36 -10 26 00 N3537 Gx 14p
11 11 30 +75 34 00 N3538 -
11 09 06 +28 40 00 N3539 Gx 15p
11 09 18 +36 01 00 N3540 Gx 14p
11 08 48 -10 56 00 N3541 Gx 15p
11 10 00 +36 57 00 N3542 Gx 15p
11 10 48 +61 22 00 N3543 Gx 15p
11 11 30 -18 17 00 N3544 Gx
11 10 12 +36 58 00 N3545 Gx 15p
11 09 48 -13 23 00 N3546 Gx 14p
11 09 54 +10 43 00 N3547 Gx 2.2 12.8
11 10 24 +36 02 00 N3548 -
11 10 54 +53 23 00 N3549 Gx 3.2 12p
11 10 36 +28 46 00 N3550 Gx 1.4 14p
11 09 36 +21 43 00 N3551 Gx 15p
11 10 36 +28 42 00 N3552 Gx 15p
11 10 36 +28 42 00 N3553 Gx 15p
11 10 42 +28 40 00 N3554 Gx 15p
11 09 42 +21 44 00 N3555 Gx 15p
11 11 30 +55 40 00 N3556 Gx 8.3 10.1
11 10 00 -37 32 00 N3557 Gx 4.0 10.4
11 10 54 +28 33 00 N3558 Gx 1.3 15p
11 10 42 +12 01 00 N3559 Gx 1.5 14p
11 10 42 +11 11 00 N3560 S*
11 11 12 +28 43 00 N3561 Gx 1.1 15p
11 12 54 +72 53 00 N3562 Gx 13p
11 11 24 +26 58 00 N3563 Gx 1.4 15p
11 10 36 -37 33 00 N3564 Gx 2.1 12.2
11 09 54 -20 02 00 N3565 -
11 09 54 -20 02 00 N3566 -
11 11 18 +05 50 00 N3567 Gx 14p
11 10 48 -37 27 00 N3568 Gx 2.4
11 12 06 +35 27 00 N3569 Gx 14p
11 12 06 +27 35 00 N3570 Gx 1.3 15p
11 11 30 -18 17 00 N3571 Gx 3.3 13p
11 10 24 -60 14 00 N3572 CN 20 6.6
11 11 18 -36 51 00 N3573 Gx
11 12 12 +27 37 00 N3574 Gx 0.5
11 13 06 +22 40 00 N3575 -
11 11 48 -61 23 00 N3576 Nb 20
11 13 48 +48 16 00 N3577 Gx 1.7 15p
11 12 48 -15 57 00 N3578 -
11 11 54 -61 14 00 N3579 Nb
11 13 18 +03 40 00 N3580 Gx 14p
11 12 06 -61 18 00 N3581 Nb
11 12 18 -61 16 00 N3582 Nb
11 14 12 +48 19 00 N3583 Gx 2.8 12p
11 12 24 -61 12 00 N3584 Nb
11 13 18 -26 45 00 N3585 Gx 2.9 10.0
11 12 36 -61 21 00 N3586 Nb
11 14 48 +55 01 00 N3587 Pl 3.2 11.2
11 14 00 +20 24 00 N3588 Gx 15p
11 15 12 +60 42 00 N3589 Gx 1.7 15p
11 12 54 -60 47 00 N3590 OC 4 8.2
11 14 06 -14 04 00 N3591 Gx 14p
11 14 24 +17 16 00 N3592 Gx 2.0 15p
11 14 36 +12 49 00 N3593 Gx 5.8 11.0
11 16 06 +55 42 00 N3594 Gx 15p
11 15 24 +47 27 00 N3595 Gx 1.7 13p
11 15 06 +14 47 00 N3596 Gx 4.2 12p
11 14 36 -23 43 00 N3597 Gx 13p
11 15 12 +17 16 00 N3598 Gx 13p
11 15 24 +18 07 00 N3599 Gx 2.8 11.9
11 15 48 +41 36 00 N3600 Gx 4.3 12p
11 15 30 +05 07 00 N3601 Gx 14p
11 15 48 +17 25 00 N3602 Gx 15p
11 15 06 -61 15 00 N3603 CN 12 9.1
11 16 18 +04 31 00 N3604 -
11 16 48 +18 01 00 N3605 Gx 1.7 13p
11 16 12 -33 49 00 N3606 Gx
11 16 54 +18 03 00 N3607 Gx 3.7 10.0
11 17 00 +18 09 00 N3608 Gx 3.0 11.0
11 17 48 +26 38 00 N3609 Gx 14p
11 18 24 +58 47 00 N3610 Gx 3.2 10.8
11 17 30 +04 33 01 N3611 Gx 2.4 12.2
11 18 12 +26 38 00 N3612 Gx 15p
11 18 36 +58 00 00 N3613 Gx 3.6 12p
11 18 18 +45 45 00 N3614 Gx 4.6 12p
11 18 00 +23 24 00 N3615 Gx 14p
11 18 12 +14 44 00 N3616 -
11 17 48 -26 07 00 N3617 Gx 13p
11 18 30 +23 29 00 N3618 Gx 14p
11 19 24 +57 46 00 N3619 Gx 3.1 13p
11 16 06 -76 13 00 N3620 Gx 2.8
11 18 18 -32 49 00 N3621 Gx 10.0 10p
11 20 12 +67 15 00 N3622 Gx 13p
11 18 54 +13 05 00 N3623 Gx 10.0 9.3
11 18 48 +07 32 00 N3624 Gx 14p
11 20 30 +57 47 00 N3625 Gx 2.2 14p
11 20 06 +18 21 00 N3626 Gx 3.1 10.9
11 20 12 +12 59 00 N3627 Gx 8.7 9.0
11 20 18 +13 36 00 N3628 Gx 14.8 9.5
11 20 30 +26 58 00 N3629 Gx 2.2 13p
11 20 18 +02 58 00 N3630 Gx 2.3 13p
11 21 00 +53 10 00 N3631 Gx 4.6 10.4
11 20 30 +18 09 00 N3632 -
11 20 24 +03 35 00 N3633 Gx 1.4 14p
11 20 36 -09 01 00 N3634 Gx 15p
11 20 36 -09 01 00 N3635 Gx 16p
11 20 24 -10 17 00 N3636 Gx 1.1 13p
11 20 42 -10 16 00 N3637 Gx 1.7 13p
11 20 18 -08 06 00 N3638 Gx 15p
11 21 30 +18 28 00 N3639 Gx 14p
11 21 06 +03 14 00 N3640 Gx 4.1 10.3
11 21 12 +03 12 00 N3641 Gx 1.1 14p
11 22 18 +59 05 00 N3642 Gx 5.8 11.1
11 21 24 +03 01 00 N3643 Gx 1.1 15p
11 21 30 +02 49 00 N3644 Gx 15p
11 21 36 +02 59 00 N3645 Gx 15p
11 21 42 +20 10 00 N3646 Gx 3.9 11.2
11 21 36 +02 54 00 N3647 Gx 15p
11 22 36 +39 53 00 N3648 Gx 13p
11 22 12 +20 13 00 N3649 Gx 1.6 15p
11 22 36 +20 42 00 N3650 Gx 1.9 15p
11 22 24 +24 18 00 N3651 Gx 14p
11 22 36 +37 46 00 N3652 Gx 2.4 13p
11 22 30 +24 16 00 N3653 Gx 15p
11 24 06 +69 26 00 N3654 Gx 13p
11 22 54 +16 35 00 N3655 Gx 1.6 11.6
11 23 36 +53 51 00 N3656 Gx 1.7 13p
11 23 54 +52 55 00 N3657 Gx 1.8 12p
11 24 00 +38 34 00 N3658 Gx 2.1 13p
11 23 48 +17 49 00 N3659 Gx 2.1 13p
11 23 36 -08 40 00 N3660 Gx 2.8 13p
11 23 42 -13 48 00 N3661 Gx 14p
11 23 48 -01 06 00 N3662 Gx 1.6 14p
11 24 00 -12 17 00 N3663 Gx 13p
11 24 24 +03 20 00 N3664 Gx 2.0 13p
11 24 42 +38 46 00 N3665 Gx 3.2 10.8
11 24 24 +11 21 00 N3666 Gx 4.2 12p
11 24 18 -13 49 00 N3667 Gx 13p
11 25 30 +63 27 00 N3668 Gx 13p
11 25 24 +57 43 00 N3669 Gx 2.3 13p
11 24 42 +23 57 00 N3670 Gx 14p
11 25 48 +60 29 00 N3671 Gx 15p
11 25 00 -09 48 00 N3672 Gx 4.1 11p
11 25 12 -26 44 00 N3673 Gx 3.5 12p
11 26 24 +57 03 00 N3674 Gx 2.0 13p
11 26 06 +43 35 00 N3675 Gx 5.9 11p
11 25 36 -10 37 00 N3676 -
11 26 18 +46 58 00 N3677 Gx 2.0 14p
11 26 12 +27 53 00 N3678 Gx 14p
11 26 12 -05 35 00 N3679 Gx 15p
11 25 42 -43 15 00 N3680 OC 12 7.6
11 26 30 +16 52 00 N3681 Gx 2.5 11.7
11 27 42 +66 35 00 N3682 Gx 2.0 13p
11 27 30 +56 53 00 N3683 Gx 2.0 13p
11 27 12 +17 02 00 N3684 Gx 3.2 11.7
11 26 12 +04 08 00 N3685 -
11 27 42 +17 13 00 N3686 Gx 3.3 11.4
11 28 00 +29 31 00 N3687 Gx 2.0 13p
11 27 48 -09 10 00 N3688 Gx 15p
11 28 12 +25 40 00 N3689 Gx 1.6 12.3
11 28 30 +58 33 00 N3690 Gx 2.4 12p
11 28 12 +16 55 00 N3691 Gx 1.3 14p
11 28 24 +09 24 00 N3692 Gx 3.3 13p
11 28 12 -13 10 00 N3693 Gx 13p
11 28 54 +35 24 00 N3694 Gx 1.0 13p
11 29 12 +35 35 00 N3695 Gx 15p
11 28 48 -11 15 00 N3696 Gx
11 28 42 +20 48 00 N3697 Gx 14p
11 29 00 +35 40 00 N3698 -
11 28 00 -59 57 00 N3699 Pl 1.1
11 29 30 +35 31 00 N3700 Gx 15p
11 29 24 +24 05 00 N3701 Gx 14p
11 30 12 -08 52 00 N3702 Gx 15p
11 29 36 -08 37 00 N3703 -
11 30 00 -11 30 00 N3704 Gx 14p
11 30 06 +09 17 00 N3705 Gx 5.0 11p
11 29 42 -36 25 00 N3706 Gx 2.9 12p
11 30 06 -11 32 00 N3707 -
11 30 42 -03 13 00 N3708 -
11 30 42 -03 15 00 N3709 -
11 31 00 +22 46 00 N3710 Gx 14p
11 29 24 -11 04 00 N3711 Gx 15p
11 31 06 +28 34 00 N3712 Gx 15p
11 31 36 +28 09 00 N3713 Gx 14p
11 31 48 +28 22 00 N3714 Gx 14p
11 31 30 -14 12 00 N3715 Gx 13p
11 31 42 +03 30 00 N3716 Gx 14p
11 31 30 -30 19 00 N3717 Gx 5.8 12p
11 32 36 +53 04 01 N3718 Gx 8.7 10.5
11 32 12 +00 49 00 N3719 Gx 2.0 14p
11 32 24 +00 48 01 N3720 Gx 1.1 13.3
11 34 24 -09 35 00 N3721 Gx 15p
11 34 30 -09 39 00 N3722 Gx 16p
11 32 24 -09 57 59 N3723 Gx 14p
11 34 30 -09 41 00 N3724 Gx 15p
11 33 42 +61 53 00 N3725 Gx 1.4 14p
11 33 18 +47 02 00 N3726 Gx 6.0 10.4
11 33 42 -13 52 00 N3727 Gx
11 33 12 +24 27 00 N3728 Gx 14p
11 33 48 +53 08 00 N3729 Gx 3.1 11.4
11 34 42 -09 37 00 N3730 Gx
11 34 12 +12 32 00 N3731 Gx 14p
11 34 12 -09 51 00 N3732 Gx 1.3 13p
11 35 00 +54 51 00 N3733 Gx 4.8 12p
11 34 42 -14 06 00 N3734 Gx 14p
11 36 00 +70 32 00 N3735 Gx 4.2 12p
11 35 36 +73 28 00 N3736 Gx 15p
11 35 36 +54 57 00 N3737 Gx 1.3 14p
11 35 48 +54 31 00 N3738 Gx 2.6 11.7
11 35 36 +25 04 00 N3739 Gx 15p
11 36 12 +59 59 00 N3740 Gx 15p
11 36 00 +45 18 00 N3741 Gx 14p
11 35 24 -37 56 00 N3742 Gx
11 35 48 +21 44 00 N3743 Gx 15p
11 35 48 +23 00 00 N3744 Gx 15p
11 37 42 +22 01 00 N3745 Gx 0.4
11 37 42 +22 00 00 N3746 Gx 1.3 15p
11 37 30 +74 59 00 N3747 -
11 37 48 +22 02 00 N3748 Gx 0.8
11 35 48 -37 59 00 N3749 Gx
11 37 54 +21 58 00 N3750 Gx 0.9
11 37 54 +21 56 00 N3751 Gx 0.4 15p
11 37 36 +75 17 00 N3752
11 37 54 +21 59 00 N3753 Gx 2.0 15p
11 37 54 +21 59 00 N3754 Gx 0.4
11 36 36 +36 25 00 N3755 Gx 3.2 13p
11 36 48 +54 18 00 N3756 Gx 4.4 11.5
11 37 06 +58 26 00 N3757 Gx 13p
11 36 24 +21 36 00 N3758 Gx 15p
11 36 54 +54 49 00 N3759 Gx 1.5 14p
10 36 54 +21 53 00 N3760
11 36 48 +23 00 00 N3761 Gx 15p
11 37 30 +61 46 00 N3762 Gx 13p
11 36 24 -09 50 00 N3763 Gx 13p
11 36 54 +17 54 00 N3764 Gx 15p
11 37 06 +24 07 00 N3765 Gx 15p
11 36 06 -61 37 00 N3766 OC 12 5.3
11 37 18 +16 53 00 N3767 Gx 14p
11 37 12 +17 51 00 N3768 Gx 13p
11 37 42 +47 54 00 N3769 Gx 3.2 12p
11 38 00 +59 37 00 N3770 Gx 13p
11 38 24 -09 20 00 N3771 Gx
11 37 48 +22 42 00 N3772 Gx 14p
11 38 12 +12 07 00 N3773 Gx 1.6 13p
11 38 36 -08 59 00 N3774 Gx 15p
11 38 18 -10 37 00 N3775 Gx 15p
11 38 18 -03 20 00 N3776 Gx
11 36 06 -12 34 00 N3777 Gx 14p
11 38 24 -50 43 00 N3778 Gx 1.4
11 38 54 -10 37 00 N3779
11 39 24 +56 16 00 N3780 Gx 3.1 12p
11 39 00 +26 22 00 N3781 Gx 15p
11 39 18 +46 31 00 N3782 Gx 1.7 13p
11 39 00 -37 45 00 N3783 Gx 1.9 13p
11 39 24 +26 20 00 N3784 Gx 15p
11 39 30 +26 19 00 N3785 Gx 15p
11 39 42 +31 55 00 N3786 Gx 2.4 13p
11 39 42 +20 29 00 N3787 Gx 14p
11 39 42 +31 56 00 N3788 Gx 2.2 13p
11 38 06 -09 36 00 N3789 Gx 16p
11 39 48 +17 43 00 N3790 Gx 14p
11 39 48 -09 23 00 N3791 Gx 14p
11 39 48 +05 00 00 N3792 -
11 39 24 +31 52 00 N3793 Gx 15p
11 39 36 +55 11 00 N3794 Gx 15p
11 40 06 +58 37 00 N3795 Gx 2.4 14p
11 40 36 +60 18 00 N3796 Gx 13p
11 40 06 +31 54 00 N3797 Gx 0.2 15p
11 40 12 +24 43 00 N3798 Gx 14p
11 40 12 +15 20 00 N3799 Gx 0.9 14p
11 40 12 +15 21 00 N3800 Gx 2.1 13p
11 40 18 +17 44 00 N3801 Gx 3.2 12.1
11 40 18 +17 46 00 N3802 Gx 1.4 13.6
11 40 18 +17 49 00 N3803 Gx
11 40 54 +56 12 00 N3804 Gx 2.4 13p
11 40 48 +20 22 00 N3805 Gx 14p
11 40 48 +17 48 00 N3806 Gx 14p
11 40 48 +17 47 00 N3807 Gx 1.5 15p
11 40 42 +22 27 00 N3808 Gx 0.7 11.9
11 41 18 +59 54 00 N3809 Gx 13p
11 41 00 +11 28 00 N3810 Gx 4.3 10.8
11 41 18 +47 42 00 N3811 Gx 2.4 13p
11 41 06 +24 51 00 N3812 Gx 14p
11 41 18 +36 33 00 N3813 Gx 2.3 11.7
11 41 30 +24 49 00 N3814 Gx 15p
11 41 42 +24 49 00 N3815 Gx 14p
11 41 48 +20 07 00 N3816 Gx 13p
11 41 54 +10 19 00 N3817 Gx 14p
11 42 00 -06 09 00 N3818 Gx 2.1 11.8
11 42 06 +10 22 00 N3819 Gx 15p
11 42 06 +10 24 00 N3820 Gx 15p
11 42 12 +20 20 00 N3821 Gx 14p
11 42 12 +10 17 00 N3822 Gx 13p
11 42 12 -13 51 00 N3823 Gx 14p
11 42 48 +52 47 00 N3824 Gx 1.6 15p
11 42 24 +10 17 00 N3825 Gx 14p
11 42 24 +26 30 00 N3826 Gx 14p
11 42 36 +18 51 00 N3827 Gx 13p
11 42 54 +16 30 00 N3828 Gx 15p
11 43 30 +52 43 00 N3829 Gx 1.2 15p
11 43 12 +26 35 00 N3830 Gx 14p
11 43 12 -12 52 00 N3831 Gx 14p
11 43 30 +22 44 00 N3832 Gx 14p
11 43 30 +10 10 00 N3833 Gx 14p
11 43 36 +19 05 00 N3834 Gx 1.9
11 44 06 +60 07 00 N3835 Gx 2.0 13p
11 43 30 -16 48 00 N3836 Gx 13p
11 43 54 +19 54 00 N3837 Gx 14p
11 44 12 +57 57 00 N3838 Gx 1.7 13p
11 43 54 +10 48 00 N3839 Gx 13p
11 43 54 +20 05 00 N3840 Gx 14p
11 44 00 +19 59 00 N3841 Gx 15p
11 44 00 +19 57 00 N3842 Gx 1.2 13p
11 43 54 +07 56 00 N3843 Gx 14p
11 44 00 +20 02 00 N3844 Gx 15p
11 44 06 +20 00 00 N3845 Gx 15p
11 44 30 +55 40 00 N3846 Gx 1.2 15p
11 44 12 +33 21 00 N3847
11 43 42 +10 16 00 N3848 Gx 15p
11 44 12 +03 10 00 N3849 -
11 45 36 +55 53 00 N3850 Gx 2.3 14p
11 44 18 +19 59 00 N3851 Gx 15p
11 44 24 +10 18 00 N3852 -
11 44 24 +16 34 00 N3853 Gx 13p
11 44 30 -09 22 00 N3854 -
11 44 18 +33 20 00 N3855
11 44 24 +33 20 00 N3856
11 44 48 +19 33 00 N3857 Gx 15p
11 44 54 -09 16 00 N3858 Gx 1.9 13p
11 44 54 +19 28 00 N3859 Gx 15p
11 44 36 +19 49 00 N3860 Gx 14p
11 44 48 +20 00 00 N3861 Gx 14p
11 45 06 +19 36 00 N3862 Gx 1.6 12.6
11 45 06 +08 29 00 N3863 Gx 14p
11 45 12 +19 24 00 N3864 Gx 15p
11 44 54 -09 14 00 N3865 Gx 2.3 13p
11 45 18 -09 20 00 N3866 Gx 14p
11 45 24 +19 24 00 N3867 Gx 14p
11 45 24 +19 27 00 N3868 Gx 15p
11 45 48 +10 50 00 N3869 Gx 13p
11 45 54 +50 12 00 N3870 Gx 1.3 13p
11 46 12 +33 05 00 N3871 Gx 15p
11 45 48 +13 46 00 N3872 Gx 2.2 11.7
11 45 42 +19 47 00 N3873 Gx 14p
11 45 48 +08 33 00 N3874 D*
11 45 48 +19 46 00 N3875 Gx 15p
11 45 24 +09 11 00 N3876 Gx 13p
11 46 06 +47 30 00 N3877 Gx 5.4 12p
11 46 12 +33 12 00 N3878 Gx 15p
11 46 54 +69 24 00 N3879 Gx 13p
11 46 18 +33 10 00 N3880 Gx 15p
11 46 30 +33 07 00 N3881 Gx 15p
11 46 06 -56 22 00 N3882 Gx
11 46 48 +20 42 00 N3883 Gx 14p
11 46 12 +20 25 00 N3884 Gx 14p
11 46 48 -27 55 00 N3885 Gx 1.7 13p
11 47 06 +19 51 00 N3886 Gx 14p
11 47 06 -16 51 00 N3887 Gx 3.3 11.0
11 47 36 +55 58 00 N3888 Gx 1.8 13p
11 47 54 +56 02 00 N3889 Gx 16p
11 49 24 +74 20 00 N3890 Gx 14p
11 48 00 +30 23 00 N3891 Gx 13p
11 48 00 -10 58 00 N3892 Gx 2.8 12p
11 48 36 +48 43 00 N3893 Gx 4.4 11p
11 48 48 +59 25 00 N3894 Gx 2.4 13p
11 49 06 +59 26 00 N3895 Gx 1.4 14p
11 48 54 +48 41 00 N3896 Gx 1.7 14p
11 49 00 +35 01 00 N3897 Gx 2.1 14p
11 49 12 +56 05 00 N3898 Gx 4.4 10.8
11 49 12 +26 28 00 N3899 -
11 49 12 +27 01 00 N3900 Gx 3.5 11.4
11 43 00 +77 24 00 N3901 Gx 14p
11 49 18 +26 07 00 N3902 Gx 1.8 14p
11 49 06 -37 30 00 N3903 Gx
11 49 12 -29 17 00 N3904 Gx 2.2 11.0
11 49 06 -09 44 00 N3905 Gx 1.8
11 49 42 +48 26 00 N3906 Gx 1.9 14p
11 49 30 -01 04 00 N3907 Gx 14p
11 49 54 +12 11 00 N3908 Gx
11 49 36 -48 15 00 N3909 OC
11 50 00 +21 22 00 N3910 Gx 14p
11 49 24 +24 57 00 N3911 Gx 15p
11 50 06 +26 29 00 N3912 Gx 1.7 13p
11 50 36 +55 21 00 N3913 Gx 2.6 13p
11 50 36 +06 35 00 N3914 Gx 14p
11 50 36 -05 08 00 N3915 -
11 50 48 +55 09 00 N3916 Gx 1.8 15p
11 50 48 +51 50 00 N3917 Gx 4.9 12p
11 50 18 -57 11 00 N3918 Pl 0.2 8p
11 50 36 +20 01 00 N3919 Gx 14p
11 50 06 +24 57 00 N3920 Gx 14p
11 51 06 +55 05 00 N3921 Gx 2.2 13p
11 51 12 +50 11 00 N3922 Gx 14p
11 51 00 -28 48 00 N3923 Gx 2.9 10.1
11 52 36 +50 01 00 N3924 Gx 1.9 15p
11 51 18 +21 55 00 N3925 Gx 15p
11 51 30 +22 03 00 N3926 Gx 14p
11 51 36 +28 09 00 N3927 -
11 51 48 +48 41 00 N3928 Gx 1.8 13p
11 51 42 +21 01 00 N3929 Gx 14p
11 51 48 +38 01 00 N3930 Gx 3.8 12p
11 51 12 +52 00 00 N3931 Gx 1.4 15p
11 52 30 +48 28 00 N3932 Gx 15p
11 52 00 +16 49 00 N3933 Gx 14p
11 52 12 +16 52 00 N3934 Gx 15p
11 52 24 +32 25 00 N3935 Gx 14p
11 52 18 -26 54 00 N3936 Gx 4.0 13p
11 52 42 +20 39 00 N3937 Gx 14p
11 52 48 +44 07 00 N3938 Gx 5.4 10.4
11 53 12 +75 07 00 N3939 -
11 52 42 +21 01 00 N3940 Gx 14p
11 52 54 +36 59 00 N3941 Gx 3.8 11p
11 51 24 -11 24 00 N3942 Gx 14p
11 52 54 +20 30 00 N3943 Gx 14p
11 53 06 +26 14 00 N3944 Gx 14p
11 53 12 +60 41 00 N3945 Gx 5.5 10.6
11 53 24 +21 03 00 N3946 Gx 15p
11 53 24 +20 45 00 N3947 Gx 1.6 14p
11 53 24 +20 59 00 N3948 Gx 0.5 15p
11 53 42 +47 52 00 N3949 Gx 3.0 11.0
11 53 42 +47 56 00 N3950 Gx 15p
11 53 42 +23 24 00 N3951 Gx 14p
11 53 42 -04 00 00 N3952 Gx 1.5 13p
11 53 48 +52 20 00 N3953 Gx 6.6 10.1
11 53 42 +20 54 00 N3954 Gx 14p
11 54 00 -23 10 00 N3955 Gx 3.2 11.9
11 54 00 -20 34 00 N3956 Gx 3.5 13p
11 54 00 -19 34 00 N3957 Gx 3.5 13p
11 54 36 +58 22 00 N3958 Gx 1.6 13p
11 54 36 -07 44 00 N3959 Gx 14p
11 50 54 -55 42 00 N3960 OC 7 8.3
11 55 00 +69 20 00 N3961 Gx 14p
11 54 42 -13 58 00 N3962 Gx 2.9 10.6
11 55 00 +58 30 00 N3963 Gx 2.8 12p
11 54 48 +28 16 00 N3964 Gx 15p
11 55 06 -10 52 00 N3965 -
11 55 42 +32 12 00 N3966 Gx 14p
11 55 12 -07 50 00 N3967 Gx 15p
11 55 30 +11 58 00 N3968 Gx 3.0 13p
11 55 06 -18 56 00 N3969 Gx 14p
11 55 18 -12 02 00 N3970 Gx 14p
11 55 36 +30 00 00 N3971 Gx 14p
11 55 48 +55 19 00 N3972 Gx 4.0 13p
11 55 36 +12 01 00 N3973 Gx 15p
11 55 42 -12 00 00 N3974 Gx 14p
11 55 54 +60 32 00 N3975 Gx 0.8 15p
11 56 00 +06 45 00 N3976 Gx 3.9 12p
11 56 06 +55 24 00 N3977 Gx 1.7 13p
11 56 12 +60 31 00 N3978 Gx 1.8 15p
11 56 06 -02 42 00 N3979 Gx 14p
11 56 06 +55 23 00 N3980 Gx 1.8 15p
11 56 06 -19 54 00 N3981 Gx 3.9 12p
11 56 30 +55 08 00 N3982 Gx 2.5 12p
11 56 24 +23 53 00 N3983 Gx 15p
11 57 48 +29 03 00 N3984 Gx 15p
11 56 42 +48 20 00 N3985 Gx 1.2 13p
11 56 42 +32 01 00 N3986 Gx 3.1 14p
11 57 18 +25 12 00 N3987 Gx 2.5 14p
11 57 24 +27 53 00 N3988 Gx 14p
11 57 24 +25 14 00 N3989 Gx 15p
11 57 36 +55 28 00 N3990 Gx 1.7 12.6
11 57 30 +32 20 00 N3991 Gx 1.4 13.2
11 57 36 +53 23 00 N3992 Gx 7.6 9.8
11 57 36 +25 15 00 N3993 Gx 1.9 15p
11 57 36 +32 17 00 N3994 Gx 1.1 12.7
11 57 42 +32 18 00 N3995 Gx 2.8 12.6
11 57 48 +14 19 00 N3996 Gx 14p
11 57 48 +25 16 00 N3997 Gx 1.8 14p
11 57 54 +55 27 00 N3998 Gx 3.1 10.6
11 58 24 +25 09 00 N3999 Gx 15p
