11 58 00 +25 09 00 N4000 Gx 15p
11 58 06 +47 20 00 N4001 Gx 15p
11 58 00 +23 13 00 N4002 Gx 14p
11 58 00 +23 08 00 N4003 Gx 15p
11 58 06 +27 53 00 N4004 Gx 2.2 14p
11 58 12 +25 08 00 N4005 Gx 14p
11 58 12 -02 05 00 N4006 Gx 14p
11 58 12 +25 08 00 N4007
11 58 18 +28 12 00 N4008 Gx 2.5 12.0
11 58 24 +25 13 00 N4009 Gx
11 58 36 +47 16 00 N4010 Gx 4.2 13p
11 58 24 +25 07 00 N4011 Gx 15p
11 58 30 +10 02 00 N4012 Gx 14p
11 58 30 +43 57 00 N4013 Gx 5.2 12p
11 58 36 +16 11 00 N4014 Gx 13p
11 58 42 +25 03 00 N4015 Gx 14p
11 58 24 +27 31 00 N4016 Gx 1.5 15p
11 58 42 +27 26 00 N4017 Gx 1.8 13p
11 58 42 +25 20 00 N4018 Gx 14p
11 58 54 +14 13 00 N4019 -
11 58 54 +30 25 00 N4020 Gx 2.1 13p
11 59 00 +25 06 00 N4021 Gx 15p
11 59 00 +25 14 00 N4022 Gx 14p
11 59 06 +25 00 00 N4023 Gx 14p
11 58 30 -18 21 00 N4024 Gx 2.3 13p
11 59 12 +37 48 00 N4025 Gx 3.3 15p
11 59 24 +50 58 00 N4026 Gx 5.1 12p
11 59 30 -19 16 00 N4027 Gx 3.0 11.1
11 59 54 +16 14 00 N4028 -
12 00 06 +08 12 00 N4029 Gx 14p
12 00 24 -01 06 00 N4030 Gx 4.3 12p
12 00 30 +31 57 00 N4031 Gx 14p
12 00 36 +20 04 00 N4032 Gx 2.1 13p
12 00 36 -17 51 00 N4033 Gx 2.5 13p
12 01 30 +69 19 00 N4034 Gx
12 00 30 -15 57 00 N4035 Gx 1.4
12 01 24 +61 54 00 N4036 Gx 4.5 10.6
12 01 24 +13 24 00 N4037 Gx 2.7 13p
12 01 54 -18 52 00 N4038 Gx 2.6 10.7
12 01 54 -18 53 00 N4039 Gx 3.2 13p
12 02 12 +17 50 00 N4040 Gx 15p
12 02 12 +62 08 00 N4041 Gx 2.8 11.1
12 02 24 +20 09 00 N4042 -
12 02 24 +04 21 00 N4043 Gx 14p
12 02 30 -00 11 00 N4044 Gx 14p
12 02 42 +01 59 00 N4045 Gx 2.8 11.8
12 02 48 +01 45 00 N4046 -
12 02 54 +48 38 00 N4047 Gx 1.5 13p
12 02 54 +18 01 00 N4048 Gx 14p
12 03 00 +18 46 00 N4049 Gx 14p
12 02 54 -16 22 00 N4050 Gx 3.1 12p
12 03 12 +44 32 00 N4051 Gx 5.0 10.3
12 01 54 -63 12 00 N4052 OC 8 9p
12 03 12 +19 44 00 N4053 Gx 14p
12 03 12 +57 54 00 N4054 Gx 15p
12 03 42 +21 04 00 N4055 -
12 04 00 +20 19 00 N4056 Gx
12 05 18 +20 19 00 N4057 Gx
12 03 48 +03 34 00 N4058 Gx 14p
12 03 54 +21 19 00 N4059 -
12 04 06 +20 21 00 N4060 Gx 15p
12 04 06 +20 13 00 N4061 Gx 1.5 14p
12 04 06 +31 54 00 N4062 Gx 4.3 11.2
12 04 06 +01 52 00 N4063 Gx 15p
12 04 12 +18 27 00 N4064 Gx 4.5 11.5
12 04 12 +20 13 00 N4065 Gx 1.5 14p
12 04 12 +20 22 00 N4066 Gx 14p
12 04 12 +10 51 00 N4067 Gx 1.5 13p
12 04 00 +52 35 00 N4068 Gx 3.2 13p
12 04 12 +20 20 00 N4069 Gx
12 04 12 +20 26 00 N4070 Gx 14p
12 04 12 -67 18 00 N4071 Pl 1.3
12 04 18 +20 13 00 N4072 Gx 15p
12 04 30 +01 54 00 N4073 Gx 2.5 13p
12 04 36 +20 20 00 N4074 Gx 15p
12 04 42 +02 05 00 N4075 Gx 14p
12 04 36 +20 12 00 N4076 Gx 14p
12 04 42 +01 48 00 N4077 Gx 14p
12 04 48 +10 36 00 N4078 Gx 14p
12 04 48 -02 23 00 N4079 Gx 2.4 14p
12 05 00 +27 00 00 N4080 Gx 14p
12 04 36 +64 26 00 N4081 Gx 1.8 14p
12 05 18 +10 41 00 N4082 Gx 15p
12 05 18 +10 37 00 N4083 Gx 15p
12 05 18 +21 14 00 N4084 Gx 15p
12 05 24 +50 21 00 N4085 Gx 2.8 12.3
12 05 30 +20 15 00 N4086 Gx 15p
12 05 36 -26 33 00 N4087 Gx 13p
12 05 36 +50 33 00 N4088 Gx 5.8 10.5
12 05 36 +20 34 00 N4089 Gx 15p
12 05 30 +20 19 00 N4090 Gx 15p
12 05 42 +20 34 00 N4091 Gx 15p
12 05 54 +20 30 00 N4092 Gx 14p
12 05 54 +20 33 00 N4093 Gx 15p
12 05 54 -14 32 00 N4094 Gx 4.2 12p
12 06 00 +20 35 00 N4095 Gx 14p
12 06 00 +47 29 00 N4096 Gx 6.5 10.6
12 06 06 +36 52 00 N4097 Gx 14p
12 06 06 +20 37 00 N4098 Gx 14p
12 06 06 +20 39 00 N4099 -
12 06 12 +49 35 00 N4100 Gx 5.2 12p
12 06 12 +25 34 00 N4101 Gx 14p
12 06 24 +52 43 00 N4102 Gx 3.2 12p
12 06 42 -61 15 00 N4103 OC 7 7p
12 06 36 +28 10 00 N4104 Gx 3.0 14p
12 06 42 -29 46 00 N4105 Gx 2.4 12p
12 06 48 -29 46 00 N4106 Gx 1.9 11.4
12 06 42 +10 36 00 N4107
12 06 48 +67 10 00 N4108 Gx 1.9 13p
12 06 54 +43 00 00 N4109 Gx 0.8 15p
12 07 06 +18 32 00 N4110 Gx 14p
12 07 06 +43 04 00 N4111 Gx 4.8 10.8
12 07 06 -40 11 00 N4112 Gx
12 07 12 +34 00 00 N4113 -
12 07 12 -14 11 00 N4114 Gx 2.3 13p
12 07 12 +14 25 00 N4115 -
12 07 36 +02 42 00 N4116 Gx 3.8 11.9
12 07 48 +43 08 00 N4117 Gx 2.8 14p
12 07 54 +43 07 00 N4118 Gx 0.9 16p
12 07 54 +09 33 00 N4119 -
12 08 30 +69 33 00 N4120 Gx 1.9 14p
12 07 54 +65 07 00 N4121 Gx 0.6 14p
12 07 12 +33 00 00 N4122 Gx 15p
12 08 12 +02 53 00 N4123 Gx 4.5 11.2
12 08 12 +10 23 00 N4124 Gx 4.6 12p
12 08 06 +65 11 00 N4125 Gx 5.1 9.8
12 08 42 +16 09 00 N4126 Gx 14p
12 08 24 +76 48 00 N4127 Gx 2.3 13p
12 08 30 +68 46 00 N4128 Gx 2.8 13p
12 08 54 -09 02 00 N4129 Gx 2.6 12.6
12 08 54 -04 00 00 N4130 -
12 08 42 +29 18 00 N4131 Gx 1.6 14p
12 09 00 +29 14 00 N4132 Gx 1.1 15p
12 08 36 +74 56 00 N4133 Gx 13p
12 09 12 +29 11 00 N4134 Gx 14p
12 09 12 +44 00 00 N4135 Gx 1.0 15p
12 09 18 +29 56 00 N4136 Gx 4.1 12p
12 09 18 +44 06 00 N4137 Gx 1.2 15p
12 09 30 +43 41 00 N4138 Gx 2.9 12p
12 09 36 +01 49 00 N4139 -
12 09 42 +01 48 00 N4140 -
12 09 42 +58 51 00 N4141 Gx 14p
12 09 30 +53 06 00 N4142 Gx 2.3 14p
12 09 36 +42 32 00 N4143 Gx 2.9 12p
12 10 00 +46 27 00 N4144 Gx 5.9 12p
12 10 00 +39 53 00 N4145 Gx 5.8 11.0
12 10 18 +26 26 00 N4146 Gx 1.6 14p
12 10 06 +18 33 00 N4147 Gb 4.0 10.3
12 10 06 +35 52 00 N4148 Gx 1.8 15p
12 10 24 +58 19 00 N4149 Gx 14p
12 10 36 +30 24 00 N4150 Gx 2.5 11.7
12 10 30 +39 24 00 N4151 Gx 5.9 10.4
12 10 36 +16 02 00 N4152 Gx 2.3 12.0
12 10 48 +18 22 00 N4153 -
12 10 42 +58 21 00 N4154 S*
12 10 48 +19 03 00 N4155 Gx 14p
12 10 48 +39 28 00 N4156 Gx 1.5 13.0
12 11 06 +50 29 00 N4157 Gx 6.9 12p
12 11 12 +20 11 00 N4158 Gx 2.0 13p
12 10 42 +76 09 00 N4159 Gx 14p
12 11 36 +43 45 00 N4160 -
12 11 24 +57 44 00 N4161 Gx 13p
12 11 54 +24 07 00 N4162 Gx 2.5 11.5
12 12 12 +36 10 00 N4163 Gx 1.9 13p
12 12 06 +13 12 00 N4164 Gx 15p
12 12 12 +13 15 00 N4165 Gx 1.5 13.6
12 12 12 +17 46 00 N4166 Gx 14p
12 12 12 +36 31 00 N4167 -
12 12 18 +13 12 00 N4168 Gx 2.8 11.3
12 12 12 +29 10 00 N4169 Gx 2.1 13p
12 12 18 +29 12 00 N4170 Gx 13p
12 12 18 +29 12 00 N4171 Gx 5.1 14p
12 12 12 +56 11 00 N4172 Gx 14p
12 12 18 +29 11 00 N4173 Gx 4.8 13p
12 12 24 +29 08 00 N4174 Gx 0.8 14p
12 12 30 +29 09 00 N4175 Gx 2.0 14p
12 12 42 -09 08 00 N4176 Gx
12 12 48 -14 00 00 N4177 Gx 13p
12 12 48 +10 52 00 N4178 Gx 5.0 11.4
12 12 54 +01 18 00 N4179 Gx 4.2 10.9
12 13 06 +07 02 00 N4180 Gx 1.8 13p
12 13 24 +50 46 00 N4181 Gx 14p
12 13 24 +04 03 00 N4182 -
12 13 18 +43 42 00 N4183 Gx 5.0 13p
12 13 36 -62 42 00 N4184 -
12 13 24 +28 31 00 N4185 Gx 13p
12 14 06 +14 44 00 N4186 Gx 1.4 14p
12 13 24 +50 44 00 N4187 Gx 14p
12 14 12 -12 33 00 N4188 Gx 14p
12 13 48 +13 26 00 N4189 Gx 2.5 11.7
12 13 42 +36 38 00 N4190 Gx 1.7 13p
12 13 54 +07 12 00 N4191 Gx 14p
12 13 48 +14 54 00 N4192 Gx 9.5 10.1
12 13 54 +13 10 00 N4193 Gx 2.3 12.4
12 14 12 +54 32 00 N4194 Gx 2.5 12.4
12 14 12 +59 37 00 N4195 Gx 15p
12 14 24 +28 25 00 N4196 Gx 1.6 14p
12 14 36 +05 48 00 N4197 Gx 3.5 13p
12 14 18 +56 01 00 N4198 Gx 14p
12 14 48 +59 54 00 N4199 Gx 15p
12 14 48 +12 11 00 N4200 Gx 14p
12 14 42 -11 34 00 N4201 Gx 14p
12 18 12 -01 04 00 N4202 Gx 14p
12 15 06 +33 12 00 N4203 Gx 3.6 10.7
12 15 12 +20 39 00 N4204 Gx 4.2 13p
12 14 54 +63 48 00 N4205 Gx 14p
12 15 18 +13 02 00 N4206 Gx 5.2 12.1
12 15 30 +09 35 00 N4207 Gx 1.8 13p
12 15 24 +13 54 00 N4208
12 15 30 +28 31 00 N4209 -
12 15 18 +65 59 00 N4210 Gx 2.2 13p
12 15 36 +28 11 00 N4211 Gx 1.4 14p
12 15 42 +13 54 00 N4212 Gx 3.0 11.2
12 15 42 +23 59 00 N4213 Gx 14p
12 15 36 +36 20 00 N4214 Gx 7.9 9.7
12 15 54 +06 24 00 N4215 Gx 1.9 13p
12 15 54 +13 09 00 N4216 Gx 8.3 10.0
12 15 48 +47 06 00 N4217 Gx 5.5 12p
12 15 48 +48 08 00 N4218 Gx 1.2 13p
12 16 24 -43 20 00 N4219 Gx 4.5 12p
12 16 12 +47 53 00 N4220 Gx 4.1 12p
12 16 00 +66 14 00 N4221 Gx 2.3 14p
12 16 24 +13 19 00 N4222 Gx 3.3 14p
12 16 30 +06 42 00 N4223 -
12 16 36 +07 28 00 N4224 Gx 2.4 11.8
12 16 42 -12 18 00 N4225 Gx 14p
12 16 24 +47 02 00 N4226 Gx 1.3 14p
12 16 30 +33 31 00 N4227 Gx 1.8 14p
12 16 36 +36 20 00 N4228 -
12 16 42 +33 34 00 N4229 Gx 14p
12 17 18 -55 08 00 N4230 OC 6 9p
12 16 48 +47 27 00 N4231 Gx 1.4 15p
12 16 48 +47 26 00 N4232 Gx 1.5 15p
12 17 06 +07 37 00 N4233 Gx 2.3 11.9
12 17 12 +03 41 00 N4234 Gx 1.3 12.9
12 17 12 +07 11 00 N4235 Gx 4.3 11.6
12 16 42 +69 28 00 N4236 Gx 18.6 9.7
12 17 12 +15 19 00 N4237 Gx 2.3 11.7
12 16 54 +63 25 00 N4238 Gx 1.9 14p
12 17 18 +16 32 00 N4239 Gx 13p
12 17 24 -09 56 00 N4240 Gx 14p
12 17 24 +06 41 00 N4241 Gx 2.5 12.0
12 17 30 +45 37 00 N4242 Gx 4.8 11.0
12 17 36 -11 19 00 N4243 -
12 17 30 +37 49 00 N4244 Gx 16.2 10.2
12 17 36 +29 36 00 N4245 Gx 3.3 11.4
12 18 00 +07 11 00 N4246 Gx 2.5 12.7
12 18 00 +07 16 00 N4247 Gx 0.7 15p
12 17 48 +47 25 00 N4248 Gx 3.0 12.6
12 18 00 +05 36 00 N4249 Gx 15p
12 17 24 +70 48 00 N4250 Gx 2.7 13p
12 18 06 +28 10 00 N4251 Gx 4.2 12p
12 18 30 +05 34 00 N4252 Gx 1.5 15p
12 18 24 +29 49 00 N4253 Gx 1.1 14p
12 18 48 +14 25 00 N4254 Gx 5.4 9.8
12 19 00 +04 48 00 N4255 Gx 13p
12 18 42 +65 54 00 N4256 Gx 4.6 12p
12 19 06 +05 44 00 N4257 Gx 1.2 15p
12 19 00 +47 18 00 N4258 Gx 18.2 8.3
12 19 24 +05 23 00 N4259 Gx 1.1 13.6
12 19 24 +06 06 00 N4260 Gx 2.6 11.8
12 19 24 +05 49 00 N4261 Gx 3.9 10.3
12 19 30 +14 53 00 N4262 Gx 2.2 11.5
12 19 41 -12 15 00 N4263 Gx 14p
12 19 36 +05 51 00 N4264 Gx 1.1 12.9
12 19 41 -12 15 00 N4265 Gx 14p
12 19 42 +05 32 00 N4266 Gx 2.1 15p
12 19 48 +12 48 00 N4267 Gx 3.5 10.9
12 19 48 +05 17 00 N4268 Gx 1.6 12.7
12 19 48 +06 01 00 N4269 Gx 1.5 14p
12 19 48 +05 28 00 N4270 Gx 2.2 12.2
12 19 37 +56 45 00 N4271 Gx 13p
12 19 48 +30 20 00 N4272 Gx 14p
12 19 54 +05 21 00 N4273 Gx 2.3 11.9
12 19 48 +29 37 00 N4274 Gx 6.9 10.4
12 19 54 +27 37 00 N4275 Gx 1.0 13p
12 20 12 +07 42 00 N4276 Gx 14p
12 20 06 +05 21 00 N4277 Gx 0.9 13.5
12 20 06 +29 17 00 N4278 Gx 3.6 10.2
12 20 24 -11 40 00 N4279 Gx 14p
12 20 24 -11 41 00 N4280 -
12 20 24 +05 23 00 N4281 Gx 3.1 11.3
12 20 24 +05 35 00 N4282 Gx 14p
12 20 18 +29 19 00 N4283 Gx 1.4 12.0
12 20 12 +58 06 00 N4284 Gx 14p
12 20 41 -11 39 00 N4285 Gx 14p
12 20 42 +29 21 00 N4286 Gx 1.9 15p
12 20 48 +05 39 00 N4287 Gx 15p
12 20 36 +46 17 00 N4288 Gx 2.3 13p
12 21 00 +03 43 00 N4289 Gx 3.9 14p
12 20 48 +58 06 00 N4290 Gx 2.5 12p
12 20 18 +75 22 00 N4291 Gx 2.2 12p
12 21 18 +04 36 00 N4292 Gx 2.1 14p
12 21 12 +18 23 00 N4293 Gx 6.0 11p
12 21 18 +11 31 00 N4294 Gx 3.1 12.1
12 21 12 +28 09 00 N4295 Gx
12 21 30 +06 40 00 N4296 Gx 14p
12 21 30 +06 40 00 N4297 Gx 14p
12 21 30 +14 36 00 N4298 Gx 3.2 11.4
12 21 42 +11 30 00 N4299 Gx 1.7 12.5
12 21 42 +05 23 00 N4300 Gx 14p
12 21 36 +04 47 00 N4301 Gx 1.4 15p
12 21 42 +14 36 00 N4302 Gx 5.2 11.6
12 21 54 +04 28 00 N4303 Gx 6.0 9.7
12 22 12 -33 29 00 N4304 Gx 2.4 12.0
12 22 06 +12 44 00 N4305 Gx 2.2 12.6
12 22 06 +12 47 00 N4306 Gx 1.6 14p
12 22 06 +09 02 00 N4307 Gx 3.7 13p
12 21 54 +30 03 00 N4308 Gx 1.0 14p
12 22 12 +07 09 00 N4309 Gx 2.0 14p
12 22 24 +29 12 00 N4310 Gx 2.6 13p
12 22 24 +29 12 00 N4311 Gx 2.3 13p
12 22 30 +15 32 00 N4312 Gx 4.7 11.8
12 22 36 +11 48 00 N4313 Gx 3.9 13p
12 22 36 +29 53 00 N4314 Gx 4.8 10.5
12 22 42 +09 19 00 N4315 -
12 22 48 +09 21 00 N4316 Gx 14p
12 22 36 +31 03 00 N4317 S*
12 22 42 +08 12 00 N4318 Gx 0.9 14p
12 21 42 +75 19 00 N4319 Gx 3.1 12p
12 23 06 +10 33 00 N4320 Gx 15p
12 22 54 +15 49 00 N4321 Gx 6.9 9.4
12 23 00 +15 54 00 N4322 Gx 1.3 13.9
12 22 54 +15 54 00 N4323 -
12 23 06 +05 15 00 N4324 Gx 2.5 13p
12 23 12 +10 38 00 N4325 Gx 15p
12 23 12 +06 04 00 N4326 Gx 1.7 14p
12 23 12 +15 47 00 N4327 -
12 23 18 +15 48 00 N4328 Gx 1.5 13.5
12 23 24 -12 34 00 N4329 Gx 1.2 14p
12 23 18 +11 23 00 N4330 Gx 14p
12 22 24 +76 11 00 N4331 Gx 2.0 15p
12 22 48 +65 51 00 N4332 Gx 2.3 13p
12 23 24 +06 02 00 N4333 Gx 1.1 14p
12 23 24 +07 28 00 N4334 Gx 2.4 14p
12 23 00 +58 27 00 N4335 Gx 2.2 14p
12 23 36 +19 27 00 N4336 Gx 13p
12 23 53 -58 08 00 N4337 OC 4 8.9
12 23 06 +28 55 00 N4338 Gx 15p
12 23 36 +06 05 00 N4339 Gx 2.3 11.4
12 23 36 +16 43 00 N4340 Gx 4.1 11.0
12 24 00 +07 07 00 N4341 Gx 14p
12 23 36 +07 03 00 N4342 Gx 1.1 14p
12 23 42 +06 57 00 N4343 Gx 2.8 12.1
12 23 36 +17 32 00 N4344 Gx 1.9 13p
12 22 42 +75 20 00 N4345 S*
12 23 30 +47 00 00 N4346 Gx 3.5 12p
12 23 54 -03 14 00 N4347 -
12 23 54 -03 27 00 N4348 Gx 3.5 13p
12 24 30 -61 54 00 N4349 OC 16 7.4
12 24 00 +16 42 00 N4350 Gx 3.2 11.1
12 24 00 +12 12 00 N4351 Gx 2.0 12.7
12 24 06 +11 13 00 N4352 Gx 1.9 12.7
12 24 00 +07 47 00 N4353 Gx 1.3 14p
12 24 06 +12 12 00 N4354 -
12 24 12 -01 00 00 N4355 -
12 24 18 +08 33 00 N4356 Gx 14p
12 24 00 +48 46 00 N4357 Gx 3.8 14p
12 24 00 +58 24 00 N4358 Gx 14p
12 24 12 +31 31 00 N4359 Gx 3.5 13p
12 24 18 +09 17 00 N4360 Gx 1.7 13p
12 24 30 -18 48 00 N4361 Pl 1.8 10p
12 24 12 +58 22 00 N4362 Gx 15p
12 23 30 +74 57 00 N4363 Gx 1.5 15p
12 24 00 +58 24 00 N4364 Gx 14p
12 24 30 +07 19 00 N4365 Gx 6.2 11p
12 25 00 +07 27 00 N4366 ?
12 24 36 +12 11 00 N4367 -
12 24 42 +10 36 00 N4368 -
12 24 36 +39 23 00 N4369 Gx 2.5 12p
12 24 54 +07 27 00 N4370 Gx 1.6 14p
12 24 54 +11 42 00 N4371 Gx 3.9 10.8
12 25 48 -72 40 00 N4372 Gb 18.6 7.8
12 25 18 -39 45 00 N4373 Gx 3.2 11.1
12 25 06 +12 53 00 N4374 Gx 5.0 9.3
12 25 00 +28 33 00 N4375 Gx 1.6 14p
12 25 18 +04 56 00 N4376 Gx 14p
12 25 12 +14 46 00 N4377 Gx 1.8 11.8
12 25 18 +04 55 00 N4378 Gx 3.3 12p
12 25 12 +15 36 00 N4379 Gx 2.1 11.7
12 25 24 +10 01 00 N4380 Gx 3.7 12p
12 25 06 +48 50 00 N4381 -
12 25 24 +18 11 00 N4382 Gx 7.1 9.2
12 25 24 +16 28 00 N4383 Gx 2.2 13p
12 25 12 +54 30 00 N4384 Gx 1.5 13p
12 25 42 +00 34 00 N4385 Gx 2.3 12.4
12 24 30 +75 32 00 N4386 Gx 3.0 12p
12 25 42 +12 49 00 N4387 Gx 1.9 12.0
12 25 48 +12 40 00 N4388 Gx 5.1 11.1
12 25 36 +45 41 00 N4389 Gx 2.7 12p
12 25 48 +10 27 00 N4390 Gx 1.8 13p
12 25 18 +64 56 00 N4391 Gx 1.4 14p
12 25 12 +45 52 00 N4392 Gx 14p
12 25 48 +27 33 00 N4393 Gx 3.3 13p
12 25 54 +18 13 00 N4394 Gx 3.9 10.9
12 25 48 +33 33 00 N4395 Gx 12.9 10.2
12 26 00 +15 40 00 N4396 Gx 3.5 13p
12 26 00 +18 19 00 N4397 T*
12 26 06 +10 42 00 N4398 S*
12 25 54 +33 34 00 N4399 -
12 25 54 +33 34 00 N4400 -
12 25 54 +33 31 00 N4401 -
12 26 06 +13 07 00 N4402 Gx 4.1 11.7
12 26 18 -07 41 00 N4403 Gx 14p
12 26 24 -07 41 00 N4404 Gx 14p
12 26 06 +16 11 00 N4405 Gx 2.0 13p
12 26 12 +12 57 00 N4406 Gx 7.4 9.2
12 26 18 +12 39 00 N4407 -
12 26 12 +27 53 00 N4408 Gx 15p
12 26 30 +02 30 00 N4409 -
12 26 30 +09 01 00 N4410 Gx 1.3 14p
12 26 30 +08 52 00 N4411 Gx 2.2 12.8
12 26 36 +03 58 00 N4412 Gx 1.5 13p
12 26 30 +12 37 00 N4413 Gx 2.5 13p
12 26 24 +31 13 00 N4414 Gx 3.6 10.3
12 26 36 +08 25 00 N4415 Gx 1.5 14p
12 26 48 +07 56 00 N4416 Gx 13p
12 26 48 +09 35 00 N4417 Gx 3.6 11.2
12 26 54 -00 51 00 N4418 Gx 14p
12 26 54 +15 03 00 N4419 Gx 3.4 11.1
12 27 00 +02 30 00 N4420 Gx 2.2 13p
12 27 00 +15 28 00 N4421 Gx 2.7 11.6
12 27 18 -05 49 01 N4422 Gx 14p
12 27 06 +05 52 00 N4423 Gx 2.3 14p
12 27 12 +09 24 59 N4424 Gx 3.7 11.6
12 27 12 +12 43 59 N4425 Gx 3.4 11.9
12 27 12 +27 50 59 N4426 D*
12 27 12 +27 50 59 N4427 D*
12 27 30 -08 10 00 N4428 Gx 1.9 13p
12 27 24 +11 07 00 N4429 Gx 5.5 10.2
12 27 24 +06 15 00 N4430 Gx 2.7 12p
12 27 30 +12 18 00 N4431 Gx 2.0 12.8
12 27 36 +06 14 00 N4432 Gx 15p
12 27 36 -08 17 00 N4433 Gx 2.3 13p
12 27 30 +08 09 00 N4434 Gx 1.6 13p
12 27 42 +13 05 00 N4435 Gx 3.0 10.9
12 27 42 +12 19 00 N4436 Gx 1.9 13.1
12 32 48 +00 07 00 N4437
12 27 48 +13 01 00 N4438 Gx 9.3 10.1
12 28 24 -60 06 00 N4439 OC 4 8.4
12 27 54 +12 18 00 N4440 Gx 2.0 11.8
12 27 18 +64 47 59 N4441 Gx 4.7 14p
12 28 06 +09 48 00 N4442 Gx 4.6 10.5
12 28 06 +13 08 00 N4443 S*
12 28 36 -43 16 00 N4444 Gx 1.6
12 28 18 +09 26 00 N4445 Gx 2.8 12.8
12 28 12 +13 55 00 N4446 Gx 15p
12 28 18 +13 54 00 N4447 Gx 15p
12 28 12 +28 37 00 N4448 Gx 4.0 11.1
12 28 12 +44 06 00 N4449 Gx 5.1 9.4
12 28 30 +17 05 00 N4450 Gx 4.8 10.1
12 28 42 +09 16 00 N4451 Gx 1.5 12.5
12 28 42 +11 45 00 N4452 Gx 2.4 12.4
12 28 42 +06 30 00 N4453 Gx 0.6
12 28 48 -01 56 00 N4454 Gx 2.2 12.1
12 28 42 +22 49 00 N4455 Gx 2.8 13p
12 27 48 -30 07 00 N4456 Gx 15p
12 29 00 +03 34 00 N4457 Gx 3.0 10.8
12 29 00 +13 15 00 N4458 Gx 1.9 12.1
12 29 00 +13 59 00 N4459 Gx 3.8 10.4
12 28 48 +44 52 00 N4460 Gx 4.4 12p
12 29 00 +13 11 00 N4461 Gx 3.7 11.2
12 29 18 -23 10 00 N4462 Gx 3.7 12p
12 30 00 -64 48 00 N4463 OC 5 7.2
12 29 24 +08 10 00 N4464 Gx 1.1 12.7
12 29 24 +08 02 00 N4465 Gx 15p
12 29 30 +07 42 00 N4466 Gx 1.4 15p
12 29 30 +08 00 00 N4467 Gx 0.7 14.5
12 29 30 +14 03 00 N4468 Gx 1.5 13.0
12 29 30 +08 45 00 N4469 Gx 3.9 12p
12 29 36 +07 49 00 N4470 Gx 1.5 13p
12 29 42 +07 55 00 N4471 Gx 0.2 15p
12 29 48 +08 00 00 N4472 Gx 8.9 8.4
12 29 48 +13 26 00 N4473 Gx 4.5 10.2
12 29 54 +14 04 00 N4474 Gx 2.3 11.8
12 29 48 +27 15 00 N4475 Gx 2.1 15p
12 30 00 +12 21 00 N4476 Gx 1.9 12.3
12 30 00 +13 38 00 N4477 Gx 4.0 10.4
12 30 18 +12 20 00 N4478 Gx 2.0 11.2
12 30 18 +13 35 00 N4479 Gx 1.8 12.5
12 30 24 +04 15 00 N4480 Gx 2.6 12.4
12 29 48 +64 03 00 N4481 Gx 15p
12 30 12 +10 47 00 N4482 Gx 14p
12 30 42 +09 01 00 N4483 Gx 1.8 13p
12 28 54 -11 39 00 N4484 Gx 14p
12 30 30 +41 42 00 N4485 Gx 2.4 12.0
12 30 48 +12 24 00 N4486 Gx 7.2 8.6
12 31 06 -08 03 00 N4487 Gx 4.1 11p
12 30 54 +08 22 00 N4488 Gx 3.6 13p
12 30 48 +16 45 00 N4489 Gx 2.2 13p
12 30 36 +41 38 00 N4490 Gx 5.9 9.8
12 31 00 +11 29 00 N4491 Gx 1.9 12.5
12 31 00 +08 05 00 N4492 Gx 2.0 12.5
12 31 12 +00 37 00 N4493 Gx 15p
12 31 24 +25 47 00 N4494 Gx 4.8 9.9
12 31 18 +29 09 00 N4495 Gx 14p
12 31 36 +03 56 00 N4496 Gx 3.9 12p
12 31 30 +11 37 00 N4497 Gx 2.3 12.6
12 31 42 +16 51 00 N4498 Gx 3.2 13p
12 32 06 -39 58 00 N4499 Gx
12 31 24 +57 58 00 N4500 Gx 1.9 13p
12 32 00 +14 25 00 N4501 Gx 6.9 9.5
12 32 06 +16 42 00 N4502 Gx 15p
12 32 06 +11 11 00 N4503 Gx 3.5 11.1
12 32 17 -07 34 00 N4504 Gx 4.0 12p
12 32 18 +03 59 00 N4505 -
12 32 12 +13 25 00 N4506 Gx 1.6 14p
12 35 36 -39 55 00 N4507 Gx 2.3 13p
12 32 24 +05 50 00 N4508 -
12 33 06 +32 06 00 N4509 Gx 1.1 14p
12 31 42 +64 15 00 N4510 Gx 14p
12 32 12 +56 29 00 N4511 Gx 14p
12 32 36 +63 54 00 N4512 Gx 14p
12 31 54 +66 20 00 N4513 Gx 14p
12 32 30 +29 44 00 N4514 Gx 14p
12 33 00 +16 15 00 N4515 Gx 1.6 13p
12 33 06 +14 34 00 N4516 Gx 1.9 14p
12 32 48 +00 07 00 N4517 Gx 10.2 10.5
12 33 12 +07 51 00 N4518 Gx 15p
12 33 30 +08 39 00 N4519 Gx 3.1 11.7
12 33 48 -07 23 00 N4520 Gx
12 32 48 +63 57 00 N4521 Gx 13p
12 33 42 +09 10 00 N4522 Gx 3.7 13p
12 33 48 +15 10 00 N4523 Gx 2.6 14p
12 33 48 -12 01 00 N4524 Gx 14p
12 33 48 +30 17 00 N4525 Gx 2.9 13p
12 34 00 +07 42 00 N4526 Gx 7.2 9.6
12 34 06 +02 39 00 N4527 Gx 6.3 10.4
12 34 06 +11 19 00 N4528 Gx 1.8 11.7
12 31 48 +20 30 00 N4529 Gx 15p
12 33 48 +41 21 00 N4530 -
12 34 18 +13 05 00 N4531 Gx 3.0 13p
12 34 18 +06 28 00 N4532 Gx 2.9 11.9
12 34 24 +02 20 00 N4533 Gx 2.0 15p
12 34 06 +35 31 00 N4534 Gx 3.0 12p
12 34 18 +08 12 00 N4535 Gx 6.8 9.8
12 34 30 +02 11 00 N4536 Gx 7.4 10.4
12 35 12 +50 50 00 N4537 Gx 16p
12 34 42 +03 20 00 N4538 Gx 15p
12 34 36 +18 12 00 N4539 Gx 3.5 12.0
12 34 48 +15 33 00 N4540 Gx 2.0 12p
12 35 12 -00 13 00 N4541 Gx 1.8 14p
12 34 48 +50 50 00 N4542 Gx 15p
12 35 24 +06 07 00 N4543 Gx 14p
12 35 36 +03 02 00 N4544 Gx 2.1 14p
12 34 36 +63 31 00 N4545 Gx 2.8 13p
12 35 30 -03 48 00 N4546 Gx 3.5 10.3
12 34 48 +58 56 00 N4547 Gx 15p
12 35 24 +14 30 00 N4548 Gx 5.4 10.2
12 34 48 +58 56 00 N4549 Gx 15p
12 35 30 +12 13 00 N4550 Gx 3.5 11.6
12 35 36 +12 16 00 N4551 Gx 2.0 11.9
12 35 42 +12 33 00 N4552 Gx 4.2 9.8
12 36 06 -39 27 00 N4553 Gx 2.1
12 35 42 +11 11 00 N4554 -
12 35 42 +26 31 00 N4555 Gx 1.7 14p
12 35 48 +26 54 00 N4556 Gx 1.5 14p
12 36 06 +26 57 00 N4557 Gx 15p
12 35 48 +27 01 00 N4558 Gx 15p
12 36 00 +27 58 00 N4559 Gx 10.5 9.9
12 36 06 +07 41 00 N4560 -
12 36 06 +19 20 00 N4561 Gx 1.5 13p
12 35 36 +25 51 00 N4562 Gx 2.5 14p
12 35 54 +26 59 00 N4563 Gx 15p
12 36 24 +11 26 00 N4564 Gx 3.1 11.1
12 36 18 +25 59 00 N4565 Gx 16.2 9.6
12 35 54 +54 13 00 N4566 Gx 1.5 14p
12 36 30 +11 15 00 N4567 Gx 3.0 11.3
12 36 36 +11 14 00 N4568 Gx 4.6 10.8
12 36 48 +13 10 00 N4569 Gx 9.5 9.5
12 36 54 +07 15 00 N4570 Gx 4.1 10.9
12 36 54 +14 13 00 N4571 Gx 3.8 11.3
12 35 54 +74 15 00 N4572 Gx 15p
12 37 42 -43 37 00 N4573 Gx
12 37 42 -35 30 00 N4574 Gx
12 37 54 -40 32 00 N4575 Gx 2.2 13p
12 37 36 +04 22 00 N4576 Gx 1.4 13.5
12 37 30 +06 04 00 N4577 -
12 37 30 +09 33 00 N4578 Gx 3.6 11.4
12 37 42 +11 49 00 N4579 Gx 5.4 9.8
12 37 48 +05 22 00 N4580 Gx 2.4 13p
12 38 12 +01 28 00 N4581 Gx 13p
12 38 12 +00 11 00 N4582 S*
12 38 00 +33 28 00 N4583 Gx 14p
12 38 18 +13 07 00 N4584 Gx 1.5 14p
12 38 06 +28 57 00 N4585 Gx 14p
12 38 30 +04 19 00 N4586 Gx 4.4 11.6
12 38 36 +02 40 00 N4587 Gx 14p
12 38 48 +06 46 00 N4588 Gx 15p
12 37 24 +74 12 00 N4589 Gx 3.0 12p
12 39 30 -26 45 00 N4590 Gb 12.0 8.2
12 39 18 +06 01 00 N4591 Gx 14p
12 39 18 -00 32 00 N4592 Gx 4.6 12p
12 39 42 -05 21 00 N4593 Gx 4.0 12p
12 40 00 -11 37 00 N4594 Gx 8.9 8.3
12 39 54 +15 18 00 N4595 Gx 1.8 13p
12 39 54 +10 11 00 N4596 Gx 3.9 10.5
12 40 12 -05 48 00 N4597 Gx 3.6 12p
12 40 18 +08 23 00 N4598 Gx 14p
12 40 30 +01 11 00 N4599 Gx 13p
12 40 24 +03 08 00 N4600 Gx 13p
12 40 48 -40 54 00 N4601 Gx 2.2
12 40 36 -05 08 00 N4602 Gx 3.6 12p
12 40 54 -40 59 00 N4603 Gx 3.8 12p
12 40 42 -05 09 00 N4604 -
12 40 00 +61 37 00 N4605 Gx 5.5 11p
12 41 00 +11 55 00 N4606 Gx 2.8 11.9
12 41 12 +11 53 00 N4607 Gx 3.2 12.9
12 41 12 +10 09 00 N4608 Gx 3.2 11.1
12 42 18 -62 58 01 N4609 OC 5 6.9
12 41 24 +07 43 00 N4610 -
12 41 30 +13 44 00 N4611 Gx 15p
12 41 30 +07 19 00 N4612 Gx 2.2 13p
12 41 24 +26 05 00 N4613 Gx 15p
12 41 24 +26 02 00 N4614 Gx 14p
12 41 30 +26 04 00 N4615 Gx 14p
12 42 18 -40 39 01 N4616 Gx 1.6
12 41 06 +50 26 00 N4617 Gx 3.1 14p
12 41 30 +41 09 00 N4618 Gx 4.4 10.8
12 41 42 +35 04 00 N4619 Gx 1.5 14p
12 42 00 +12 57 00 N4620 Gx 2.0 13p
12 42 00 +11 39 00 N4621 Gx 5.1 9.8
12 42 36 -40 45 00 N4622 Gx 2.1
12 42 12 +07 41 00 N4623 Gx 2.6 13p
12 42 18 +03 03 59 N4624 -
12 41 54 +41 16 00 N4625 Gx 2.4 12.3
12 42 24 -07 02 01 N4626 Gx 14p
12 42 00 +32 34 00 N4627 Gx 2.7 12.3
12 42 24 -06 57 01 N4628 Gx 14p
12 42 36 -01 21 00 N4629 D*
12 42 30 +03 58 00 N4630 Gx 1.7 13p
12 42 06 +32 32 00 N4631 Gx 15.1 9.3
12 42 30 -00 05 00 N4632 Gx 3.2 12p
12 42 36 +14 21 00 N4633 Gx 2.1 13.2
12 42 42 +14 18 00 N4634 Gx 2.4 12.4
12 42 36 +19 57 00 N4635 Gx 2.0 13p
12 42 48 +02 41 00 N4636 Gx 6.2 9.6
12 42 54 +11 26 00 N4637 Gx 1.5 15p
12 42 48 +11 26 00 N4638 Gx 2.8 11.3
12 42 54 +13 15 00 N4639 Gx 2.9 11.5
12 43 06 +12 18 00 N4640 Gx 15p
12 43 12 +11 03 00 N4641 Gx 15p
12 43 18 -00 39 00 N4642 Gx 2.0 14p
12 43 18 +01 59 00 N4643 Gx 3.4 10.6
12 42 42 +55 09 00 N4644 Gx 1.8 14.0
12 44 12 -41 45 00 N4645 Gx 2.2 13p
12 42 54 +54 51 00 N4646 Gx 0.7 14p
12 43 30 +11 35 00 N4647 Gx 3.0 11.4
12 41 48 +74 25 00 N4648 Gx 2.2 13p
12 43 42 +11 33 00 N4649 Gx 7.2 8.8
12 44 18 -40 44 00 N4650 Gx
12 43 42 +16 24 00 N4651 Gx 3.8 10.7
12 43 18 +58 58 00 N4652 Gx 15p
12 43 54 -00 34 00 N4653 Gx 2.6 12.3
12 44 00 +13 08 00 N4654 Gx 4.7 10.5
12 43 36 +41 02 00 N4655 Gx 15p
12 44 00 +32 10 00 N4656 Gx 13.8 10.4
12 44 12 +32 12 00 N4657 Gx 1.2
12 44 36 -10 05 00 N4658 Gx 2.2 13p
12 44 30 +13 31 00 N4659 Gx 1.8 13p
12 44 30 +11 11 00 N4660 Gx 2.8 11.0
12 45 12 -40 49 00 N4661 Gx 1.1
12 44 30 +37 07 00 N4662 Gx 2.5 14p
12 44 48 -10 12 00 N4663 Gx 1.4 14p
12 45 06 +03 03 00 N4664
12 45 06 +03 03 00 N4665 Gx 4.2 12p
12 45 06 -00 28 00 N4666 Gx 4.5 10.8
12 45 18 +11 26 00 N4667 -
12 45 30 -00 32 00 N4668 Gx 1.4 13.1
12 44 48 +54 53 00 N4669 Gx 1.7 15p
12 45 18 +27 08 00 N4670 Gx 1.8 12.7
12 45 48 -07 04 00 N4671 Gx 14p
12 46 18 -41 43 00 N4672 Gx 1.9
12 45 36 +27 04 00 N4673 Gx 1.2 14p
12 46 06 -08 39 00 N4674 Gx 1.9 15p
12 45 37 +54 44 00 N4675 Gx 1.6 15p
12 46 06 +30 44 00 N4676 Gx 2.8 14p
12 47 00 -41 35 00 N4677 Gx 2.9 12.7
12 46 42 -04 35 00 N4678 -
12 47 30 -39 34 00 N4679 Gx 2.3 13p
12 46 54 -11 37 00 N4680 Gx 13p
12 47 30 -43 20 00 N4681 Gx
12 47 18 -10 04 00 N4682 Gx 2.8 13p
12 47 42 -41 32 00 N4683 Gx 2.1 12.9
12 47 18 -02 43 00 N4684 Gx 2.9 13p
12 47 06 +19 28 00 N4685 Gx 14p
12 46 42 +54 33 00 N4686 Gx 2.3 14p
12 47 24 +35 21 00 N4687 Gx 1.2 14p
12 47 48 +04 20 00 N4688 Gx 3.3 13p
12 47 48 +13 46 00 N4689 Gx 4.0 10.9
12 47 54 -01 38 00 N4690 Gx 14p
12 48 12 -03 20 00 N4691 Gx 3.2 11.2
12 47 54 +27 13 00 N4692 Gx 1.4 14p
12 47 06 +71 12 00 N4693 Gx 14p
12 48 12 +10 59 00 N4694 Gx 3.6 12p
12 47 30 +54 23 00 N4695 Gx 1.3 15p
12 48 48 -41 19 00 N4696 Gx 3.5 10.7
12 48 36 -05 48 00 N4697 Gx 6.0 9.3
12 48 24 +08 29 00 N4698 Gx 4.3 10.7
12 49 00 -08 40 00 N4699 Gx 3.5 9.6
12 49 06 -11 25 00 N4700 Gx 3.0 12p
12 49 12 +03 23 00 N4701 Gx 3.0 12.4
12 49 00 +27 11 00 N4702 Gx 15p
12 49 18 -09 07 00 N4703 Gx 2.8 15p
12 48 48 +41 55 00 N4704 Gx 1.2 15p
12 49 24 -05 12 00 N4705 Gx 3.0 14p
12 49 54 -41 17 00 N4706 Gx 2.2 12.7
12 48 24 +51 10 00 N4707 Gx 2.3 14p
12 49 42 -11 06 00 N4708 Gx 1.6 14p
12 50 06 -41 23 00 N4709 Gx 2.7
12 49 36 +15 10 00 N4710 Gx 5.1 11.0
12 48 54 +35 21 00 N4711 Gx 14p
12 49 36 +25 28 00 N4712 Gx 2.6 13.0
12 50 00 +05 19 00 N4713 Gx 2.8 11.8
12 50 18 -13 18 00 N4714 Gx 14p
12 49 48 +27 49 00 N4715 Gx 2.0 15p
12 50 30 -09 26 00 N4716 Gx 15p
12 50 36 -09 26 00 N4717 Gx 15p
12 50 30 -05 17 00 N4718 Gx 2.1 15p
12 50 06 +33 09 00 N4719 Gx 1.8 14p
12 50 42 -04 07 00 N4720 Gx 15p
12 50 12 +27 20 00 N4721 Gx 15p
12 51 30 -13 19 00 N4722 Gx 13p
12 51 06 -13 15 00 N4723 Gx 15p
12 50 54 -14 20 00 N4724 Gx 1.5 15p
12 50 24 +25 30 00 N4725 Gx 11.0 9.2
12 51 30 -14 13 00 N4726 Gx 14p
12 51 00 -14 20 00 N4727 Gx 1.6 13p
12 50 30 +27 26 00 N4728 Gx 1.1
12 51 48 -41 08 00 N4729 Gx 1.3
12 52 00 -41 09 00 N4730 Gx 1.2
12 51 00 -06 24 00 N4731 Gx 6.5 11p
12 50 06 +52 52 00 N4732 Gx 15p
12 51 06 +10 55 00 N4733 Gx 2.3 13p
12 51 12 +04 52 00 N4734 Gx 1.2 14p
12 51 00 +28 56 00 N4735 Gx 0.7 15p
12 50 54 +41 07 00 N4736 Gx 11.0 8.2
12 50 54 +34 09 00 N4737 Gx 15p
12 51 06 +28 48 00 N4738 Gx 2.3 15p
12 51 36 -08 25 00 N4739 Gx 1.7 14p
12 51 30 -14 13 00 N4740 Gx
12 50 54 +47 40 00 N4741 Gx 14p
12 51 48 -10 27 00 N4742 Gx 2.3 11.1
12 52 18 -41 24 00 N4743 Gx
12 52 24 -41 04 00 N4744 Gx
12 51 18 +27 26 00 N4745 Gx 0.7
12 51 54 +12 05 00 N4746 Gx 2.5 13p
12 51 48 +25 47 00 N4747 Gx 3.6 12.4
12 52 12 -13 24 00 N4748 Gx
12 51 12 +71 38 00 N4749 Gx 1.9 14p
12 50 06 +72 52 00 N4750 Gx 2.3 12p
12 52 54 -42 40 00 N4751 Gx
12 52 18 +13 29 00 N4752 S*
12 52 24 -01 12 00 N4753 Gx 5.4 9.9
12 52 18 +11 19 00 N4754 Gx 4.7 10.6
12 53 36 -60 20 00 N4755 OC 10 4.2
12 52 54 -15 25 00 N4756 Gx 2.0 13p
12 52 48 -10 19 00 N4757 Gx 1.8 15p
12 52 42 +15 51 00 N4758 Gx 3.2 14p
12 53 06 -09 11 00 N4759 Gx 15p
12 53 06 -10 30 00 N4760 Gx 1.8 13p
12 53 06 -09 11 00 N4761 Gx 14p
12 52 54 +11 14 00 N4762 Gx 8.7 10.2
12 53 24 -17 00 01 N4763 Gx 1.7 13p
12 53 12 -09 11 00 N4764 Gx 16p
12 53 12 +04 28 00 N4765 Gx 1.4 13p
12 53 06 -10 23 00 N4766 Gx 1.6 15p
12 53 54 -39 43 00 N4767 Gx 2.6 13p
12 53 18 -09 32 01 N4768 S*
12 53 18 -09 32 01 N4769 D*
12 53 30 -09 31 00 N4770 Gx 14p
12 53 24 +01 15 59 N4771 Gx 4.0 13p
12 53 30 +02 10 00 N4772 Gx 3.3 13p
12 53 36 -08 38 00 N4773 Gx 2.0 15p
12 53 12 +36 49 00 N4774 Gx 0.6 14.4
12 53 48 -06 37 00 N4775 Gx 2.2 12p
12 54 06 -09 13 00 N4776 -
12 54 00 -08 47 00 N4777 Gx 2.3 15p
12 54 06 -09 12 00 N4778 -
12 53 48 +09 44 00 N4779 Gx 2.3 13p
12 54 06 -08 37 00 N4780 Gx 2.1 14p
12 54 24 -10 32 00 N4781 Gx 3.5 12p
12 54 36 -12 34 00 N4782 Gx 1.5 11.7
12 54 36 -12 33 00 N4783 Gx 1.7 11.8
12 54 36 -10 37 00 N4784 Gx 1.8 15p
12 53 30 -48 46 00 N4785 Gx
12 54 30 -06 52 00 N4786 Gx 2.0 13p
12 54 06 +27 04 00 N4787 Gx 15p
12 54 12 +27 19 00 N4788 Gx 15p
12 54 18 +27 04 00 N4789 Gx 1.7 12.0
12 54 54 -10 15 00 N4790 Gx 1.8 13p
12 54 48 +08 03 00 N4791 Gx 15p
12 55 06 -12 30 00 N4792 Gx 1.1
12 54 36 +28 56 00 N4793 Gx 2.9 11.7
12 55 12 -12 37 00 N4794 Gx 2.3 14p
12 55 00 +08 04 00 N4795 Gx 1.7 13p
12 55 06 +08 04 00 N4796 Gx 13p
12 54 54 +27 21 00 N4797 -
12 55 00 +27 25 00 N4798 Gx 1.3 13.1
12 55 18 +02 54 00 N4799 Gx 14p
12 54 36 +46 32 00 N4800 Gx 1.8 12p
12 54 36 +53 06 00 N4801 Gx 15p
12 55 48 -12 03 00 N4802 Gx 12p
12 55 42 +08 14 00 N4803 Gx 15p
12 55 54 -13 02 00 N4804 -
12 55 24 +27 57 00 N4805 Gx
12 56 12 -29 30 00 N4806 Gx 14p
12 55 30 +27 31 00 N4807 Gx 1.2 14p
12 55 48 +04 18 00 N4808 Gx 2.7 12p
12 54 48 +02 39 00 N4809 Gx 1.9 14p
12 54 48 +02 38 00 N4810 Gx 0.8 15p
12 56 54 -41 48 00 N4811 Gx
12 56 54 -41 49 00 N4812 Gx
12 56 36 -06 48 00 N4813 Gx 15p
12 55 24 +58 21 00 N4814 Gx 3.2 13p
12 58 00 -64 57 00 N4815 OC 3 8.6
12 56 12 +27 45 00 N4816 Gx 1.6 15p
12 56 12 +28 00 00 N4817 -
12 56 48 -08 31 00 N4818 Gx 4.5 12p
12 56 30 +26 59 00 N4819 Gx 1.2 14p
12 57 00 -13 42 00 N4820 Gx 15p
12 56 30 +26 57 00 N4821 Gx 0.7 15p
12 57 00 -10 45 00 N4822 Gx 14p
12 57 24 -13 44 00 N4823
12 56 36 +27 31 00 N4824 Gx
12 57 12 -13 40 00 N4825 Gx 2.0 12.1
12 56 42 +21 41 00 N4826 Gx 9.3 8.5
12 56 42 +27 11 00 N4827 Gx 1.7 13.0
12 56 42 +28 01 00 N4828 Gx 15p
12 57 18 -13 44 00 N4829 Gx
12 57 24 -19 42 00 N4830 Gx 13p
12 57 36 -27 18 00 N4831 Gx 14p
12 57 48 -39 44 00 N4832 Gx
12 59 36 -70 53 00 N4833 Gb 13.5 7.4
12 56 24 +52 18 00 N4834 Gx 15p
12 58 06 -46 15 00 N4835 Gx 3.4 12p
12 57 30 -12 45 00 N4836 Gx 13p
12 56 54 +48 18 00 N4837 Gx 1.4 14p
12 57 54 -13 03 00 N4838 Gx 13p
12 57 24 +27 30 00 N4839 Gx 4.2 14p
12 57 30 +27 37 00 N4840 Gx 0.6 15p
12 57 30 +28 29 00 N4841 Gx 1.9 11.5
12 57 36 +27 29 00 N4842 Gx 0.6 15p
12 58 00 -03 37 00 N4843 Gx 14p
12 58 06 -13 04 00 N4844 S*
12 58 00 +01 35 00 N4845 Gx 5.0 12p
12 57 54 +36 22 00 N4846 Gx 14p
12 58 30 -13 08 00 N4847 Gx
12 58 06 +28 15 00 N4848 Gx 1.8 14p
12 58 12 +26 24 00 N4849 Gx 2.2 15p
12 58 24 +27 58 00 N4850 Gx 1.6 16p
12 58 18 +28 09 00 N4851 Gx 15p
13 00 06 -59 36 00 N4852 OC 11 9p
12 58 36 +27 36 00 N4853 Gx 1.2 13.1
12 58 48 +27 40 00 N4854 Gx 15p
12 59 18 -13 13 00 N4855 Gx 14p
12 59 18 -15 02 00 N4856 Gx 4.6 10.4
12 57 12 +70 12 00 N4857 Gx 14p
12 59 00 +28 07 00 N4858 Gx 0.4 16p
12 59 00 +26 49 00 N4859 Gx 1.7 15p
12 59 06 +28 07 00 N4860 Gx 1.0 13.5
12 59 00 +34 52 00 N4861 Gx 4.1 12.2
12 59 24 -14 07 00 N4862 Gx 15p
12 59 36 -14 01 00 N4863 Gx 15p
12 59 12 +27 59 00 N4864 Gx 0.6 13.6
12 59 18 +28 05 00 N4865 Gx 1.4 13.3
12 59 30 +14 10 00 N4866 Gx 6.5 11.0
12 59 18 +27 58 00 N4867 Gx 1.1 16p
12 59 06 +37 19 00 N4868 Gx 1.7 13p
12 59 24 +27 55 00 N4869 Gx 1.1 13.5
12 59 18 +37 00 00 N4870 Gx
12 59 30 +27 57 00 N4871 Gx 0.5 15p
12 59 36 +27 57 00 N4872 Gx 1.0 13.7
12 59 36 +27 59 00 N4873 Gx 0.8 14.2
12 59 36 +27 58 00 N4874 Gx 2.7 11.9
12 59 36 +27 54 00 N4875 Gx 16p
12 59 42 +27 55 00 N4876 Gx 0.4 15p
13 00 24 -15 17 00 N4877 Gx 2.7 13p
13 00 18 -06 05 00 N4878 Gx 14p
13 00 30 -06 03 00 N4879 Gx 15p
13 00 12 +12 29 00 N4880 Gx 3.3 12p
13 00 00 +28 15 00 N4881 Gx 1.0 13.5
13 00 00 +27 59 00 N4882
12 59 54 +28 02 00 N4883 Gx 14.3
13 00 00 +27 59 00 N4884 -
13 00 30 -06 50 00 N4885 Gx 15p
13 00 00 +27 59 00 N4886 Gx 0.8 13.9
13 00 36 -14 40 00 N4887 Gx 1.6 14p
13 01 06 -06 04 00 N4888 -
13 00 06 +27 58 00 N4889 Gx 3.0 11.4
13 00 36 -04 34 00 N4890 Gx 14p
13 00 48 -13 26 00 N4891 S*
13 00 00 +26 54 00 N4892 Gx 1.6 15p
13 00 06 +37 11 00 N4893 Gx 15p
13 00 18 +27 58 00 N4894 Gx 16p
13 00 18 +28 12 00 N4895 Gx 2.3 12.8
13 00 30 +28 21 00 N4896 Gx 1.3 13.7
13 00 54 -13 27 00 N4897 Gx 2.8 13p
13 00 18 +27 57 00 N4898 Gx 15p
13 00 54 -13 57 00 N4899 Gx 2.7 12p
13 00 36 +02 30 00 N4900 Gx 2.3 11.5
12 59 54 +47 12 00 N4901 Gx 15p
13 01 00 -14 31 00 N4902 Gx 3.0 11.2
13 01 24 -30 56 00 N4903 Gx 15p
13 01 00 -00 02 00 N4904 Gx 2.3 12.1
13 01 30 -30 52 00 N4905 Gx 15p
13 00 42 +27 55 00 N4906 Gx 14.2
13 00 48 +28 09 00 N4907 Gx 1.4 13.4
13 00 54 +28 02 00 N4908 Gx 1.1 15p
13 02 00 -42 46 00 N4909 Gx
13 01 24 +01 40 00 N4910 -
13 00 54 +27 47 00 N4911 Gx 1.3 12.8
13 00 48 +37 23 00 N4912 -
13 00 48 +37 21 00 N4913 -
13 00 42 +37 19 00 N4914 Gx 3.6 12p
13 01 30 -04 33 00 N4915 Gx 1.7 11.9
13 00 42 +37 22 00 N4916 Gx
13 00 54 +47 14 00 N4917 Gx 15p
13 01 48 -04 30 00 N4918 Gx
13 01 18 +27 48 00 N4919 Gx 1.4 15p
13 01 54 -11 22 00 N4920 Gx 14p
13 01 24 +27 53 00 N4921 Gx 2.7 12.1
13 01 24 +29 19 00 N4922 Gx 2.1 14p
13 01 30 +27 51 00 N4923 Gx 1.3 13.6
13 02 12 -14 58 00 N4924 Gx 0.7 14p
13 02 06 -07 42 00 N4925 Gx 14p
13 01 54 +27 37 00 N4926 Gx 1.4 12.9
13 02 00 +28 00 00 N4927 Gx 15p
13 03 00 -08 05 00 N4928 Gx 1.3 13p
13 02 42 +28 03 00 N4929 Gx 1.5 15p
13 04 06 -41 25 00 N4930 Gx 3.6
13 03 00 +28 02 00 N4931 Gx 2.0 13.5
13 02 36 +50 27 00 N4932 Gx 14p
13 03 54 -11 29 00 N4933 Gx 2.5 13p
13 03 18 +28 01 00 N4934 Gx 15p
13 03 18 +14 23 00 N4935 Gx 14p
13 04 18 -30 32 00 N4936 Gx 1.9 11.3
13 04 42 -47 13 00 N4937 -
13 03 00 +51 20 00 N4938 Gx 15p
13 04 12 -10 20 00 N4939 Gx 5.8 11p
13 04 54 -47 16 00 N4940 Gx
13 04 12 -05 33 00 N4941 Gx 3.7 11.1
13 04 18 -07 39 00 N4942 Gx 1.8 14p
13 03 48 +28 05 00 N4943 Gx 15p
13 03 48 +28 11 00 N4944 Gx 1.9 13p
13 05 24 -49 28 00 N4945 Gx 20.0 9p
13 05 24 -43 36 00 N4946 Gx
13 05 24 -35 20 00 N4947 Gx 2.8 12p
13 04 54 -07 57 00 N4948 Gx 1.8 14p
13 04 12 +29 02 00 N4949 Gx
13 05 30 -43 31 00 N4950 Gx
13 05 06 -06 30 00 N4951 Gx 3.3 12p
13 05 00 +29 08 00 N4952 Gx 1.6 14p
13 06 06 -37 34 00 N4953 Gx
13 02 12 +75 24 00 N4954 Gx 14p
13 06 06 -29 45 00 N4955 Gx 15p
13 05 06 +35 11 00 N4956 Gx 13p
13 05 12 +27 34 00 N4957 Gx 1.3 12.9
13 05 48 -08 01 00 N4958 Gx 4.1 10.5
13 05 42 +33 11 00 N4959 Gx 15p
13 05 48 +27 33 00 N4960 Gx
13 05 48 +27 44 00 N4961 Gx 1.7 13.5
13 05 54 +29 04 00 N4962 -
13 05 48 +41 43 00 N4963 Gx 14p
13 05 24 +56 18 00 N4964 Gx 13p
13 07 12 -28 14 00 N4965 Gx 2.6 14p
13 06 18 +29 04 00 N4966 Gx 1.2 14p
13 05 42 +53 34 00 N4967 Gx 15p
13 07 06 -23 41 00 N4968 Gx 14p
13 07 00 +13 39 00 N4969 Gx 15p
13 07 30 -24 02 00 N4970 Gx 14p
13 06 54 +28 32 00 N4971 Gx 1.3 15p
13 04 12 +75 18 00 N4972 -
13 05 30 +53 41 00 N4973
13 05 54 +53 40 00 N4974
13 08 00 -05 01 00 N4975 Gx 0.5
13 08 36 -49 30 00 N4976 Gx 4.3 10.2
13 06 12 +55 39 00 N4977 Gx 14p
13 07 48 +18 25 00 N4978 Gx 14p
13 07 36 +24 49 00 N4979 Gx 15p
13 09 12 -28 38 00 N4980 Gx 2.2 15p
13 08 48 -06 47 00 N4981 Gx 2.8 12p
13 08 48 -10 35 00 N4982 At
13 08 24 +28 19 00 N4983 Gx 15p
13 09 00 -15 31 00 N4984 Gx 2.8 12p
13 08 06 +41 41 00 N4985 Gx 15p
13 08 24 +35 12 00 N4986 Gx 14p
13 08 00 +51 56 00 N4987 Gx 14p
13 09 48 -43 06 00 N4988 Gx
13 09 24 -05 25 00 N4989 Gx 14p
13 09 24 -05 16 00 N4990 Gx 15p
13 09 18 +02 21 00 N4991 Gx 15p
13 09 00 +11 38 00 N4992 Gx 14p
13 09 42 -23 24 00 N4993 Gx 14p
13 09 48 -23 23 00 N4994 Gx
13 09 42 -07 50 00 N4995 Gx 2.5 11.0
13 09 36 +00 53 00 N4996 Gx 14p
13 10 00 -16 30 00 N4997 Gx 13p
13 08 12 +50 40 00 N4998 Gx 15p
13 09 36 +01 40 00 N4999 Gx 2.6 13p
