13 09 48 +28 54 00 N5000 Gx 1.9 14p
13 09 36 +53 29 00 N5001 Gx 14p
13 10 42 +36 37 00 N5002 Gx 14p
13 08 36 +43 44 00 N5003 Gx 15p
13 11 06 +29 38 00 N5004 Gx 1.9 14p
13 10 54 +37 03 00 N5005 Gx 5.4 9.8
13 11 48 -19 14 00 N5006 Gx 14p
13 09 18 +62 10 00 N5007 Gx 14p
13 11 18 +25 23 00 N5008 -
13 10 48 +50 05 00 N5009 Gx 15p
13 12 30 -15 47 00 N5010 Gx 14p
13 12 54 -43 06 00 N5011 Gx 2.0 13p
13 11 36 +22 55 00 N5012 Gx 2.9 13p
13 12 12 +03 12 00 N5013 Gx 15p
13 11 30 +36 17 00 N5014 Gx 1.7 13p
13 12 24 -04 19 00 N5015 Gx 1.9 13p
13 12 06 +24 06 00 N5016 Gx 1.9 14p
13 12 54 -16 46 00 N5017 Gx 1.7 13p
13 13 00 -19 31 00 N5018 Gx 2.6 10.8
13 12 48 +04 44 00 N5019 Gx 14p
13 12 36 +12 36 00 N5020 Gx 13p
13 12 06 +46 12 00 N5021 Gx 14p
13 13 30 -19 33 00 N5022 Gx 2.5 13p
13 12 12 +44 02 00 N5023 Gx 6.5 12p
13 12 54 +18 10 00 N5024 Gb 12.6 7.7
13 12 48 +31 48 00 N5025 Gx 14p
13 14 12 -42 58 00 N5026 Gx 2.3 13p
13 13 24 +06 04 00 N5027 Gx 15p
13 13 48 -13 03 00 N5028 Gx 1.7 14p
13 12 36 +47 04 00 N5029 Gx 14p
13 13 54 -16 30 00 N5030 Gx 1.9 14p
13 14 06 -16 06 00 N5031 Gx 14p
13 13 24 +27 48 00 N5032 Gx 13p
13 13 24 +36 36 00 N5033 Gx 10.5 10.1
13 12 12 +70 39 00 N5034 Gx 14p
13 14 48 -16 30 00 N5035 Gx 1.6 14p
13 14 42 -04 11 00 N5036 Gx
13 15 00 -16 35 00 N5037 Gx 2.5 13p
13 15 06 -15 56 00 N5038 Gx 14p
13 14 54 -04 10 00 N5039 Gx
13 13 36 +51 16 00 N5040 Gx 15p
13 14 36 +30 42 00 N5041 Gx 14p
13 15 30 -23 59 00 N5042 Gx 4.2 13p
13 16 42 -60 04 00 N5043 -
13 15 24 -16 23 00 N5044 Gx 2.6 11.0
13 17 00 -63 25 00 N5045 -
13 15 48 -16 20 00 N5046 Gx 1.2 15p
13 15 48 -16 31 00 N5047 Gx 3.0 13p
13 16 06 -28 23 00 N5048 Gx 15p
13 16 00 -16 24 00 N5049 Gx 2.1 12.9
13 15 48 +02 52 00 N5050 Gx 14p
13 16 18 -28 17 00 N5051 Gx 1.4
13 15 36 +29 39 00 N5052 Gx 14p
13 16 24 +17 42 00 N5053 Gb 10.5 9.8
13 17 00 -16 38 00 N5054 Gx 5.0 11p
13 15 48 +42 02 00 N5055 Gx 12.3 8.6
13 16 12 +30 56 00 N5056 Gx 13p
13 16 30 +31 01 00 N5057 Gx 14p
13 16 48 +12 33 00 N5058 Gx 14p
13 17 00 +07 50 00 N5059 Gx 15p
13 17 18 +06 02 00 N5060 Gx 14p
13 18 06 -26 50 00 N5061 Gx 2.6 12p
13 18 24 -35 26 00 N5062 Gx
13 18 24 -35 20 00 N5063 Gx
13 19 00 -47 55 00 N5064 Gx 2.8 13p
13 17 36 +31 03 59 N5065 Gx 14p
13 18 24 -10 14 00 N5066 Gx 14p
13 18 24 -10 08 00 N5067 D*
13 18 54 -21 02 00 N5068 Gx 6.9 11p
13 18 42 -10 12 00 N5069 -
13 19 12 -12 29 00 N5070 Gx 15p
13 18 42 +07 56 00 N5071 Gx 15p
13 19 06 -12 32 00 N5072 Gx 14p
13 19 24 -14 52 00 N5073 Gx 3.5 13p
13 18 24 +31 28 00 N5074 Gx 1.0 14.0
13 19 12 +07 49 00 N5075 Gx 15p
13 19 24 -12 45 00 N5076 Gx 13p
13 19 30 -12 39 00 N5077 Gx 2.0 11.5
13 19 48 -27 24 00 N5078 Gx 3.2 12p
13 19 36 -12 42 00 N5079 Gx 1.7 12p
13 19 24 +08 25 00 N5080 Gx 14p
13 19 12 +28 30 00 N5081 Gx 14p
13 20 54 -43 42 00 N5082 Gx 3.1
13 19 00 +39 36 00 N5083 Gx 15p
13 20 18 -21 50 00 N5084 Gx 4.8 12p
13 20 18 -24 26 00 N5085 Gx 3.4 12p
13 21 12 -43 46 00 N5086 Gx
13 20 24 -20 37 00 N5087 Gx 2.3 11.0
13 20 18 -12 34 00 N5088 Gx 2.7 13p
13 19 36 +30 15 00 N5089 Gx 2.1 14p
13 21 06 -43 44 00 N5090 Gx 2.6 13p
13 21 12 -43 44 00 N5091 Gx 2.2
13 19 54 +23 00 00 N5092 Gx 14p
13 19 36 +40 23 00 N5093 Gx 15p
13 20 42 -14 05 00 N5094 Gx 14p
13 20 36 -02 17 00 N5095 Gx 15p
13 20 12 +33 05 00 N5096 Gx 15p
13 20 54 -12 29 00 N5097 Gx
13 20 12 +33 09 00 N5098 Gx 0.9 15p
13 21 18 -13 04 00 N5099 Gx
13 21 06 +08 58 00 N5100 Gx 15p
13 21 48 -27 26 00 N5101 Gx 5.5 12p
13 22 00 -36 38 00 N5102 Gx 9.3 9.7
13 20 30 +43 04 00 N5103 Gx 13p
13 21 24 +00 20 00 N5104 Gx 14p
13 21 48 -13 13 00 N5105 Gx 2.6 13p
13 21 42 +08 29 00 N5106 S*
13 21 24 +38 32 00 N5107 Gx 1.9 14p
13 23 12 -32 20 00 N5108 Gx 15p
13 20 54 +57 39 00 N5109 Gx 1.9 14p
13 22 30 -13 05 00 N5110 Gx
13 22 48 -12 58 00 N5111 Gx 13p
13 21 55 +38 44 00 N5112 Gx 3.9 12p
13 21 24 +57 42 00 N5113 Gx 15p
13 24 00 -32 21 00 N5114 Gx 14p
13 22 54 +13 57 00 N5115 Gx 15p
13 22 54 +26 59 00 N5116 Gx 2.2 14p
13 23 00 +28 19 00 N5117 Gx 2.3 14p
13 23 30 +06 23 00 N5118 Gx 14p
13 23 54 -12 17 00 N5119 Gx 14p
13 26 06 -63 25 00 N5120 OC 3 13p
13 24 48 -37 41 00 N5121 Gx 2.3 12p
13 24 06 -10 39 00 N5122 Gx 14p
13 23 12 +43 04 00 N5123 Gx 13p
13 24 48 -30 19 00 N5124 Gx 13p
13 23 54 +09 42 00 N5125 Gx 13p
13 24 54 -30 20 00 N5126 Gx 14p
13 23 48 +31 34 00 N5127 Gx 2.6 14p
13 25 30 -43 01 00 N5128 Gx 18.2 7.0
13 24 06 +13 59 00 N5129 Gx 13p
13 24 18 -10 13 01 N5130 Gx 14p
13 24 00 +30 59 00 N5131 Gx 14p
13 24 24 +14 05 00 N5132 Gx 14p
13 24 54 -04 02 00 N5133 Gx 15p
13 25 18 -21 08 00 N5134 Gx 2.8 12p
13 25 42 -29 50 00 N5135 Gx 2.4 13p
13 24 48 +13 44 00 N5136 Gx 14p
13 24 48 +14 04 00 N5137 Gx 15p
13 27 18 -59 01 00 N5138 OC 8 7.6
13 26 48 -47 29 00 N5139 Gb 36.3 3.7
13 26 18 -33 53 00 N5140 Gx 0.5 13p
13 24 54 +36 23 00 N5141 Gx 1.7 12.8
13 25 00 +36 24 00 N5142 Gx 1.1 13.3
13 25 00 +36 26 00 N5143 Gx 15p
13 22 54 +70 31 00 N5144 Gx 1.4 13p
13 25 12 +43 15 00 N5145 Gx 2.3 13p
13 26 30 -12 19 00 N5146 Gx 14p
13 26 18 +02 06 00 N5147 Gx 1.8 11.8
13 26 36 +02 19 00 N5148 Gx 1.1
13 26 06 +35 56 00 N5149 Gx 14p
13 27 36 -29 34 00 N5150 Gx 1.4 13p
13 26 36 +16 52 00 N5151 Gx 15p
13 27 54 -29 37 00 N5152 Gx 14p
13 28 00 -29 37 00 N5153 Gx 14p
13 26 24 +36 00 00 N5154 Gx 15p
13 29 36 -63 25 00 N5155 -
13 28 42 -48 55 00 N5156 Gx 2.1 13p
13 27 24 +32 01 00 N5157 Gx 14p
13 27 42 +17 46 00 N5158 Gx 14p
13 28 18 +02 59 00 N5159 Gx 15p
13 28 18 +05 59 00 N5160 D*
13 29 12 -33 10 00 N5161 Gx 5.4 12p
13 29 06 +11 16 00 N5162 Gx 15p
13 26 54 +52 45 00 N5163 Gx 15p
13 27 12 +55 29 00 N5164 Gx 1.2 15p
13 28 36 +11 23 00 N5165 Gx 14p
13 28 18 +32 01 00 N5166 Gx 14p
13 28 36 +12 42 00 N5167 Gx 14p
13 31 12 -60 56 00 N5168 OC 4 9.1
13 28 12 +46 40 00 N5169 Gx 2.4 14p
13 29 48 -17 58 00 N5170 Gx 8.1 12p
13 29 18 +11 44 00 N5171 Gx 14p
13 29 18 +17 03 00 N5172 Gx 3.3 11.9
13 28 24 +46 36 00 N5173 Gx 1.3 13p
13 29 18 +11 00 00 N5174 Gx 13p
13 29 18 +11 00 00 N5175 Gx 13p
13 29 18 +11 47 00 N5176 Gx 15p
13 29 18 +11 48 00 N5177 Gx 15p
13 29 24 +11 37 00 N5178 Gx 15p
13 29 24 +11 45 00 N5179 Gx 15p
13 29 24 +16 49 00 N5180 Gx 14p
13 29 36 +13 18 00 N5181 Gx 14p
13 30 42 -28 08 00 N5182 Gx 13p
13 30 06 -01 44 00 N5183 Gx 13p
13 30 12 -01 41 00 N5184 Gx 13p
13 30 00 +13 25 00 N5185 Gx 14p
13 30 00 +12 10 00 N5186 Gx 15p
13 29 54 +31 07 00 N5187 Gx 14p
13 31 18 -34 47 00 N5188 Gx 13p
13 33 30 -65 59 00 N5189 Pl 2.6 10p
13 30 36 +18 08 00 N5190 Gx 13p
13 30 42 +11 12 00 N5191 Gx 15p
13 30 54 -01 47 00 N5192 Gx 15p
13 31 54 -33 14 00 N5193 Gx 1.8 13p
13 29 54 +47 12 00 N5194 Gx 11.0 8.4
13 30 00 +47 16 00 N5195 Gx 5.4 9.6
13 31 24 -01 37 00 N5196 Gx 15p
13 31 30 -01 42 00 N5197 Gx 15p
13 30 12 +46 40 00 N5198 Gx 2.1 13p
13 30 36 +34 49 00 N5199 Gx 15p
13 31 42 -00 02 00 N5200 D*
13 29 12 +53 04 00 N5201 Gx 14p
13 32 06 -01 42 00 N5202 Gx 15p
13 32 12 -08 48 00 N5203 Gx 14p
13 29 36 +58 25 00 N5204 Gx 4.8 11.3
13 29 54 +62 31 00 N5205 Gx 3.4 13p
13 33 42 -48 09 00 N5206 Gx
13 32 12 +13 54 00 N5207 Gx 14p
13 32 30 +07 19 00 N5208 Gx 14p
13 32 42 +07 20 00 N5209 Gx 14p
13 32 54 +07 10 00 N5210 Gx 14p
13 33 12 -01 02 00 N5211 Gx 14p
13 32 36 +07 18 00 N5212 Gx 15p
13 34 42 +04 07 00 N5213 Gx 15p
13 32 48 +41 52 00 N5214 Gx 14p
13 35 00 -33 30 00 N5215 Gx 15p
13 32 06 +62 42 00 N5216 Gx 3.0 14p
13 34 06 +17 51 00 N5217 Gx 14p
13 32 12 +62 46 00 N5218 Gx 2.1 12.3
13 38 42 -45 51 00 N5219 Gx
13 35 54 -33 28 00 N5220 Gx
13 34 54 +13 49 00 N5221 Gx 14p
13 34 54 +13 44 00 N5222 Gx 14p
13 34 24 +34 42 00 N5223 Gx 1.8 14p
13 35 12 +06 28 00 N5224 Gx 15p
13 33 18 +51 30 00 N5225 Gx 14p
13 35 00 +13 54 00 N5226 Gx
13 35 18 +01 25 00 N5227 Gx 1.9 15p
13 34 30 +34 46 00 N5228 Gx 14p
13 34 06 +47 55 00 N5229 Gx 3.3 14p
13 35 30 +13 40 00 N5230 Gx 2.2 13p
13 35 48 +02 59 00 N5231 Gx 14p
13 36 00 -08 30 00 N5232 Gx 13p
13 35 06 +34 40 00 N5233 Gx 15p
13 37 30 -49 50 00 N5234 Gx 1.2
13 36 06 +06 33 59 N5235 Gx 15p
13 37 00 -29 52 00 N5236 Gx 11.2 7.6
13 37 36 -42 52 00 N5237 Gx
13 34 42 +51 37 00 N5238 Gx 2.0 13p
13 36 30 +07 22 00 N5239 Gx 14p
13 35 54 +35 34 00 N5240 Gx 14p
13 36 36 -08 24 00 N5241 Gx 15p
13 37 06 +02 46 00 N5242 -
13 36 12 +38 20 59 N5243 Gx 1.7 14p
13 38 36 -45 53 00 N5244 Gx
13 37 30 +03 53 00 N5245 Gx
13 37 30 +04 05 00 N5246 Gx 15p
13 38 06 -17 53 00 N5247 Gx 5.4 10.5
13 37 30 +08 53 00 N5248 Gx 6.5 10.2
13 37 36 +15 58 00 N5249 Gx 14p
13 36 00 +51 14 00 N5250 Gx 14p
13 37 30 +27 25 00 N5251 Gx 14p
13 38 18 +04 31 00 N5252 Gx 14p
13 39 54 -31 39 00 N5253 Gx 4.0 10.6
13 39 36 -11 30 00 N5254 Gx 3.2 13p
13 37 18 +57 06 00 N5255 Gx 15p
13 38 18 +48 17 00 N5256 Gx 1.4 14p
13 39 54 +00 50 00 N5257 Gx 1.9 14p
13 40 00 +00 50 00 N5258 Gx 1.8 14p
13 39 18 +30 59 00 N5259 Gx 15p
13 40 24 -23 51 00 N5260 Gx 1.9 13p
13 40 18 +05 03 00 N5261 Gx 15p
13 35 24 +75 02 00 N5262 Gx 15p
13 40 00 +28 24 00 N5263 Gx 14p
13 41 36 -29 55 01 N5264 Gx 1.8 13p
13 40 06 +36 51 00 N5265 Gx 15p
13 43 00 -48 11 00 N5266 Gx 3.2 12p
13 40 36 +38 46 00 N5267 Gx 14p
13 42 06 -13 52 00 N5268 *?
13 44 48 -62 55 00 N5269 -
13 42 18 +04 14 00 N5270 Gx 14p
13 41 36 +30 06 59 N5271 Gx 15p
13 42 12 +28 23 00 N5272 Gb 16.2 6.4
13 42 06 +35 39 00 N5273 Gx 3.1 11.6
13 42 18 +29 50 00 N5274 Gx 15p
13 42 18 +29 49 00 N5275 Gx 15p
13 42 24 +35 38 00 N5276 Gx 1.1 15p
13 42 36 +29 57 00 N5277 Gx 15p
13 41 36 +55 39 59 N5278 Gx 1.4 14p
13 41 42 +55 39 59 N5279 Gx 1.3 14p
13 42 48 +29 51 00 N5280 Gx 15p
13 46 36 -62 54 00 N5281 OC 5 5.9
13 43 18 +30 04 00 N5282 Gx 15p
13 41 06 +67 40 00 N5283 Gx 1.3 14p
13 46 36 -59 11 00 N5284 -
13 44 30 +02 05 00 N5285 Gx 15p
13 46 24 -51 22 00 N5286 Gb 9.1 7.6
13 44 54 +29 48 00 N5287 Gx 16p
13 48 42 -64 41 00 N5288 OC 4 12p
13 45 06 +41 30 00 N5289 Gx 1.9 14p
13 45 18 +41 43 00 N5290 Gx 3.7 13p
13 47 24 -30 25 00 N5291 Gx 1.4
13 47 42 -30 57 00 N5292 Gx 1.6 14p
13 46 54 +16 15 59 N5293 Gx 1.9 14p
13 45 12 +55 17 00 N5294 Gx 15p
13 38 36 +79 27 00 N5295 Gx 15p
13 46 18 +43 51 00 N5296 Gx 1.2 15p
13 46 24 +43 52 00 N5297 Gx 5.6 12p
13 48 12 -30 27 00 N5298 Gx 1.4 14p
13 50 24 -59 56 00 N5299 At 30
13 48 18 +03 57 00 N5300 Gx 3.9 12p
13 46 24 +46 06 00 N5301 Gx 4.4 13p
13 48 48 -30 31 00 N5302 Gx 1.7 12.2
13 47 48 +38 18 00 N5303 Gx 1.1 13p
13 50 00 -30 35 00 N5304 Gx 1.0 15p
13 47 54 +37 50 00 N5305 Gx 14p
13 49 06 -07 12 00 N5306 Gx 14p
13 51 06 -51 12 00 N5307 Pl 0.2 12p
13 47 00 +60 58 00 N5308 Gx 3.5 11.3
13 50 00 -15 45 00 N5309 -
13 49 48 +00 04 00 N5310 S*
13 49 00 +40 00 00 N5311 Gx 13p
13 49 48 +33 38 00 N5312 Gx 15p
13 49 42 +39 59 00 N5313 Gx 1.9 13p
13 46 12 +70 21 00 N5314 Gx 14p
13 53 54 -66 31 00 N5315 Pl 0.1 13p
13 53 54 -61 52 00 N5316 OC 14 6.0
13 51 12 +05 00 00 N5317 -
13 50 30 +33 43 00 N5318 Gx 13p
13 50 30 +33 43 00 N5319 Gx 15p
13 50 18 +41 22 00 N5320 Gx 3.5 13p
13 50 42 +33 39 00 N5321 Gx 15p
13 49 18 +60 12 00 N5322 Gx 5.5 10.0
13 45 30 +76 51 00 N5323 Gx 14p
13 52 06 -06 03 00 N5324 Gx 2.4 12p
13 51 00 +38 17 00 N5325 Gx 15p
13 50 48 +39 34 00 N5326 Gx 2.5 13p
13 52 06 -02 12 00 N5327 Gx 14p
13 52 54 -28 29 00 N5328 Gx 1.7 11.8
13 52 12 +02 20 00 N5329 Gx 14p
13 53 00 -28 28 00 N5330 Gx 15p
13 52 24 +02 06 00 N5331 Gx 14p
13 52 06 +16 59 00 N5332 Gx 14p
13 54 30 -48 31 00 N5333 Gx 1.9
13 52 54 -01 07 00 N5334 Gx 4.4 12p
13 53 00 +02 50 00 N5335 Gx 14p
13 52 06 +43 15 00 N5336 Gx 13p
13 52 30 +39 42 00 N5337 Gx 13p
13 53 30 +05 13 00 N5338 Gx 14p
13 53 48 -07 56 00 N5339 Gx 2.1 12p
13 49 06 +72 39 00 N5340 Gx 15p
13 52 36 +37 50 00 N5341 Gx 14p
13 51 24 +59 53 00 N5342 Gx 14p
13 54 00 -07 34 00 N5343 Gx 14p
13 50 00 +73 58 00 N5344 Gx 15p
13 54 18 -01 25 00 N5345 Gx 14p
13 53 12 +39 35 00 N5346 Gx 15p
13 53 18 +33 29 00 N5347 Gx 1.9 12.6
13 54 12 +05 14 00 N5348 Gx 3.6 14p
13 53 12 +37 54 00 N5349 Gx 15p
13 53 24 +40 22 00 N5350 Gx 3.2 11.4
13 53 30 +37 55 00 N5351 Gx 3.1 12.1
13 53 36 +36 09 00 N5352 Gx 14p
13 53 30 +40 17 00 N5353 Gx 2.8 11.1
13 53 30 +40 18 00 N5354 Gx 2.3 11.5
13 53 48 +40 21 00 N5355 Gx 14p
13 55 00 +05 20 00 N5356 Gx 3.2 14p
13 56 00 -30 20 00 N5357 Gx 14p
13 54 06 +40 17 00 N5358 Gx 14p
13 59 48 -70 24 00 N5359 OC
13 55 42 +04 59 00 N5360 Gx 2.0 14p
13 54 42 +38 27 00 N5361 Gx 14p
13 54 54 +41 19 00 N5362 Gx 2.4 13p
13 56 06 +05 15 00 N5363 Gx 4.2 10.2
13 56 12 +05 01 00 N5364 Gx 7.1 10.4
13 57 54 -43 57 00 N5365 Gx 3.1 12p
13 56 24 -00 14 00 N5366 Gx 14p
13 57 42 -39 59 00 N5367 Nb 4
13 54 30 +54 20 00 N5368 Gx 1.1 14p
13 56 48 -05 29 00 N5369 Gx
13 54 06 +60 41 00 N5370 Gx 14p
13 55 42 +40 28 00 N5371 Gx 4.4 10.8
13 54 42 +58 41 00 N5372 Gx 13p
13 57 12 +05 16 00 N5373 Gx 15p
13 57 30 +06 06 00 N5374 Gx 1.9 14p
13 56 48 +29 10 00 N5375 Gx 3.5 12p
13 55 18 +59 30 00 N5376 Gx 2.1 13p
13 56 18 +47 14 00 N5377 Gx 4.6 11.2
13 56 48 +37 48 00 N5378 Gx 2.7 14p
13 55 36 +59 45 00 N5379 Gx 2.2 14p
13 56 54 +37 37 00 N5380 Gx 2.1 13p
14 00 36 -59 34 00 N5381 OC 14
13 58 12 +06 16 00 N5382 Gx 14p
13 57 06 +41 51 00 N5383 Gx 3.5 11.4
13 58 06 +06 32 00 N5384 Gx 14p
13 52 24 +76 11 00 N5385 -
13 58 12 +06 21 00 N5386 Gx 13p
13 58 24 +06 04 00 N5387 Gx 1.8 15p
13 58 54 -14 09 00 N5388 -
13 56 06 +59 44 00 N5389 Gx 4.1 13p
13 57 18 +40 26 00 N5390 -
13 57 00 +46 17 00 N5391 Gx 16p
13 59 24 -03 12 00 N5392
14 00 30 -28 50 00 N5393 Gx 15p
13 58 36 +37 27 00 N5394 Gx 1.9 13.0
13 58 36 +37 25 00 N5395 Gx 3.1 11.6
13 59 00 +29 07 00 N5396 -
14 01 12 -33 57 01 N5397 Gx
14 01 24 -33 04 00 N5398 Gx 2.9 13p
13 59 30 +34 47 00 N5399 Gx 14p
14 00 36 -02 51 00 N5400 Gx 14p
13 59 42 +36 15 00 N5401 Gx 14p
13 58 12 +59 49 00 N5402 Gx 14p
13 59 54 +38 11 00 N5403 Gx 3.2 15p
14 01 06 +00 04 59 N5404 D*
14 01 06 +07 42 59 N5405 Gx 14p
14 00 18 +38 55 00 N5406 Gx 2.1 13p
14 00 54 +39 09 00 N5407 Gx 14p
14 03 18 -41 23 00 N5408 Pl
14 01 42 +09 30 00 N5409 Gx 14p
14 00 42 +41 00 00 N5410 Gx 14p
14 01 54 +08 57 00 N5411 Gx 14p
13 57 24 +73 36 00 N5412 Gx 14p
13 57 54 +64 56 00 N5413 Gx 14p
14 02 00 +09 57 00 N5414 Gx 14p
13 57 00 +70 46 00 N5415 Gx 15p
14 02 06 +09 27 00 N5416 Gx 13p
14 02 06 +08 03 00 N5417 Gx 14p
14 02 12 +07 42 00 N5418 Gx 14p
14 03 42 -33 59 00 N5419 Gx 12p
14 03 00 -14 37 00 N5420 Gx 13p
14 01 42 +33 50 00 N5421 Gx 14p
14 00 42 +55 10 00 N5422 Gx 3.9 13p
14 02 42 +09 21 00 N5423 Gx 14p
14 02 54 +09 26 00 N5424 Gx 14p
14 00 48 +48 27 00 N5425 Gx 14p
14 03 24 -06 04 00 N5426 Gx 2.9 12.2
14 03 24 -06 02 00 N5427 Gx 2.5 11.4
14 03 24 -06 02 00 N5428 S*
14 03 24 -06 02 00 N5429 S*
14 00 48 +59 20 00 N5430 Gx 2.4 13p
14 03 00 +09 23 00 N5431 Gx 15p
14 03 36 -05 57 00 N5432 S*
14 02 30 +32 31 00 N5433 Gx 1.7 14p
14 03 18 +09 27 00 N5434 Gx 14p
14 03 48 -05 54 00 N5435 S*
14 03 36 +09 35 00 N5436 Gx 15p
14 03 42 +09 31 00 N5437 Gx 15p
14 03 42 +09 37 00 N5438 Gx 14p
14 02 00 +46 19 00 N5439 Gx 14p
14 03 00 +34 46 00 N5440 Gx 3.3 13p
14 03 12 +34 41 00 N5441 Gx 15p
14 04 54 -09 43 00 N5442 Gx 14p
14 02 12 +55 49 00 N5443 Gx 2.8 13p
14 03 24 +35 08 00 N5444 Gx 2.7 13p
14 03 30 +35 02 00 N5445 Gx 14p
14 05 06 +09 37 00 N5446 Gx
14 02 30 +54 17 00 N5447 K
14 02 48 +49 10 00 N5448 Gx 4.2 12p
14 02 30 +54 19 00 N5449 K
14 02 30 +54 14 00 N5450 K
14 02 42 +54 22 00 N5451 K
13 54 30 +78 13 00 N5452 Gx 2.3 13p
14 03 00 +54 18 00 N5453 K
14 04 42 +14 23 00 N5454 Gx 14p
14 03 00 +54 12 00 N5455 K
14 04 54 +11 53 00 N5456 Gx 14p
14 03 12 +54 21 00 N5457 Gx 26.9 7.7
14 03 12 +54 16 00 N5458 -
14 05 18 +13 08 00 N5459
14 07 36 -48 19 00 N5460 OC 25 5.6
14 03 42 +54 19 00 N5461 K
14 03 54 +54 22 00 N5462 K
14 06 06 +09 22 00 N5463 Gx 14p
14 07 06 -30 01 00 N5464 Gx 1.0 13p
14 06 24 -05 32 00 N5465 Gx 0.8 15p
14 05 30 +28 32 00 N5466 Gb 11.0 9.1
14 06 30 -05 29 00 N5467 S*
14 06 36 -05 27 00 N5468 Gx 2.5 12p
14 02 48 +09 20 00 N5469 Gx 15p
14 06 24 +06 02 00 N5470 Gx 14p
14 04 36 +54 24 00 N5471 K
14 06 54 -05 28 00 N5472 Gx 1.4 15p
14 04 42 +54 54 00 N5473 Gx 2.6 11.4
14 05 00 +53 40 00 N5474 Gx 4.5 10.9
14 05 12 +55 45 00 N5475 Gx 2.2 13p
14 08 12 -06 05 00 N5476 Gx 14p
14 05 37 +54 27 59 N5477 Gx 1.7 13.8
14 08 12 -01 42 00 N5478 Gx 14p
14 05 54 +65 41 00 N5479 Gx 15p
14 06 24 +50 43 00 N5480 Gx 1.8 13p
14 06 42 +50 43 00 N5481 Gx 1.7 13p
14 08 24 +08 56 00 N5482 Gx 14p
14 10 24 -43 19 00 N5483 Gx 3.1 12p
14 06 48 +55 02 00 N5484 Gx 16p
14 07 12 +55 00 00 N5485 Gx 2.6 11.5
14 07 24 +55 06 00 N5486 Gx 1.7 14p
14 09 42 +08 05 00 N5487 Gx 14p
14 08 00 -33 18 00 N5488 Gx
14 12 00 -46 05 00 N5489 Gx 1.4
14 10 00 +17 32 59 N5490 Gx 2.6 13p
14 10 54 +06 22 00 N5491 Gx 14p
14 10 30 +19 37 00 N5492 Gx 1.8 14p
14 11 30 -05 03 00 N5493 Gx 2.0 11.5
14 12 24 -30 39 00 N5494 Gx 2.2 13p
14 12 24 -27 07 00 N5495 Gx 13p
14 11 36 -01 09 00 N5496 Gx 4.4 13p
14 10 24 +38 53 00 N5497 Gx 15p
14 11 00 +25 42 00 N5498 Gx 15p
14 10 54 +35 54 00 N5499 Gx 14p
14 10 12 +48 33 00 N5500 Gx 14p
14 12 24 +01 16 00 N5501 Gx 15p
14 09 36 +60 26 00 N5502 -
14 09 24 +60 25 00 N5503 Gx 16p
14 12 18 +15 50 00 N5504 Gx 14p
14 12 30 +13 18 00 N5505 Gx 14p
14 13 12 -03 13 00 N5506 Gx 2.9 13p
14 13 18 -03 09 00 N5507 Gx 2.0 13p
14 12 24 +24 39 00 N5508 Gx 15p
14 12 18 +24 39 00 N5509 Gx
14 13 36 -17 59 00 N5510 Gx 14p
14 13 06 +08 37 00 N5511 Gx 15p
14 12 36 +30 51 00 N5512 Gx 15p
14 13 12 +20 26 00 N5513 Gx 14p
14 13 36 +07 40 00 N5514 Gx 14p
14 12 30 +39 18 00 N5515 Gx 13p
14 15 48 -48 07 00 N5516 Gx
14 13 00 +35 42 00 N5517 Gx 15p
14 13 54 +20 51 00 N5518 Gx 15p
14 14 24 +07 26 00 N5519
14 12 18 +50 22 00 N5520 Gx 13p
14 15 30 +04 24 00 N5521 Gx 14p
14 14 48 +15 09 00 N5522 Gx 14p
14 14 48 +25 19 00 N5523 Gx 4.5 13p
14 14 30 +36 24 00 N5524 Gx 15p
14 15 36 +14 17 00 N5525 Gx 14p
14 13 54 +57 46 00 N5526 Gx 14p
14 15 24 +36 11 00 N5527 Gx 16p
14 16 12 +08 17 00 N5528 Gx 15p
14 15 36 +36 13 00 N5529 Gx 5.9 13p
14 18 30 -43 24 00 N5530 Gx 4.1 12p
14 16 42 +10 53 00 N5531 Gx 14p
14 16 54 +10 48 00 N5532 Gx 1.9 12.0
14 16 06 +35 21 00 N5533 Gx 3.2 11.8
14 17 42 -07 25 00 N5534 Gx 1.4 14p
14 17 36 +08 11 00 N5535 Gx 15p
14 16 18 +39 30 00 N5536 Gx 14p
14 17 30 +07 03 00 N5537 Gx 15p
14 17 36 +07 29 00 N5538 Gx 15p
14 17 36 +08 11 00 N5539 Gx 15p
14 14 48 +60 00 00 N5540 Gx 15p
14 16 24 +39 35 00 N5541 Gx 13p
14 17 48 +07 33 00 N5542 Gx 15p
14 18 00 +07 39 00 N5543 Gx 15p
14 17 00 +36 34 00 N5544 Gx 1.1 13p
14 17 06 +36 35 00 N5545 Gx 1.3 13p
14 18 06 +07 34 00 N5546 Gx 14p
14 09 48 +78 36 00 N5547 Gx 14p
14 18 00 +25 08 00 N5548 Gx 1.9 12.5
14 18 30 +07 22 00 N5549 Gx 14p
14 18 24 +12 52 00 N5550 Gx 14p
14 18 54 +05 26 00 N5551 Gx 15p
14 18 54 +07 02 00 N5552 Gx 15p
14 18 24 +26 17 00 N5553 Gx 15p
14 19 12 +07 01 00 N5554 Gx 15p
14 19 00 -19 08 00 N5555 Gx 15p
14 20 36 -29 15 00 N5556 Gx 3.1 12p
14 18 24 +36 30 00 N5557 Gx 2.4 11.1
14 19 42 +07 02 00 N5558 -
14 19 06 +24 48 00 N5559 Gx 15p
14 20 06 +04 00 00 N5560 Gx 3.9 12.4
14 17 24 +58 44 00 N5561 Gx 15p
14 20 06 +10 15 00 N5562 Gx 14p
14 20 06 +07 03 00 N5563 Gx 15p
14 20 12 +07 01 00 N5564 -
14 20 12 +07 00 00 N5565 -
14 20 18 +03 56 00 N5566 Gx 6.5 10.5
14 19 18 +35 08 00 N5567 Gx 15p
14 19 24 +35 05 00 N5568 Gx 15p
14 20 30 +03 59 00 N5569 Gx 1.9 15p
14 19 24 +07 26 00 N5570 Gx
14 19 36 +35 09 00 N5571 -
14 19 30 +36 08 00 N5572 Gx 15p
14 20 36 +06 54 00 N5573 Gx 15p
14 20 54 +03 14 00 N5574 Gx 1.6 12.4
14 20 54 +06 12 00 N5575 Gx 14p
14 21 06 +03 16 00 N5576 Gx 3.2 10.9
14 21 12 +03 26 00 N5577 Gx 3.4 13p
14 21 12 +06 12 00 N5578 -
14 20 30 +35 11 00 N5579 Gx 14p
14 20 42 +35 13 00 N5580 ?
14 21 06 +23 29 00 N5581 Gx 15p
14 20 42 +39 42 00 N5582 Gx 13p
14 21 42 +13 13 00 N5583 Gx 14p
14 22 24 -00 23 00 N5584 Gx 3.3 12p
14 19 48 +56 44 00 N5585 Gx 5.5 10.9
14 22 06 +13 10 00 N5586 -
14 22 12 +13 54 59 N5587 Gx 2.9 14p
14 21 30 +35 07 00 N5588 D*
14 21 30 +35 15 00 N5589 Gx 14p
14 21 42 +35 11 00 N5590 Gx 13p
14 22 36 +13 43 00 N5591 Gx 14p
14 23 54 -28 41 00 N5592 Gx 1.7 13p
14 25 48 -54 49 00 N5593 OC
14 23 12 +26 15 00 N5594 Gx 15p
14 24 12 -16 43 00 N5595 Gx 2.0 12p
14 22 30 +37 07 00 N5596 Gx 1.5 15p
14 24 30 -16 46 00 N5597 Gx 2.0 12.1
14 22 30 +40 19 00 N5598 Gx 14p
14 23 42 +06 34 00 N5599 Gx 14p
14 23 48 +14 38 00 N5600 Gx 1.4 12.7
14 22 54 +40 18 00 N5601 Gx 15p
14 22 18 +50 30 59 N5602 Gx 13p
14 23 06 +40 22 00 N5603 Gx 14p
14 24 42 -03 13 00 N5604 Gx 14p
14 25 06 -13 10 00 N5605 Gx 1.8 13p
14 27 48 -59 38 00 N5606 OC 3 7.7
14 19 24 +71 35 00 N5607 Gx 1.1 14p
14 23 18 +41 46 00 N5608 Gx 2.7 13p
14 23 54 +34 50 00 N5609 Gx
14 24 18 +24 36 00 N5610 Gx 14p
14 24 12 +33 01 00 N5611 Gx 13p
14 34 06 -78 24 00 N5612 Gx 2.0 13p
14 24 06 +34 54 00 N5613 Gx 1.1 16p
14 24 06 +34 52 00 N5614 Gx 2.7 11.7
14 24 12 +34 52 00 N5615 Gx 15p
14 24 12 +36 26 00 N5616 Gx 15p
14 29 48 -60 43 01 N5617 OC 10 6.3
14 27 12 -02 16 00 N5618 Gx 1.8 15p
14 27 18 +04 48 00 N5619 Gx 2.5 14p
14 22 30 +69 34 00 N5620 Gx 15p
14 27 48 +08 15 00 N5621 -
14 26 12 +48 32 59 N5622 Gx 14p
14 27 12 +33 14 00 N5623 Gx 13p
14 26 36 +51 36 00 N5624 Gx 14p
14 27 00 +39 57 00 N5625 Gx 15p
14 29 42 -29 46 00 N5626 Gx 15p
14 28 30 +11 22 00 N5627 Gx 14p
14 28 24 +17 55 00 N5628 Gx 14p
14 28 18 +25 50 00 N5629 Gx 14p
14 27 36 +41 16 00 N5630 Gx 2.5 14p
14 26 36 +56 35 00 N5631 Gx 2.2 13p
14 28 18 -00 12 00 N5632 Gx
14 27 30 +46 09 00 N5633 Gx 2.3 12.3
14 29 36 -05 59 00 N5634 Gb 4.9 9.6
14 28 30 +27 25 00 N5635 Gx 2.6 14p
14 29 42 +03 16 00 N5636 Gx 1.9 15p
14 28 54 +23 11 00 N5637 Gx 14p
14 29 42 +03 14 00 N5638 Gx 2.6 11.3
14 28 48 +30 24 00 N5639 Gx 14p
14 20 48 +80 06 00 N5640 Gx 15p
14 29 18 +28 49 00 N5641 Gx 2.7 13p
14 29 12 +30 01 00 N5642 Gx 14p
14 32 42 -44 10 00 N5643 Gx 4.6 11p
14 30 24 +11 55 00 N5644 Gx 14p
14 30 42 +07 17 00 N5645 Gx 2.6 12.3
14 29 30 +35 26 00 N5646 Gx 15p
14 30 36 +11 52 00 N5647 Gx 15p
14 30 36 +14 00 00 N5648 Gx 14p
14 30 36 +14 00 00 N5649 Gx 14p
14 30 48 +06 00 00 N5650 Gx 0.2 15p
14 31 18 -00 56 00 N5651 -
14 30 54 +05 58 00 N5652 Gx 14p
14 30 12 +31 13 00 N5653 Gx 1.8 12.2
14 29 54 +36 20 59 N5654 Gx 14p
14 31 00 +13 59 00 N5655 Gx
14 30 24 +35 19 00 N5656 Gx 2.1 13p
14 30 42 +29 10 00 N5657 Gx 14p
14 32 24 +00 16 00 N5658 Gx 14p
14 31 06 +25 21 00 N5659 Gx 15p
14 29 48 +49 37 00 N5660 Gx 2.8 11.8
14 31 54 +06 14 00 N5661 Gx 14p
14 35 12 -56 33 00 N5662 OC 12 5.5
14 33 54 -16 34 00 N5663 Gx 15p
14 33 42 -14 35 01 N5664
14 32 24 +08 05 00 N5665 Gx 2.1 13p
14 33 06 +10 29 00 N5666 Gx 13p
14 30 24 +59 29 00 N5667 Gx 1.8 13p
14 33 24 +04 27 00 N5668 Gx 3.3 11.5
14 32 42 +09 53 00 N5669 Gx 4.1 12p
14 35 42 -45 57 00 N5670 Gx 2.0
14 27 42 +69 38 00 N5671
14 32 36 +31 40 00 N5672 Gx 1.0 13.6
14 31 30 +49 58 00 N5673 Gx 2.6 14p
14 33 48 +05 26 00 N5674 Gx 13p
14 32 36 +36 17 00 N5675 Gx 14p
14 32 48 +49 28 00 N5676 Gx 3.9 10.9
14 34 12 +25 27 00 N5677 Gx 15p
14 32 06 +57 55 00 N5678 Gx 3.2 12p
14 35 00 +05 20 00 N5679 Gx 14p
14 35 48 -00 03 00 N5680 Gx 15p
14 35 42 +08 18 00 N5681 Gx 14p
14 34 48 +48 40 00 N5682 Gx 2.0 14.0
14 34 54 +48 40 00 N5683 Gx 0.7 14.8
14 35 48 +36 32 00 N5684 Gx 14p
14 36 12 +29 54 00 N5685 Gx 15p
14 36 00 +36 29 00 N5686 Gx 15p
14 34 54 +54 29 00 N5687 Gx 2.6 11.8
14 39 30 -45 02 00 N5688 Gx 3.9
14 35 30 +48 45 00 N5689 Gx 3.7 11.9
14 37 42 +02 17 00 N5690 Gx 3.5 13p
14 37 54 -00 24 00 N5691 Gx 2.0 13p
14 38 18 +03 24 00 N5692 Gx 0.9 13p
14 36 12 +48 35 00 N5693 Gx 1.9 15p
14 39 36 -26 32 00 N5694 Gb 3.6 10.2
14 37 18 +36 33 59 N5695 Gx 14p
14 37 00 +41 49 00 N5696 Gx 14p
14 36 36 +41 41 00 N5697 Gx 14p
14 37 12 +38 27 59 N5698 Gx 14p
14 38 18 +29 30 00 N5699 -
14 37 06 +48 33 00 N5700 Gx 15p
14 39 12 +05 22 00 N5701 Gx 4.7 12p
14 38 48 +20 31 00 N5702 Gx 14p
14 38 30 +29 30 00 N5703 -
14 37 54 +40 31 00 N5704 -
14 39 48 -00 43 00 N5705 Gx 2.8 14p
14 38 36 +30 29 00 N5706 Gx 15p
14 37 30 +51 34 00 N5707 Gx 2.8 13p
14 38 18 +40 28 00 N5708 Gx 14p
14 38 48 +30 27 00 N5709 Gx 14p
14 39 18 +20 03 00 N5710 Gx 14p
14 39 24 +20 00 00 N5711 Gx 15p
14 29 42 +78 51 00 N5712 Gx 15p
14 40 12 -00 17 00 N5713 Gx 2.8 11.4
14 38 12 +46 38 00 N5714 Gx 3.0 14p
14 43 24 -57 33 00 N5715 OC 6 10p
14 41 06 -17 29 00 N5716 Gx 1.9 13p
14 38 36 +46 41 00 N5717 Gx 15p
14 40 48 +03 27 59 N5718 Gx 14p
14 40 54 -00 19 01 N5719 Gx 3.4 14p
14 38 24 +50 52 00 N5720 Gx 14p
14 38 54 +46 41 00 N5721 Gx 15p
14 39 00 +46 40 00 N5722 Gx 15p
14 38 54 +46 41 00 N5723 Gx 15p
14 39 06 +46 44 00 N5724 Gx 17p
14 41 06 +02 10 00 N5725 Gx 14p
14 42 54 -18 26 00 N5726
14 40 30 +33 59 00 N5727 Gx 2.3 14p
14 42 24 -17 15 00 N5728 Gx 2.8 11.3
14 42 00 -09 03 00 N5729 Gx 3.0 13p
14 40 18 +42 45 00 N5730
14 40 00 +42 46 00 N5731 Gx 14p
14 40 36 +38 39 00 N5732 Gx 14p
14 42 48 -00 21 00 N5733 Gx 1.3 15p
14 45 06 -20 52 00 N5734 Gx 14p
14 42 24 +28 44 00 N5735 Gx 14p
14 43 30 +11 13 00 N5736 Gx 15p
14 43 12 +18 53 00 N5737 Gx 14p
14 44 00 +01 37 00 N5738 Gx 14p
14 42 30 +41 50 00 N5739 Gx 2.2 13p
14 44 24 +01 40 59 N5740 Gx 3.1 11.9
14 46 06 -11 54 00 N5741 Gx 15p
14 45 48 -11 48 00 N5742 Gx 14p
14 45 06 -20 54 00 N5743 Gx 13p
14 43 54 -18 29 00 N5744 Gx
14 45 06 -13 56 00 N5745 Gx 14p
14 44 54 +01 57 00 N5746 Gx 7.9 10.6
14 44 24 +12 08 59 N5747 Gx 14p
14 45 00 +21 55 00 N5748 Gx 15p
14 48 54 -54 31 00 N5749 OC 8 9p
14 46 12 -00 13 00 N5750 Gx 2.9 11.6
14 43 54 +53 25 00 N5751 Gx 14p
14 45 18 +38 43 00 N5752 Gx 14p
14 45 24 +38 43 00 N5753 Gx 15p
14 45 24 +38 47 00 N5754 Gx 14p
14 45 30 +38 46 00 N5755 Gx 15p
14 47 36 -14 51 00 N5756 Gx 2.0 13p
14 47 48 -19 05 01 N5757 Gx 2.1 13p
14 47 06 +13 40 00 N5758 Gx 15p
14 47 18 +13 28 00 N5759 Gx 15p
14 47 42 +18 30 59 N5760 Gx 14p
14 49 06 -20 22 00 N5761 Gx 14p
14 48 42 +12 28 00 N5762 Gx 14p
14 49 00 +12 29 00 N5763 Gx 15p
14 53 36 -52 41 00 N5764 OC 2 13p
14 50 48 +05 07 00 N5765 Gx 14p
14 53 12 -21 22 00 N5766 Gx 14p
14 49 42 +47 23 00 N5767 Gx 15p
14 52 06 -02 32 00 N5768 Gx 2.0 13p
14 52 36 +07 56 00 N5769 Gx 15p
14 53 24 +03 57 00 N5770 Gx 13p
14 52 12 +29 51 00 N5771 Gx 14p
14 51 42 +40 36 00 N5772 Gx 2.3 14p
14 52 30 +29 48 00 N5773 Gx 14p
14 53 42 +03 35 00 N5774 Gx 3.2 12.2
14 54 00 +03 33 00 N5775 Gx 4.3 11.4
14 54 36 +02 57 59 N5776 Gx 14p
14 51 18 +58 58 00 N5777 Gx 3.3 14p
14 54 30 +18 37 59 N5778 Gx 15p
14 52 12 +55 54 00 N5779 Gx 15p
14 54 24 +28 57 00 N5780 Gx 14p
14 56 36 -17 15 00 N5781 Gx 14p
14 55 54 +11 53 00 N5782
14 53 30 +52 05 00 N5783 Gx 3.0 13p
14 54 12 +42 33 00 N5784 Gx 13p
14 53 54 +52 09 00 N5785 -
14 59 00 -42 01 00 N5786 Gx
14 55 18 +42 30 00 N5787 Gx 1.2 14p
14 53 12 +52 03 00 N5788 Gx 15p
14 56 36 +30 13 00 N5789 Gx 14p
14 57 30 +08 17 00 N5790 Gx 15p
14 58 48 -19 16 00 N5791 Gx 2.4 13p
14 58 24 -01 05 00 N5792 Gx 7.2 12p
14 59 24 -16 42 00 N5793 Gx 1.8 13.2
14 55 42 +49 44 00 N5794 Gx 14p
14 56 18 +49 23 00 N5795 Gx 14p
14 59 24 -16 37 00 N5796 Gx 1.9 13p
14 56 18 +49 42 00 N5797 Gx 13p
14 57 42 +29 58 00 N5798 Gx 13p
15 05 30 -72 26 00 N5799 Gx
15 02 00 -51 55 00 N5800 -
15 00 24 -13 54 00 N5801 Gx
15 00 30 -13 55 00 N5802 Gx
15 01 00 -13 54 01 N5803
14 55 42 +49 39 00 N5804 Gx
14 55 54 +49 43 00 N5805 Gx
15 00 00 +01 54 00 N5806 Gx 3.1 11.6
14 55 42 +63 55 00 N5807 Gx 15p
14 53 48 +73 01 00 N5808
15 00 54 -14 10 01 N5809 Gx 14p
15 02 36 -17 53 00 N5810 Gx 14p
15 00 30 +01 37 00 N5811 Gx 1.0 15p
15 01 00 -07 27 01 N5812 Gx 2.4 11.2
15 01 12 +01 42 00 N5813 Gx 3.6 10.7
15 01 24 +01 37 00 N5814 Gx 14p
15 00 30 -16 50 00 N5815 Gx 14p
15 02 06 -16 08 00 N5816 -
14 59 36 -16 11 00 N5817 Gx 15p
14 58 48 +49 49 00 N5818 Gx 15p
14 54 00 +73 08 00 N5819 Gx 14p
14 58 42 +53 53 00 N5820 Gx 2.5 11.9
14 58 54 +53 55 00 N5821 Gx 15p
15 05 12 -54 21 00 N5822 OC 40 7p
15 05 42 -55 36 00 N5823 OC 10 7.9
15 04 00 -33 04 00 N5824 Gb 6.2 9.0
15 02 00 +18 42 00 N5825 -
14 59 48 +55 31 00 N5826 -
15 01 48 +25 58 00 N5827 Gx 1.4 14p
15 00 36 +49 59 00 N5828 Gx 14p
15 02 42 +23 20 00 N5829 Gx 1.9 15p
15 01 42 +47 52 00 N5830 Gx 15p
15 04 06 +01 13 00 N5831 Gx 2.2 11.5
14 57 48 +71 41 00 N5832 Gx 4.0 12p
15 11 47 -72 52 00 N5833 Gx
15 04 00 -33 04 00 N5834
15 02 18 +48 52 00 N5835 Gx 15p
14 59 30 +73 53 00 N5836 Gx 15p
15 04 42 +12 38 00 N5837 Gx 14p
15 05 24 +02 06 00 N5838 Gx 4.2 10.8
15 05 30 +01 38 00 N5839 Gx 1.4 14p
15 04 18 +29 29 59 N5840 -
15 05 36 +01 59 00 N5841 -
15 04 48 +21 04 00 N5842 Gx 15p
15 07 30 -36 20 01 N5843 Gx 2.0
15 10 42 -64 41 00 N5844
15 06 00 +01 38 00 N5845 Gx 0.9 12.3
15 06 24 +01 36 00 N5846 Gx 3.4 10.2
15 06 18 +06 23 00 N5847 Gx 15p
15 06 42 +02 00 00 N5848 Gx 15p
15 06 54 -14 36 00 N5849 Gx 15p
15 07 06 +01 33 00 N5850 Gx 4.3 11.0
15 06 54 +12 52 00 N5851 Gx 15p
15 07 00 +12 51 00 N5852 Gx 14p
15 05 48 +39 31 00 N5853 Gx 15p
15 07 48 +02 34 00 N5854 Gx 2.7 11.8
15 07 54 +03 58 00 N5855 Gx 15p
15 07 18 +18 26 59 N5856 -
15 07 30 +19 35 59 N5857 Gx 1.4 13.1
15 08 48 -11 13 00 N5858 Gx 1.4 14p
15 07 36 +19 35 00 N5859 Gx 3.0 12.4
15 06 36 +42 38 00 N5860 Gx 1.0 14p
15 09 18 -11 19 00 N5861 Gx 3.0 12p
15 06 00 +55 34 00 N5862 Gx 15p
15 10 48 -18 27 00 N5863 Gx 14p
15 09 36 +03 03 00 N5864 Gx 2.8 13p
15 09 54 +00 31 00 N5865 Gx 15p
15 06 30 +55 46 00 N5866 Gx 5.2 10.0
15 06 24 +55 44 00 N5867 -
15 09 54 +00 31 00 N5868
15 09 54 +00 28 00 N5869 13p
15 06 36 +55 28 00 N5870 Gx 15p
15 10 06 +00 31 00 N5871 S*
15 11 00 -11 30 00 N5872 Gx 14p
15 12 48 -38 08 00 N5873 Pl 0.1 13p
15 07 54 +54 45 00 N5874 Gx 2.5 14p
15 09 12 +52 32 00 N5875 Gx 2.6 13p
15 09 30 +54 30 00 N5876 Gx 2.6 14p
15 12 48 -04 56 00 N5877 T*
15 13 48 -14 16 00 N5878 Gx 3.5 11.5
15 09 48 +57 00 00 N5879 Gx 4.4 11.5
15 15 06 -14 34 00 N5880 Gx 15p
15 09 06 +62 57 00 N5881
15 16 48 -45 39 00 N5882 Pl 0.1 11p
15 15 12 -14 37 00 N5883 Gx
15 13 12 +31 52 00 N5884
15 15 06 -10 05 00 N5885 Gx 3.5 11.7
15 12 42 +41 13 00 N5886 Gx 15p
15 14 48 +01 08 00 N5887 Gx 15p
15 13 06 +41 16 00 N5888 Gx 1.5 14p
15 13 18 +41 20 00 N5889 Gx 0.9 16p
15 17 54 -17 35 00 N5890 Gx 14p
15 16 18 -11 31 00 N5891 Gx 14p
15 13 42 -15 30 01 N5892 Gx 13p
15 13 36 +41 57 59 N5893 Gx 1.4 14p
15 11 42 +59 49 00 N5894 Gx 3.3 13p
15 13 48 +41 59 00 N5895 Gx 15p
15 13 48 +41 59 00 N5896 Gx 15p
15 17 24 -21 01 00 N5897 Gb 12.6 8.6
15 18 12 -24 06 00 N5898 Gx 1.7 11.5
15 15 00 +42 03 00 N5899 Gx 3.0 11.8
15 15 06 +42 13 00 N5900 Gx 1.6 15p
15 15 06 +42 12 00 N5901 S*
15 14 24 +50 21 00 N5902 Gx 15p
15 18 36 -24 04 00 N5903 Gx 2.0 11.5
15 18 36 +02 05 00 N5904 Gb 17.4 5.8
15 15 24 +55 31 00 N5905 Gx 4.2 12p
15 15 48 +56 20 00 N5906 Gx 0.5 14p
15 15 54 +56 19 00 N5907 Gx 12.3 10.4
15 16 42 +55 24 59 N5908 Gx 3.2 11.9
15 11 30 +75 22 00 N5909 Gx 14p
15 19 18 +20 55 00 N5910 Gx 15p
15 20 24 +03 32 00 N5911 Gx 14p
15 11 42 +75 22 00 N5912 Gx 14p
15 20 54 -02 35 00 N5913 Gx 14p
15 18 42 +41 52 00 N5914 Gx 15p
15 21 36 -13 06 00 N5915 Gx 1.6 12p
15 21 36 -13 10 00 N5916 Gx 2.9 14p
15 21 24 -07 22 00 N5917 Gx 14p
15 19 18 +45 54 00 N5918 Gx 14p
15 21 30 +07 44 00 N5919 Gx 15p
15 21 48 +07 42 00 N5920 Gx 1.4 13.6
15 21 54 +05 04 00 N5921 Gx 4.9 10.8
15 21 12 +41 40 00 N5922 Gx 0.5 15p
15 21 12 +41 43 00 N5923 Gx 2.0 15p
15 21 54 +31 14 00 N5924 Gx 15p
15 27 42 -54 31 00 N5925 OC 15 8p
15 23 24 +12 42 00 N5926 Gx 15p
15 28 00 -50 40 00 N5927 Gb 12.0 8.3
15 25 54 +18 05 00 N5928 Gx 14p
15 26 06 +41 40 00 N5929 Gx 1.1 13p
15 26 06 +41 41 00 N5930 Gx 2.0 13p
15 29 30 +07 35 00 N5931 Gx 15p
15 26 48 +48 37 00 N5932 Gx 15p
15 27 00 +48 37 00 N5933 Gx 15p
15 28 12 +42 55 00 N5934 Gx 14p
15 28 18 +42 56 00 N5935 Gx 15p
15 30 00 +12 59 00 N5936 Gx 1.5 12.4
15 30 48 -02 49 00 N5937 Gx 13p
15 36 24 -66 52 00 N5938 Gx 2.8
15 24 48 +68 45 00 N5939 Gx 13p
15 31 12 +07 28 00 N5940 Gx 14p
15 31 30 +07 20 00 N5941 Gx 15p
15 31 36 +07 18 00 N5942 Gx 15p
15 29 48 +42 47 00 N5943 Gx 14p
15 31 42 +07 19 00 N5944 Gx 15p
15 29 48 +42 55 00 N5945 Gx 14p
15 35 30 -50 40 00 N5946 Gb 7.1 9.6
15 30 42 +42 43 00 N5947 Gx 15p
15 32 54 +03 59 00 N5948 -
15 28 00 +64 46 00 N5949 Gx 2.4 13p
15 31 30 +40 26 00 N5950 Gx 15p
15 33 42 +15 00 00 N5951 Gx 3.5 13p
15 34 48 +04 57 00 N5952 Gx 15p
15 34 30 +15 12 00 N5953 Gx 2.0 13p
15 34 36 +15 12 00 N5954 Gx 1.3 14p
15 35 06 +05 04 00 N5955 Gx 15p
15 35 00 +11 45 00 N5956 Gx 13p
15 35 24 +12 03 00 N5957 Gx 3.0 13p
15 34 42 +28 40 00 N5958 Gx 13p
15 37 24 -16 37 00 N5959 Gx 14p
15 36 12 +05 40 00 N5960 Gx 15p
15 35 12 +30 51 00 N5961 Gx 0.8 14p
15 36 30 +16 37 00 N5962 Gx 2.8 11.4
15 33 30 +56 35 00 N5963 Gx 3.5 12p
15 37 36 +05 59 00 N5964 Gx 4.2 13p
15 34 00 +56 42 00 N5965 Gx 5.4 13p
15 35 48 +39 47 00 N5966 Gx 14p
15 48 06 -75 40 01 N5967 Gx 2.9 12p
15 39 54 -30 33 01 N5968 Gx 2.2 13p
15 34 54 +56 28 00 N5969 Gx 15p
15 38 30 +12 11 00 N5970 Gx 3.0 11.4
15 35 36 +56 29 00 N5971 Gx 15p
15 38 48 +17 02 00 N5972 Gx 15p
15 40 12 -08 37 00 N5973 Gx
15 39 00 +31 45 00 N5974 Gx 0.5 14p
15 40 00 +21 28 00 N5975 Gx 14p
15 36 48 +59 23 00 N5976 Gx 1.0 14.8
15 40 24 +17 07 00 N5977 Gx 15p
15 42 24 -13 14 00 N5978 Gx 14p
15 47 42 -61 13 00 N5979 Pl 0.1
15 41 24 +15 47 00 N5980 Gx 2.1 13p
15 37 54 +59 23 00 N5981 Gx 2.8 13.0
15 38 42 +59 21 00 N5982 Gx 2.9 11.1
15 42 42 +08 13 59 N5983 Gx 15p
15 42 54 +14 14 00 N5984 Gx 3.0 13p
15 39 36 +59 20 00 N5985 Gx 5.5 11.0
15 46 06 -37 47 00 N5986 Gb 9.8 7.1
15 39 54 +58 04 59 N5987 Gx 4.7 13p
15 44 36 +10 17 00 N5988 Gx 15p
15 41 30 +59 45 00 N5989 Gx 13p
15 46 24 +02 24 00 N5990 Gx 13p
15 45 18 +24 36 59 N5991 Gx 14p
15 44 24 +41 05 00 N5992 Gx 1.1 14p
15 44 30 +41 07 00 N5993 Gx 14p
15 46 48 +17 51 00 N5994 Gx 15p
15 48 24 -13 47 00 N5995 Gx 14p
15 46 54 +17 52 00 N5996 Gx 13p
15 47 24 +08 19 00 N5997 Gx 15p
15 49 24 -28 36 00 N5998 -
15 52 12 -56 28 00 N5999 OC 5 9p
