15 49 54 -29 24 00 N6000 Gx 1.9
15 47 42 +28 38 00 N6001 Gx 14p
15 47 42 +28 37 00 N6002 Gx 0.2 17p
15 49 18 +19 01 00 N6003 Gx 14p
15 50 18 +18 56 00 N6004 Gx 13p
15 55 48 -57 26 00 N6005 OC 3 10.7
15 53 00 +12 02 00 N6006 Gx 15p
15 53 24 +11 56 59 N6007 Gx 1.9 14p
15 52 54 +21 08 00 N6008 Gx 14p
15 53 30 +12 04 59 N6009 Gx 15p
15 54 24 +00 32 00 N6010 Gx 13p
15 46 36 +72 09 00 N6011 Gx 14p
15 54 12 +14 35 00 N6012 Gx 2.3 13p
15 52 54 +40 39 00 N6013 Gx 14p
15 55 48 +05 57 00 N6014 Gx 14p
15 51 24 +62 19 00 N6015 Gx 5.4 11.2
15 55 54 +26 59 00 N6016 Gx 15p
15 57 12 +06 00 00 N6017 Gx 14p
15 57 30 +15 51 00 N6018 Gx 1.8 15p
15 52 18 +64 51 00 N6019 Gx 15p
15 57 12 +22 24 00 N6020 Gx 1.7 12.6
15 57 30 +15 56 00 N6021 Gx 2.1 14p
15 57 48 +16 16 00 N6022 Gx 0.8 15p
15 57 48 +16 18 00 N6023 Gx 1.4 15p
15 53 12 +64 56 00 N6024 Gx 15p
16 03 42 -60 30 00 N6025 OC 12 5.1
16 01 24 -34 32 01 N6026 Pl 0.8
15 59 12 +20 45 00 N6027 Gx 2.2 12.4
16 01 24 +19 20 59 N6028 Gx 1.7 13.2
16 02 00 +12 34 00 N6029 Gx 15p
16 01 48 +17 58 00 N6030 Gx 14p
16 07 36 -54 04 00 N6031 OC 2 8.5
16 03 00 +20 58 00 N6032 Gx 1.8 15p
16 04 24 -02 08 00 N6033 Gx 15p
16 03 24 +17 12 00 N6034 Gx 15p
16 03 24 +20 54 00 N6035 Gx 1.2 14p
16 04 24 +03 52 00 N6036 Gx 14p
16 04 24 +03 48 00 N6037 Gx 15p
16 02 36 +37 21 00 N6038 Gx 14p
16 04 24 +17 42 00 N6039 S*
16 04 24 +17 45 00 N6040 Gx 1.6 15p
16 04 36 +17 43 00 N6041 Gx 1.6 13.7
16 04 36 +17 42 00 N6042 Gx 15p
16 04 54 +17 47 00 N6043 Gx 15p
16 05 00 +17 52 00 N6044 Gx 0.5 16p
16 05 06 +17 45 00 N6045 Gx 1.3 14.2
16 04 54 +19 21 00 N6046 -
16 05 06 +17 43 00 N6047 Gx 1.3 13.6
15 57 36 +70 42 00 N6048 Gx 2.5 14p
16 05 42 +08 06 00 N6049 -
16 05 24 +17 46 00 N6050 Gx 15p
16 04 54 +23 56 00 N6051 Gx 1.9 13.0
16 05 12 +20 32 00 N6052 Gx 1.0 13.0
16 05 24 +18 08 00 N6053 S*
16 05 24 +17 47 00 N6054 Gx 15p
16 05 30 +18 10 00 N6055 Gx 1.5 15p
16 05 30 +17 58 00 N6056 Gx 15p
16 05 36 +18 10 00 N6057 Gx 15p
16 04 24 +40 41 00 N6058 Pl 0.4 13p
16 07 24 -06 25 00 N6059
16 05 54 +21 30 00 N6060 Gx 2.2 14p
16 06 18 +18 15 00 N6061 Gx 1.4 15p
16 06 18 +19 47 00 N6062 Gx 14p
16 07 12 +07 58 00 N6063 Gx 14p
16 07 00 +20 33 00 N6064 -
16 07 30 +13 52 00 N6065 Gx 15p
16 07 42 +13 56 00 N6066 Gx 15p
16 13 12 -54 13 00 N6067 OC 13 5.6
15 55 24 +79 00 00 N6068 Gx 1.2 13p
16 07 42 +38 55 00 N6069 Gx 15p
16 10 00 +00 43 00 N6070 Gx 3.6 11.7
16 01 06 +70 37 00 N6071 Gx 15p
16 13 00 -36 14 00 N6072 Pl 1.2 14p
16 10 06 +16 42 00 N6073 Gx 14p
16 11 24 +14 15 00 N6074 Gx 15p
16 11 24 +23 57 00 N6075 Gx 15p
16 11 06 +26 52 00 N6076 Gx 15p
16 11 06 +26 56 00 N6077 Gx 15p
16 12 06 +14 12 00 N6078 Gx 14p
16 04 30 +69 38 00 N6079
16 13 06 +02 10 00 N6080 Gx 14p
16 13 00 +09 52 00 N6081 Gx 14p
16 15 36 -34 15 00 N6082 -
16 13 18 +14 10 00 N6083 Gx 15p
16 14 12 +17 45 00 N6084 Gx 15p
16 12 30 +29 22 00 N6085 Gx 14p
16 12 36 +29 29 00 N6086 Gx 2.0 15p
16 18 54 -57 54 00 N6087 OC 12 5.4
16 10 42 +57 28 00 N6088 Gx 14p
16 12 42 +33 02 00 N6089 Gx 15p
16 11 42 +52 27 00 N6090 Gx 1.9 14p
16 07 48 +69 55 00 N6091 Gx 14p
16 12 42 +27 58 00 N6092 Gx 15p
16 17 00 -22 59 01 N6093 Gb 8.9 7.2
16 06 36 +72 30 00 N6094 Gx 14p
16 11 06 +61 16 00 N6095 Gx 14p
16 14 42 +26 34 00 N6096 Gx 15p
16 14 18 +35 06 00 N6097 Gx 15p
16 15 36 +19 27 00 N6098 Gx 14p
16 15 36 +19 27 00 N6099 Gx 14p
16 17 00 +00 47 59 N6100 Gx 14p
16 25 48 -72 12 00 N6101 Gb 10.7 9.3
16 15 36 +28 09 00 N6102 Gx 15p
16 15 42 +31 57 00 N6103 Gx 14p
16 16 30 +35 42 00 N6104 Gx 14p
16 17 00 +34 51 59 N6105 Gx 15p
16 18 48 +07 25 00 N6106 Gx 2.6 12.2
16 17 12 +34 53 00 N6107 Gx 14p
16 17 18 +35 07 00 N6108 Gx 15p
16 17 42 +35 00 00 N6109 Gx 1.3 15p
16 17 36 +35 05 00 N6110 Gx 15p
16 15 30 +62 44 00 N6111
16 17 54 +35 06 00 N6112 Gx 15p
16 19 12 +14 07 00 N6113 Gx 15p
16 18 18 +35 10 00 N6114 Gx 15p
16 24 36 -51 58 01 N6115 OC 3 11p
16 18 48 +35 09 00 N6116 Gx 15p
16 19 18 +37 05 00 N6117 Gx 14p
16 21 48 -02 17 00 N6118 Gx 4.7 12p
16 19 42 +37 48 00 N6119 Gx 15p
16 19 48 +37 47 00 N6120 Gx 0.6 14p
16 23 36 -26 32 00 N6121 Gb 26.3 5.9
16 20 12 +37 48 00 N6122 Gx 15p
16 17 12 +61 56 00 N6123 Gx 14p
16 25 36 -40 40 00 N6124 OC 29 5.8
16 18 54 +57 36 00 N6125 -
16 21 24 +36 23 00 N6126 Gx 14p
16 19 12 +57 58 00 N6127 Gx 13p
16 19 06 +57 59 00 N6128 Gx 1.4 13p
16 21 48 +37 59 00 N6129 Gx 14p
16 19 30 +57 37 00 N6130 Gx 14p
16 22 00 +38 55 59 N6131 Gx 14p
16 23 42 +11 48 00 N6132 Gx 15p
16 20 06 +56 40 00 N6133 -
16 27 42 -49 09 00 N6134 OC 7 7.2
16 19 00 +64 54 00 N6135 -
16 20 48 +55 57 00 N6136 Gx 15p
16 23 06 +37 55 00 N6137 Gx 2.2 14p
16 22 54 +40 56 00 N6138 ?
16 27 42 -38 51 00 N6139 Gb 5.5 9.2
16 20 54 +65 23 00 N6140 Gx 6.2 12p
16 23 06 +40 48 00 N6141 ?
16 23 24 +37 16 00 N6142 Gx 15p
16 21 42 +55 05 00 N6143 Gx 1.2 14p
16 27 18 -26 02 00 N6144 Gb 9.3 9.1
16 25 00 +40 56 00 N6145 Gx 15p
16 25 12 +40 53 00 N6146 Gx 14p
16 25 06 +40 55 00 N6147 Gx 16p
16 27 06 +24 04 59 N6148 Gx
16 27 24 +19 36 00 N6149 Gx 15p
16 25 48 +40 30 00 N6150 Gx 15p
16 38 18 -73 15 00 N6151
16 32 41 -52 37 00 N6152 OC 30 8p
16 31 30 -40 15 00 N6153 Pl 0.4 12p
16 25 36 +49 50 00 N6154 Gx 2.4 14p
16 26 06 +48 22 00 N6155 Gx 13p
16 34 48 -60 36 00 N6156 Gx
16 25 42 +55 22 00 N6157 Gx 15p
16 27 42 +39 23 00 N6158 Gx 16p
16 27 24 +42 41 00 N6159 Gx 15p
16 27 42 +40 55 00 N6160 Gx 2.1 15p
16 28 18 +32 49 00 N6161 Gx 15p
16 28 24 +32 52 00 N6162 Gx 15p
16 28 24 +32 52 00 N6163 Gx 15p
16 34 00 -48 06 00 N6164 Pl
16 34 00 -48 06 00 N6165 Pl
16 28 36 +39 33 00 N6166 Gx 2.4 12.0
16 34 24 -49 36 01 N6167 OC 8 6.7
16 31 24 +20 12 00 N6168 Gx 14p
16 34 06 -44 03 00 N6169 OC 7 7p
16 27 00 +59 35 00 N6170 -
16 32 30 -13 03 00 N6171 Gb 10.0 8.1
16 32 06 -01 29 00 N6172 -
16 29 48 +40 49 00 N6173 Gx 2.2 14p
16 29 42 +40 51 00 N6174 Gx 15p
16 29 54 +40 39 00 N6175 Gx 15p
16 27 30 +59 35 00 N6176 Gx 15p
16 30 36 +35 04 00 N6177 Gx 15p
16 35 42 -45 38 00 N6178 OC 4 7.2
16 30 42 +35 07 00 N6179 Gx 15p
16 30 30 +40 34 00 N6180 Gx 15p
16 32 18 +19 50 00 N6181 Gx 2.6 11.9
16 29 30 +55 31 00 N6182 Gx 14p
16 41 36 -69 23 01 N6183 Gx
16 31 30 +40 35 00 N6184 Gx 15p
16 33 12 +35 20 00 N6185 Gx 14p
16 34 24 +21 32 59 N6186 Gx 1.8 14p
16 31 36 +57 43 00 N6187 Gx 15p
16 40 30 -48 47 00 N6188 Nb 20
16 31 36 +59 39 00 N6189 Gx 13p
16 32 00 +58 27 00 N6190 Gx 13p
16 32 00 +58 48 00 N6191 -
16 40 18 -43 22 00 N6192 OC 8 9p
16 41 18 -48 46 00 N6193 OC 15 5.2
16 36 36 +36 11 00 N6194 Gx 14p
16 36 30 +39 02 00 N6195 Gx 1.8 15p
16 37 24 +36 06 00 N6196 Gx 14p
16 37 30 +36 02 00 N6197 Gx 15p
16 35 30 +57 31 00 N6198 Gx 15p
16 39 00 +36 06 00 N6199 S*
16 44 12 -47 29 01 N6200 OC 12 7.4
16 40 12 +23 45 00 N6201 Gx 15p
16 36 12 +61 57 00 N6202 -
16 40 24 +23 46 00 N6203 Gx 15p
16 46 30 -47 01 01 N6204 OC 5 8.2
16 41 42 +36 28 00 N6205 Gb 16.6 5.9
16 40 06 +58 38 00 N6206 Gx 14p
16 43 06 +36 50 00 N6207 Gx 3.0 11.6
16 49 30 -53 49 00 N6208 OC 16 7.2
16 55 06 -72 32 00 N6209 Gx
16 44 30 +23 49 00 N6210 Pl 0.2 9p
16 41 30 +57 47 00 N6211 Gx 2.0 14p
16 43 18 +39 48 00 N6212 Gx 15p
16 41 30 +57 50 00 N6213 Gx 15p
16 39 30 +66 01 00 N6214 Gx 14p
16 51 06 -58 59 01 N6215 Gx 2.0 12p
16 49 24 -44 44 00 N6216 OC 4 10p
16 32 36 +78 12 00 N6217 Gx 3.1 11.2
16 47 12 -01 57 00 N6218 Gb 14.5 6.6
16 46 18 +09 02 00 N6219 Gx 15p
16 47 12 -00 17 00 N6220 Gx 15p
16 52 48 -59 13 00 N6221 Gx 3.2 11p
16 50 42 -44 45 00 N6222 OC 10p
16 43 06 +61 34 00 N6223 Gx 3.4 13p
16 48 12 +06 18 00 N6224 Gx 15p
16 48 18 +06 13 00 N6225 Gx 15p
16 43 30 +61 58 00 N6226 Gx 14p
16 51 36 -41 13 00 N6227 -
16 48 00 +26 12 00 N6228 Gx 15p
16 47 00 +47 32 00 N6229 Gb 4.5 9.4
16 50 36 +04 35 00 N6230 Gx 15p
16 54 00 -41 48 00 N6231 CN 15 2.6
16 43 18 +70 38 00 N6232 Gx 13p
16 50 06 +23 34 00 N6233 Gx 15p
16 51 54 +04 23 00 N6234 Gx 15p
16 53 24 -22 11 00 N6235 Gb 5.0 10.2
16 44 30 +70 48 00 N6236 Gx 3.0 12p
16 46 30 +70 23 00 N6237 Gx
16 47 12 +62 08 00 N6238 Gx 14p
16 50 06 +42 44 00 N6239 Gx 2.8 12.3
16 53 00 +02 24 00 N6240 Gx 2.2 15p
16 50 06 +45 24 00 N6241 Gx 15p
16 55 36 -39 30 00 N6242 OC 9 6.4
16 52 24 +23 21 00 N6243 Gx 15p
16 48 06 +62 11 00 N6244 Gx 14p
16 45 30 +70 48 00 N6245 Gx
16 49 54 +55 33 00 N6246 Gx 1.7 14.1
16 48 12 +62 58 00 N6247 Gx 13p
16 46 24 +70 22 00 N6248 Gx 3.3 13p
16 57 36 -44 47 00 N6249 OC 6 8.2
16 58 00 -45 48 00 N6250 OC 8 5.9
16 32 36 +82 33 01 N6251 Gx 14p
16 32 30 +82 36 01 N6252 Gx 15p
16 59 06 -52 43 00 N6253 OC 5 10p
16 57 06 -04 06 00 N6254 Gb 15.1 6.6
16 54 48 +36 30 00 N6255 Gx 3.5 14p
16 59 30 -37 07 00 N6256 Gb
16 56 00 +39 39 00 N6257 Gx 15p
16 52 18 +60 33 00 N6258 Gx 14p
17 00 42 -44 40 01 N6259 OC 10 8.0
16 51 48 +63 43 00 N6260 Gx 15p
16 56 30 +28 00 00 N6261 Gx 15p
16 53 36 +56 56 00 N6262 -
16 56 42 +27 50 00 N6263 Gx 15p
16 57 18 +27 52 00 N6264 Gx 15p
16 57 30 +27 51 00 N6265 Gx 15p
17 01 12 -30 07 00 N6266 Gb 14.1 6.6
16 58 12 +22 59 00 N6267 Gx 14p
17 02 24 -39 44 00 N6268 OC 6 10p
16 58 00 +27 52 00 N6269 Gx 14p
16 58 42 +27 38 00 N6270 Gx 15p
16 58 48 +27 59 00 N6271 Gx 15p
16 58 54 +27 56 00 N6272 Gx 15p
17 02 36 -26 16 00 N6273 Gb 13.5 7.2
16 59 24 +29 57 00 N6274 Gx 14p
16 55 36 +63 15 00 N6275 Gx 15p
17 00 18 +23 07 00 N6276 Gx
17 00 48 +23 03 00 N6277 Gx 15p
17 00 54 +23 00 59 N6278 Gx 14p
16 59 00 +47 14 00 N6279 Gx 15p
17 01 54 +06 40 00 N6280 Gx 15p
17 04 48 -37 54 00 N6281 CN 60 5.4
17 00 48 +29 50 00 N6282 Gx 15p
16 59 24 +49 56 00 N6283 Gx 13p
17 04 30 -24 46 00 N6284 Gb 5.6 9.0
16 58 24 +58 59 00 N6285 Gx 1.3 15p
16 58 36 +58 57 59 N6286 Gx 1.5 14p
17 05 12 -22 42 00 N6287 Gb 5.1 9.2
16 57 30 +68 27 00 N6288 Gx 15p
16 57 48 +68 31 00 N6289 Gx 15p
17 00 54 +59 00 00 N6290 Gx 14p
17 00 54 +58 58 00 N6291 Gx 15p
17 03 00 +61 03 00 N6292 Gx 14p
17 10 12 -26 35 01 N6293 Gb 7.9 8.2
17 10 18 -26 34 01 N6294 -
17 03 06 +60 20 00 N6295 Gx 15p
17 08 42 +03 54 00 N6296 Gx 1.1 14p
17 03 36 +62 02 00 N6297 Gx 14p
17 03 24 +62 02 00 N6298
17 05 00 +62 27 00 N6299 Gx 15p
17 17 00 -62 49 01 N6300 Gx 5.4 11p
17 08 36 +42 20 00 N6301 Gx 14p
17 13 42 -37 06 00 N6302 Pl 0.8 13p
17 05 06 +68 21 00 N6303
17 14 30 -29 28 00 N6304 Gb 6.8 8.4
17 18 06 -59 09 00 N6305 Gx
17 07 36 +60 44 00 N6306 Gx 1.2 14p
17 07 42 +60 45 00 N6307 Gx 1.6 14p
17 12 00 +23 23 00 N6308 Gx 1.3 14p
17 14 06 -12 55 00 N6309 Pl 1.1 11p
17 08 00 +61 00 00 N6310 Gx 2.1 14p
17 10 36 +41 39 00 N6311 Gx 15p
17 10 48 +42 17 00 N6312 Gx 15p
17 10 24 +48 18 59 N6313 Gx 15p
17 12 36 +23 15 59 N6314 Gx 1.8 13.1
17 12 48 +23 13 00 N6315 Gx 0.9 13.3
17 16 36 -28 08 00 N6316 Gb 4.9 9.0
17 09 18 +62 53 00 N6317 Gx 16p
17 17 48 -39 27 00 N6318 OC 4 12p
17 09 36 +62 59 00 N6319 Gx 14p
17 12 54 +40 16 00 N6320 Gx 15p
17 14 30 +20 18 00 N6321 Gx 14p
17 18 30 -42 57 00 N6322 OC 10 6.0
17 13 18 +43 46 00 N6323 Gx 15p
17 05 24 +75 25 00 N6324 Gx 13p
17 18 00 -23 46 00 N6325 Gb 4.3 10.7
17 20 48 -51 45 00 N6326 Pl 0.2 12p
17 14 00 +43 38 00 N6327 Gx 15p
17 23 42 -64 59 00 N6328 Gx
17 14 18 +43 41 00 N6329 Gx 14p
17 15 48 +29 23 00 N6330 Gx 15p
17 03 30 +78 38 01 N6331 Gx 15p
17 15 00 +43 38 59 N6332 Gx 14p
17 19 12 -18 31 00 N6333 Gb 9.3 7.9
17 20 30 -35 43 00 N6334 Nb 40
17 20 30 -30 08 00 N6335 -
17 16 18 +43 48 00 N6336 Gx 14p
17 22 18 -38 29 00 N6337 Pl 0.8
17 15 18 +57 25 00 N6338 Gx 14p
17 17 06 +40 51 00 N6339 Gx 3.4 13p
17 10 24 +72 18 00 N6340 Gx 3.4 11.0
17 17 06 +43 08 00 N6341 Gb 11.2 6.5
17 21 12 -19 35 00 N6342 Gb 3.0 9.9
17 17 18 +41 02 59 N6343 Gx 14p
17 17 12 +42 27 00 N6344 Gx
17 15 18 +57 21 00 N6345 Gx 15p
17 15 18 +57 19 00 N6346 Gx 15p
17 19 54 +16 40 00 N6347 Gx 14p
17 18 24 +41 39 00 N6348 Gx 15p
17 19 06 +36 03 00 N6349 Gx 15p
17 18 42 +41 41 00 N6350 Gx 14p
17 19 12 +36 02 00 N6351 Gx 16p
17 25 30 -48 25 00 N6352 Gb 7.1 8.2
17 21 12 +15 42 00 N6353 -
17 24 36 -38 32 00 N6354 At
17 24 00 -26 21 00 N6355 Gb 5.0 9.6
17 23 36 -17 49 00 N6356 Gb 7.2 8.4
17 24 36 -34 10 00 N6357 Nb 50
17 19 00 +52 37 00 N6358 Gx 15p
17 17 54 +61 47 00 N6359 Gx 1.2 12.6
17 25 24 -30 00 00 N6360 -
17 18 36 +60 37 00 N6361 Gx 2.4 14p
17 31 54 -67 03 00 N6362 Gb 10.7 8.3
17 22 42 +41 08 00 N6363 Gx 14p
17 24 30 +29 24 00 N6364 Gx 14p
17 22 42 +62 11 00 N6365 Gx 14p
17 27 42 -05 05 00 N6366 Gb 8.3 10.0
17 25 12 +37 46 00 N6367 Gx 15p
17 27 06 +11 33 00 N6368 Gx 4.0 13p
17 29 18 -23 46 00 N6369 Pl 1.1 13p
17 23 18 +57 00 00 N6370 Gx 14p
17 27 12 +26 30 00 N6371 Gx 15p
17 27 30 +26 28 00 N6372 Gx 1.9 14p
17 24 18 +59 01 00 N6373 Gx 14p
17 32 18 -32 36 00 N6374 OC 3 9.0
17 29 18 +16 12 00 N6375 Gx 14p
17 25 24 +58 50 00 N6376 Gx 14p
17 25 24 +58 50 00 N6377 Gx 14p
17 30 36 +06 17 00 N6378 Gx 15p
17 30 36 +16 17 00 N6379 Gx 1.3 15p
17 35 24 -39 04 00 N6380 Gb 3.9
17 27 18 +60 01 00 N6381 Gx 1.5 14p
17 27 48 +56 52 00 N6382 Gx 15p
17 34 48 -32 34 00 N6383 CN 80 5.5
17 32 24 +07 04 00 N6384 Gx 6.0 10.6
17 28 00 +57 33 00 N6385 Gx 14p
17 28 54 +52 44 00 N6386 Gx 15p
17 28 24 +57 34 00 N6387 Gx 15p
17 36 18 -44 44 00 N6388 Gb 8.7 6.9
17 32 42 +16 24 00 N6389 Gx 3.1 14p
17 28 30 +60 06 00 N6390 Gx 14p
17 28 54 +58 52 00 N6391 Gx 15p
17 43 30 -69 47 00 N6392 Gx 1.5
17 30 18 +59 39 00 N6393 Gx 15p
17 30 06 +59 32 00 N6394 Gx 16p
17 26 24 +71 06 00 N6395 Gx 2.6 13p
17 38 06 -35 00 01 N6396 OC 3 8.5
17 40 42 -53 40 00 N6397 Gb 25.7 5.7
17 42 42 -61 41 01 N6398 Gx
17 31 48 +59 38 00 N6399 Gx 15p
17 40 48 -36 57 00 N6400 OC 8 9p
17 38 36 -23 55 00 N6401 Gb 5.6 9.5
17 37 36 -03 15 00 N6402 Gb 11.7 7.6
17 43 12 -61 41 00 N6403 Gx
17 39 36 -33 15 00 N6404 OC 5 11p
17 40 06 -32 13 00 N6405 OC 15 4.2
17 38 18 +18 50 00 N6406 -
17 45 00 -60 44 01 N6407 Gx 1.9
17 38 48 +18 52 00 N6408 Gx 14p
17 36 36 +50 46 00 N6409 Gx 15p
17 35 12 +60 49 00 N6410 S*
17 35 36 +60 48 00 N6411 Gx 13p
17 29 36 +75 42 00 N6412 Gx 2.3 11.8
17 40 42 +12 37 00 N6413 -
17 30 36 +74 23 00 N6414 Gx 15p
17 44 24 -35 01 00 N6415 -
17 44 24 -32 21 00 N6416 OC 18 5.7
17 41 42 +23 40 00 N6417 Gx 14p
17 38 06 +58 43 00 N6418 Gx 14p
17 35 54 +68 08 00 N6419 Gx 15p
17 36 06 +68 01 00 N6420 Gx 15p
17 45 48 -33 42 00 N6421 -
17 36 18 +68 02 00 N6422 Gx 15p
17 36 42 +68 09 00 N6423 Gx 15p
17 36 12 +69 59 00 N6424 Gx 15p
17 46 54 -31 32 00 N6425 OC 8 7.2
17 44 54 +02 59 59 N6426 Gb 3.2 11.2
17 43 36 +25 29 00 N6427 Gx 14p
17 43 54 +25 32 00 N6428 -
17 44 00 +25 21 00 N6429 Gx 14p
17 44 36 +18 09 00 N6430 At
17 44 18 +25 30 00 N6431 -
17 47 24 -24 53 01 N6432
17 44 00 +36 46 00 N6433 Gx 14p
17 36 48 +72 05 00 N6434 Gx 13p
17 40 06 +62 37 00 N6435 Gx 15p
17 41 12 +60 27 00 N6436 Gx 15p
17 49 06 -35 26 00 N6437 -
18 26 00 -85 25 01 N6438 Gx 2.6 13p
17 48 18 -16 29 00 N6439 Pl 0.1 14p
17 48 54 -20 22 00 N6440 Gb 5.4 9.7
17 50 12 -37 03 00 N6441 Gb 7.8 7.4
17 46 54 +20 45 00 N6442 Gx 14p
17 44 36 +48 05 00 N6443 Gx 15p
17 49 30 -34 49 01 N6444 OC 12
17 49 12 -20 01 00 N6445 Pl 0.6 13p
17 46 06 +35 33 00 N6446 Gx 15p
17 46 18 +35 33 00 N6447 Gx 14p
17 44 18 +53 32 00 N6448 -
17 43 42 +56 47 00 N6449 Gx 14p
17 47 30 +18 35 00 N6450 -
17 50 42 -30 13 00 N6451 OC 8 8p
17 48 00 +20 51 00 N6452 Gx 15p
17 50 54 -34 36 00 N6453 Gb 3.5 9.9
17 44 54 +55 42 00 N6454 Gx 1.4 15p
17 52 00 -35 23 00 N6455 -
17 42 24 +67 34 00 N6456 Gx 15p
17 42 48 +66 28 00 N6457 Gx 14p
17 49 12 +20 49 00 N6458 Gx 15p
17 45 54 +55 45 00 N6459 Gx 16p
17 49 36 +20 45 59 N6460 Gx 14p
17 38 42 +73 30 00 N6461 Gx 15p
17 44 42 +61 53 00 N6462 Gx 14p
17 43 30 +67 35 00 N6463 Gx 15p
17 45 48 +60 53 00 N6464 Gx 15p
17 52 54 -25 24 00 N6465
17 48 12 +51 26 00 N6466 Gx 15p
17 50 42 +17 32 00 N6467 Gx 2.7 15p
17 50 42 +17 32 00 N6468 Gx 2.3 14p
17 52 54 -22 21 00 N6469 OC 12 8p
17 44 06 +67 34 00 N6470 Gx 15p
17 44 06 +67 34 00 N6471 Gx 15p
17 44 12 +67 36 00 N6472 Gx 15p
17 47 00 +57 20 00 N6473 Gx 15p
17 46 54 +57 20 00 N6474 -
17 53 54 -34 49 00 N6475 OC 80 3.3
17 53 48 -29 08 00 N6476 -
17 43 54 +67 37 00 N6477 Gx
17 48 36 +51 09 00 N6478 Gx 1.9 14p
17 48 18 +54 10 00 N6479 Gx 14p
17 54 36 -30 26 00 N6480 -
17 52 48 +04 10 00 N6481 D*
17 51 48 +23 03 59 N6482 Gx 2.3 11.3
17 59 30 -63 40 00 N6483 Gx
17 51 42 +24 30 00 N6484 Gx 13p
17 51 48 +31 28 00 N6485 Gx 14p
17 52 36 +29 50 00 N6486 Gx 15p
17 52 42 +29 51 00 N6487 Gx 14p
17 49 18 +62 14 00 N6488 Gx 14p
17 50 00 +60 06 00 N6489 Gx 15p
17 54 30 +18 23 00 N6490 Gx 14p
17 50 06 +61 32 00 N6491 Gx 14p
18 02 48 -66 25 00 N6492 Gx
17 50 24 +61 33 00 N6493 Gx 1.4
17 56 48 -19 01 00 N6494 OC 27 5.5
17 54 48 +18 20 00 N6495 Gx 14p
17 59 00 -44 16 00 N6496 Gb 6.9 9.2
17 51 12 +59 30 00 N6497 Gx 14p
17 51 00 +59 29 00 N6498 -
17 55 18 +18 23 00 N6499 D*
17 56 00 +18 20 00 N6500 Gx 2.5 13p
17 56 06 +18 22 00 N6501 Gx 2.0 12.3
18 04 12 -65 25 00 N6502 Gx 1.2
17 49 24 +70 09 00 N6503 Gx 6.2 10.2
17 56 00 +33 12 00 N6504 Gx 2.5 13p
17 51 18 +65 33 00 N6505 Gx 15p
17 59 48 -24 39 00 N6506 -
17 59 36 -17 24 00 N6507 OC 7 10p
17 49 54 +72 02 00 N6508 Gx 14p
17 59 24 +06 17 00 N6509 Gx 2.3 13p
17 54 00 +60 48 00 N6510
17 54 42 +60 48 00 N6511
17 54 48 +62 39 00 N6512 Gx 15p
17 59 30 +24 54 00 N6513 Gx 14p
18 02 18 -23 02 00 N6514 CN 29 6.3
17 57 24 +50 44 00 N6515 Gx 14p
17 55 12 +62 40 00 N6516 Gx 15p
18 01 48 -08 58 00 N6517 Gb 4.3 10.3
17 59 42 +28 52 00 N6518 Gx 15p
18 03 24 -29 48 01 N6519 -
18 03 24 -27 54 01 N6520 OC 6 8p
17 55 48 +62 37 00 N6521 Gx 14p
18 03 36 -30 02 00 N6522 Gb 5.6 8.6
18 03 48 -24 23 00 N6523 Nb 90 5.8
17 59 12 +45 55 00 N6524 Gx 14p
18 02 06 +11 03 00 N6525 -
18 02 36 -23 35 00 N6526 Nb 40
18 01 48 +19 44 00 N6527 Gx 15p
18 04 48 -30 03 00 N6528 Gb 3.7 9.5
18 05 30 -36 18 01 N6529 -
18 04 48 -24 20 00 N6530 OC 15 4.6
18 04 36 -22 30 00 N6531 OC 13 5.9
17 59 06 +56 13 00 N6532 Gx 15p
18 05 06 -24 53 00 N6533 -
17 56 00 +64 19 00 N6534 Gx 15p
18 03 48 -00 18 00 N6535 Gb 3.6 10.6
17 57 18 +64 56 00 N6536 Gx 14p
18 05 12 -19 51 00 N6537 Pl 0.2 13p
17 54 12 +73 25 00 N6538 Gx 14p
18 04 48 -07 35 00 N6539 Gb 6.9 9.6
18 06 18 -27 49 00 N6540 OC 1 15p
18 08 00 -43 42 01 N6541 Gb 13.1 6.6
17 59 42 +61 22 00 N6542 Gx 1.5 14p
17 58 36 +66 38 00 N6543 Pl 5.8 9p
18 07 18 -25 00 00 N6544 Gb 8.9 8.3
18 12 18 -63 46 01 N6545 Gx
18 07 12 -23 20 00 N6546 OC 13 8.0
18 05 06 +25 13 00 N6547 Gx 14p
18 06 00 +18 35 00 N6548 Gx 13p
18 05 48 +18 32 00 N6549 Gx 15p
18 06 00 +18 35 00 N6550 Gx 13p
18 09 00 -29 33 00 N6551 -
18 00 06 +66 36 00 N6552 Gx 14p
18 09 18 -25 54 00 N6553 Gb 8.1 8.3
18 09 06 -18 26 00 N6554 -
18 07 48 +17 35 59 N6555 Gx 2.1 12p
18 10 00 -27 31 01 N6556
18 21 24 -76 34 01 N6557 Gx
18 10 18 -31 46 00 N6558 Gb 3.7
18 10 00 -24 06 01 N6559 Nb 8
18 05 18 +46 52 00 N6560 Gx 1.3 14p
18 10 30 -16 48 00 N6561 -
18 04 54 +56 15 00 N6562 Gx 14p
18 12 00 -33 52 00 N6563 Pl 0.8 14p
18 09 06 +17 24 00 N6564 -
18 11 54 -28 11 00 N6565 Pl 0.2 13p
18 07 00 +52 16 00 N6566 Gx 15p
18 13 42 -19 05 00 N6567 Pl 0.1 12p
18 12 48 -21 36 00 N6568 OC 13 9p
18 13 36 -31 50 00 N6569 Gb 5.8 8.7
18 11 06 +14 06 00 N6570 Gx 1.8 13p
18 10 54 +21 14 00 N6571 Gx 15p
18 12 06 +06 51 00 N6572 Pl 0.1 9p
18 13 48 -22 10 00 N6573 -
18 11 54 +14 59 00 N6574 Gx 1.4 12.0
18 10 48 +31 05 00 N6575 Gx 14p
18 11 48 +21 25 00 N6576 Gx 15p
18 12 06 +21 28 00 N6577 Gx 14p
18 16 18 -20 27 00 N6578 Pl 0.2 13p
18 12 18 +21 26 00 N6579
18 12 24 +21 25 59 N6580
18 12 36 +25 25 00 N6581 Gx 15p
18 11 00 +49 53 00 N6582 Gx 15p
18 15 48 -22 08 00 N6583 OC 3 10p
18 18 36 -52 13 00 N6584 Gb 7.9 9.2
18 12 24 +39 37 00 N6585 Gx 13p
18 13 42 +21 05 00 N6586 Gx 14p
18 13 54 +18 50 00 N6587 Gx 2.3 12.1
18 21 30 -63 48 01 N6588
18 16 54 -19 46 01 N6589 5
18 17 00 -19 53 01 N6590 CN 4
18 14 00 +21 02 00 N6591 Gx
18 09 54 +61 25 00 N6592 Gx 15p
18 14 12 +22 17 00 N6593 Gx 15p
18 10 12 +61 07 00 N6594 Gx 15p
18 17 00 -19 53 01 N6595 OC 11 7p
18 17 30 -16 40 00 N6596 OC
18 11 18 +61 10 00 N6597 Gx 15p
18 08 48 +69 04 00 N6598 Gx 14p
18 15 36 +24 56 00 N6599 Gx 13p
18 15 42 +25 02 00 N6600 -
18 11 54 +61 26 00 N6601 Gx 15p
18 16 36 +25 02 00 N6602 Gx 14p
18 18 24 -18 25 00 N6603 OC 5 11p
18 18 06 -12 14 00 N6604 CN 60 6.5
18 17 06 -14 58 01 N6605 OC 6p
18 14 42 +43 16 00 N6606 Gx 14p
18 12 18 +61 19 00 N6607 Gx 15p
18 12 36 +61 19 00 N6608 Gx 15p
18 12 36 +61 19 00 N6609 Gx 15p
18 17 12 +15 00 00 N6610 -
18 18 48 -13 47 00 N6611 CN 35 6.0
18 16 12 +36 05 00 N6612 Gx 15p
18 19 54 -17 08 00 N6613 OC 9 6.9
18 25 12 -63 14 00 N6614 Gx
18 18 36 +13 16 00 N6615 Gx 1.2 15p
18 17 48 +22 15 00 N6616 Gx 15p
18 14 06 +61 19 00 N6617 Gx 15p
18 20 48 -16 11 00 N6618 CN 46 6.0
18 18 48 +23 40 00 N6619 Gx 14p
18 22 54 -26 49 00 N6620 Pl 0.1 15p
18 12 54 +68 22 00 N6621 Gx 2.5 13.1
18 13 00 +68 20 00 N6622 Gx 13p
18 19 30 +23 43 00 N6623 Gx 14p
18 23 42 -30 22 00 N6624 Gb 5.9 8.3
18 23 12 -12 03 00 N6625 OC 9p
18 24 30 -24 52 00 N6626 Gb 11.2 6.9
18 22 42 +15 42 00 N6627 Gx 1.5 13.2
18 22 12 +23 29 00 N6628 Gx 15p
18 25 42 -23 12 00 N6629 Pl 0.3 12p
18 32 36 -63 17 00 N6630 Gx
18 27 12 -12 02 00 N6631 OC 5 12p
18 25 00 +27 32 00 N6632 Gx 3.1 13p
18 27 42 +06 34 00 N6633 OC 27 4.6
18 29 54 -33 25 00 N6634 -
18 27 36 +14 49 00 N6635 Gx 1.3 15p
18 22 00 +66 38 00 N6636 Gx 14p
18 31 24 -32 21 00 N6637 Gb 7.1 7.7
18 30 54 -25 30 01 N6638 Gb 5.0 9.2
18 30 06 -13 12 00 N6639 OC
18 28 06 +34 18 00 N6640 Gx 14p
18 28 48 +22 54 00 N6641 Gx 14p
18 31 54 -23 29 00 N6642 Gb 4.5 8.8
18 19 48 +74 34 00 N6643 Gx 3.9 11.1
18 32 36 -25 08 00 N6644 Pl 0.1 12p
18 32 36 -16 54 00 N6645 OC 10 9p
18 29 36 +39 52 00 N6646 Gx 13p
18 31 30 -17 21 00 N6647 OC 8p
18 25 36 +64 59 00 N6648 -
18 33 30 -10 24 00 N6649 OC 6 8.9
18 25 24 +68 00 00 N6650 Gx 15p
18 24 18 +71 36 00 N6651 Gx 1.8 14p
18 35 48 -32 59 00 N6652 Gb 3.5 8.9
18 44 36 -73 16 01 N6653 Gx 1.8
18 24 06 +73 11 01 N6654 Gx 3.0 11.6
18 34 48 -05 59 00 N6655 -
18 36 24 -23 54 00 N6656 Gb 24.0 5.1
18 33 00 +34 02 00 N6657 Gx 14p
18 33 54 +22 53 00 N6658 Gx 1.9 12.9
18 33 54 +23 34 00 N6659 -
18 34 36 +22 55 00 N6660
18 34 36 +22 55 00 N6661 Gx 2.0 11.9
18 34 00 +32 03 00 N6662 Gx 15p
18 33 30 +40 03 00 N6663 Gx 15p
18 36 42 -08 13 00 N6664 OC 16 7.8
18 34 30 +30 42 00 N6665 Gx 14p
18 35 18 +33 35 00 N6666
18 30 42 +67 59 00 N6667 Gx 2.6 12p
18 33 18 +67 08 00 N6668
18 38 00 +22 04 00 N6669 Gx
18 33 30 +59 53 00 N6670 Gx 15p
18 37 24 +26 24 00 N6671 Gx 14p
18 33 48 +42 48 00 N6672 Gx 15p
18 45 06 -62 17 00 N6673 Gx
18 38 36 +25 23 00 N6674 Gx 4.2 12.1
18 37 24 +40 04 00 N6675 Gx 13p
18 33 12 +66 57 00 N6676 Gx 15p
18 33 36 +67 08 00 N6677 Gx 13p
18 33 12 +67 51 00 N6678 -
18 33 36 +67 08 00 N6679 Gx 13p
18 39 48 +22 18 00 N6680 Gx 15p
18 43 12 -32 18 00 N6681 Gb 7.8 8.1
18 41 36 -04 46 00 N6682 -
18 42 12 -06 17 00 N6683 OC 11 10p
18 49 00 -65 11 00 N6684 Gx 3.7 10.5
18 39 54 +39 59 00 N6685
18 40 06 +40 07 59 N6686 Gx 15p
18 37 12 +59 37 00 N6687 Gx 15p
18 40 42 +36 16 00 N6688 Gx 14p
18 34 54 +70 32 00 N6689 Gx 3.9 12p
18 34 48 +70 32 00 N6690 Gx 3.8 13p
18 39 18 +55 38 00 N6691 Gx 1.7 14p
18 41 42 +34 49 00 N6692 Gx 14p
18 41 36 +36 55 00 N6693 S*
18 45 12 -09 24 00 N6694 OC 15 8.0
18 42 42 +40 24 00 N6695 Gx 14p
18 40 00 +59 19 00 N6696 Gx 16p
18 45 12 +25 31 00 N6697 Gx 14p
18 48 12 -25 55 00 N6698 -
18 52 06 -57 19 00 N6699 Gx 1.9 13p
18 46 00 +32 17 00 N6700 Gx 14p
18 43 12 +60 40 00 N6701 Gx 1.8 13p
18 47 00 +45 42 00 N6702 Gx 2.1 12.2
18 47 18 +45 33 00 N6703 Gx 2.6 11.4
18 50 54 -05 12 00 N6704 OC 6 9.2
18 51 06 -06 16 00 N6705 OC 14 5.8
18 56 54 -63 10 00 N6706 Gx 1.5
18 55 24 -53 49 00 N6707 Gx
18 55 36 -53 43 00 N6708 Gx
18 51 30 +10 21 00 N6709 OC 13 6.7
18 50 36 +26 50 00 N6710 Gx 2.0 12.8
18 49 00 +47 39 00 N6711 Gx 1.3 14p
18 53 06 -08 42 00 N6712 Gb 7.2 8.2
18 50 42 +33 57 00 N6713 Gx 14p
18 45 54 +66 44 00 N6714 -
18 55 06 -30 29 00 N6715 Gb 9.1 7.7
18 54 36 -19 53 00 N6716 OC 7 6.9
18 55 06 -22 42 00 N6717 Gb 3.9
19 01 30 -66 07 00 N6718 Gx 1.5
19 03 06 -68 35 00 N6719 Gx 1.6
18 53 36 +33 02 00 N6720 Pl 2.5 9.0
19 00 48 -57 47 00 N6721 Gx 1.9 12.0
19 03 42 -64 54 01 N6722 Gx 2.9
18 59 36 -36 38 00 N6723 Gb 11.0 7.3
18 57 00 +10 22 00 N6724 -
19 01 48 -53 56 00 N6725 Gx
19 01 42 -36 53 00 N6726 Nb 2
19 01 48 -36 54 00 N6727 Nb
19 00 00 -08 57 00 N6728 -
19 01 54 -36 57 00 N6729 Nb 1
19 07 36 -68 55 00 N6730 Gx 1.5
18 57 00 +43 04 00 N6731 -
18 56 24 +52 22 00 N6732 Gx 14p
19 06 12 -62 12 00 N6733 Gx 1.7
19 07 12 -65 28 00 N6734 Gx 1.4
19 00 48 -00 28 00 N6735 OC
19 07 30 -65 26 00 N6736 Gx 1.2
19 02 12 -18 32 00 N6737 -
19 01 24 +11 36 00 N6738 OC 15 8p
19 07 48 -61 22 00 N6739 Gx 2.2
19 00 48 +28 45 00 N6740 Gx 15p
19 02 36 -00 27 00 N6741 Pl 0.1 11p
18 59 18 +48 28 00 N6742 Pl 0.5 15p
19 01 24 +29 16 00 N6743 ?
19 09 48 -63 51 00 N6744 Gx 15.5 9p
19 01 36 +40 45 00 N6745 Gx 13p
19 10 24 -61 58 00 N6746 Gx 1.4
18 55 18 +72 47 00 N6747 Gx 15p
19 03 48 +21 36 00 N6748 -
19 05 06 +01 47 00 N6749 Gb 6.3 11.1
19 00 42 +59 10 00 N6750 Gx 13p
19 05 54 -06 00 01 N6751 Pl 0.3 13p
19 10 54 -59 59 00 N6752 Gb 20.4 5.4
19 11 24 -57 03 00 N6753 Gx 2.5 12p
19 11 24 -50 39 00 N6754 Gx 2.2 13p
19 07 48 +04 14 00 N6755 OC 15 7.5
19 08 42 +04 41 00 N6756 OC 4 11p
19 05 06 +55 43 00 N6757 Gx 14p
19 13 54 -56 19 00 N6758 Gx 2.1 13p
19 06 54 +50 19 00 N6759 Gx 15p
19 11 12 +01 02 00 N6760 Gb 6.6 9.1
19 15 18 -50 40 00 N6761 Gx 2.2
19 05 36 +63 56 00 N6762 Gx 14p
19 05 36 +63 56 00 N6763 Gx 14p
19 08 18 +50 56 00 N6764 Gx 2.5 13p
19 11 06 +30 33 00 N6765 Pl 0.6
19 09 54 +46 15 00 N6766 -
19 11 36 +37 43 00 N6767 -
19 16 30 -40 11 00 N6768 Gx
19 18 25 -60 31 00 N6769 Gx 2.5 11.8
19 18 43 -60 31 00 N6770 Gx 2.5 12.0
19 18 42 -60 33 00 N6771 Gx 2.6 12.5
19 14 36 -02 42 00 N6772 Pl 1.0 14p
19 15 00 +04 53 00 N6773 -
19 16 36 -16 16 00 N6774 OC
19 16 48 -00 55 00 N6775 At
19 25 24 -63 52 01 N6776 Gx 1.9 12.0
19 26 48 -71 30 00 N6777
19 18 24 -01 36 00 N6778 Pl 0.3 13p
19 16 36 +30 11 00 N6779 Gb 7.1 8.3
19 22 54 -55 47 01 N6780 Gx 1.9 13p
19 18 24 +06 33 00 N6781 Pl 1.8 12p
19 24 00 -59 55 00 N6782 Gx 2.7 13p
19 16 36 +46 01 00 N6783 Gx 15p
19 26 36 -65 37 00 N6784 Gx 0.8
19 20 54 -01 06 00 N6785
19 10 54 +73 24 01 N6786 Gx 13p
19 16 18 +60 25 00 N6787 Gx 15p
19 26 54 -54 57 00 N6788
19 16 42 +64 00 00 N6789 Gx 13p
19 23 12 +01 31 00 N6790 Pl 0.1 10p
19 20 42 +37 51 00 N6791 OC 16 9.5
19 21 00 +43 08 00 N6792 Gx 13p
19 23 12 +22 11 00 N6793 OC
19 27 54 -38 53 01 N6794 Gx
19 26 06 +03 31 00 N6795 -
19 21 30 +61 09 00 N6796 Gx 2.1 14p
19 28 54 -25 40 00 N6797 -
19 24 00 +53 38 00 N6798 Gx 14p
19 32 18 -55 54 00 N6799 Gx 1.5
19 27 12 +25 08 00 N6800 OC
19 27 42 +54 22 00 N6801 Gx 15p
19 30 36 +20 16 00 N6802 OC 3 8.8
19 31 18 +10 03 00 N6803 Pl 0.1 11p
19 31 36 +09 13 00 N6804 Pl 1.1 12p
19 36 48 -37 33 00 N6805 Gx 1.2
19 37 12 -42 19 00 N6806 Gx
19 34 36 +05 41 00 N6807 Pl 14p
19 43 54 -70 39 00 N6808 Gx 1.7 13p
19 40 00 -30 58 00 N6809 Gb 19.0 7.0
19 43 36 -58 40 00 N6810 Gx 3.8 12p
19 38 12 +46 34 00 N6811 OC 13 6.8
19 45 24 -55 21 01 N6812 Gx 2.1
19 40 24 +27 18 00 N6813 Nb 3
19 42 42 -10 19 01 N6814 Gx 3.2 11.2
19 40 54 +26 51 00 N6815 OC
19 44 00 -28 33 00 N6816
19 37 24 +62 22 00 N6817 Gx 15p
19 44 00 -14 09 00 N6818 Pl 0.3 10p
19 41 18 +40 11 00 N6819 OC 5 7.3
19 43 06 +23 17 00 N6820 Nb 40
19 44 24 -06 50 00 N6821 Gx 1.1 14p
19 44 54 -14 48 00 N6822 Gx 10.2 9p
19 43 06 +23 18 00 N6823 OC 12 7.1
19 43 42 +56 07 00 N6824 Gx 2.1 11.9
19 41 42 +64 05 00 N6825 Gx 15p
19 44 48 +50 31 00 N6826 Pl 2.3 10p
19 48 54 +21 13 00 N6827 OC
19 50 24 +07 54 59 N6828 -
19 47 06 +59 55 00 N6829 Gx 15p
19 51 00 +23 04 00 N6830 OC 12 7.9
19 47 54 +59 54 00 N6831 Gx 14p
19 48 06 +59 25 00 N6832 -
19 49 42 +48 58 00 N6833 Pl <0.1 14p
19 52 12 +29 25 00 N6834 OC 5 7.8
19 54 30 -12 34 00 N6835 Gx 2.7 12.5
19 54 42 -12 41 00 N6836 Gx 1.2 13p
19 53 30 +11 41 00 N6837 OC
19 53 48 +18 47 00 N6838 Gb 7.2 8.3
19 54 30 +17 54 00 N6839 -
19 55 18 +12 06 00 N6840 OC
19 57 48 -31 49 00 N6841 Gx 1.5
19 55 00 +29 17 00 N6842 Pl 0.8 14p
19 56 06 +12 09 00 N6843 OC
20 02 48 -65 14 00 N6844 Gx 1.6
20 00 54 -47 05 01 N6845 Gx
19 56 30 +30 21 00 N6846 OC 14p
19 57 00 +29 20 00 N6847 -
20 02 48 -56 05 00 N6848 Gx 2.5
20 01 18 -40 13 00 N6849
20 03 30 -54 51 01 N6850 Gx
20 03 36 -48 17 01 N6851 Gx 1.8 13p
20 00 36 +01 43 00 N6852 Pl 0.5
19 59 36 +22 43 00 N6853 Pl 15.2 8.1
20 05 42 -54 23 00 N6854 Gx 2.3 13p
20 06 48 -56 24 00 N6855 Gx
19 59 18 +56 08 00 N6856 -
20 01 54 +33 31 00 N6857 Pl
20 03 06 +11 16 00 N6858 -
20 03 54 +00 26 00 N6859 T*
20 08 48 -61 06 01 N6860 Gx 1.6
20 07 18 -48 22 00 N6861 Gx 2.7 11.1
20 08 54 -56 24 01 N6862 Gx 1.9
20 05 06 -03 34 00 N6863 At
20 06 06 -21 55 01 N6864 Gb 6.0 8.6
20 06 00 -09 02 00 N6865 Gx
20 03 42 +44 00 00 N6866 OC 7 7.6
20 10 24 -54 47 00 N6867 Gx
20 09 54 -48 23 00 N6868 Gx 2.7 12p
20 00 42 +66 13 00 N6869 Gx 1.7 13p
20 10 12 -48 17 00 N6870 Gx 2.5 12.2
20 05 54 +35 47 00 N6871 OC 20 5.2
20 16 54 -70 46 01 N6872 Gx 4.7 11.6
20 08 18 +21 06 00 N6873 D*
20 07 48 +38 14 00 N6874 -
20 13 12 -46 09 00 N6875 Gx 2.5 13p
20 18 18 -70 52 00 N6876 Gx 2.4 13p
20 18 36 -70 51 00 N6877 Gx 1.4 12.7
20 13 54 -44 31 00 N6878 Gx 1.7 13.4
20 10 30 +16 55 00 N6879 Pl 0.1 13p
20 19 30 -70 52 00 N6880 Gx 2.1
20 10 48 +37 25 00 N6881 Pl 0.1 14p
20 11 42 +26 32 59 N6882 OC 18 8.1
20 11 18 +35 51 00 N6883 OC 15 8p
20 10 24 +46 28 00 N6884 Pl 0.1 13p
20 12 00 +26 29 00 N6885 OC 7 6p
20 12 42 +19 59 00 N6886 Pl 0.1 12p
20 17 12 -52 47 01 N6887 Gx 4.1 12p
20 12 00 +38 21 00 N6888 Nb 20
20 18 54 -53 57 00 N6889 Gx 1.9
20 18 18 -44 48 00 N6890 Gx 1.5 12.5
20 15 12 +12 42 00 N6891 Pl 1.2 12p
20 16 48 +18 02 00 N6892 -
20 20 48 -48 14 00 N6893 Gx 2.8 13p
20 16 24 +30 34 00 N6894 Pl 0.7 14p
20 16 24 +50 14 00 N6895 -
20 18 00 +30 39 00 N6896 -
20 21 00 -12 16 00 N6897 Gx 15p
20 21 12 -12 21 00 N6898 Gx 14p
20 24 24 -50 26 00 N6899 Gx 1.9
20 21 36 -02 34 00 N6900 Gx 14p
20 22 18 +06 27 00 N6901 Gx 15p
20 24 30 -43 39 00 N6902 Gx 2.2 13p
20 23 36 -19 19 00 N6903 Gx 13p
20 21 48 +25 45 00 N6904 -
20 22 24 +20 07 00 N6905 Pl 1.7 12p
20 23 36 +06 27 00 N6906 Gx 1.8 12.7
20 25 06 -24 49 00 N6907 Gx 3.4 11.3
20 25 12 -24 48 00 N6908 -
20 27 42 -47 02 00 N6909 Gx 2.3 13p
20 23 06 +40 47 00 N6910 OC 8 7.4
20 19 36 +66 45 00 N6911 Gx 15p
20 26 54 -18 38 00 N6912 Gx 1.6 14p
20 23 54 +38 32 00 N6913 OC 7 6.6
20 24 42 +42 29 00 N6914 Nb 13
20 27 48 -03 05 00 N6915 Gx 1.2
20 23 30 +58 22 00 N6916 Gx 15p
20 27 24 +08 06 00 N6917 Gx 14p
20 30 48 -47 28 00 N6918 Gx 1.0
20 31 37 -44 13 00 N6919 Gx
20 43 54 -80 00 00 N6920 Gx 1.8
20 28 30 +25 42 59 N6921 Gx 1.1 15p
20 29 54 -02 11 00 N6922 Gx 14p
20 31 42 -30 50 00 N6923 Gx 2.5 12.1
20 33 12 -25 30 00 N6924 Gx 14p
20 34 18 -31 59 01 N6925 Gx 4.1 11.3
20 33 06 -02 01 00 N6926 Gx 2.1 12.4
20 32 36 +09 55 00 N6927 Gx 0.6 14.5
20 32 48 +09 56 00 N6928 Gx 2.2 12.6
20 33 24 -02 02 00 N6929 Gx 0.9 13.5
20 33 00 +09 52 00 N6930 Gx 1.4 13.1
20 33 36 -11 23 00 N6931 Gx 14p
20 42 06 -73 37 00 N6932 Gx 2.0
20 33 36 +07 23 00 N6933 D*
20 34 12 +07 23 59 N6934 Gb 5.9 8.9
20 38 24 -52 06 00 N6935 Gx 2.0 13p
20 35 54 -25 17 00 N6936
20 38 48 -52 09 00 N6937 Gx 3.0
20 34 48 +22 15 00 N6938 -
20 31 24 +60 37 59 N6939 OC 8 7.8
20 34 36 +28 18 00 N6940 OC 31 6.3
20 36 18 -04 38 00 N6941 Gb 13p
20 40 48 -54 19 00 N6942 Gx 2.6 13p
20 44 30 -68 45 00 N6943 Gx 4.1 12p
20 38 24 +07 00 00 N6944 Gx 1.7 13.3
20 38 54 -05 01 00 N6945 Gx 13p
20 34 48 +60 09 00 N6946 Gx 11.0 8.9
20 41 18 -32 29 00 N6947 Gx 2.0
20 43 30 -53 21 00 N6948 Gx 2.5
20 35 06 +64 48 00 N6949 Gx 15p
20 41 12 +16 38 00 N6950 -
20 37 12 +66 06 00 N6951 Gx 3.8 11.1
20 37 00 +66 06 00 N6952 Gx
20 37 42 +65 46 00 N6953
20 44 06 +03 13 00 N6954 Gx 1.1 13.2
20 44 24 +02 35 00 N6955 Gx 15p
20 44 00 +12 31 00 N6956 Gx 2.1 14p
20 44 54 +02 34 00 N6957 Gx 15p
20 48 36 -38 00 00 N6958 Gx 2.4 12p
20 47 06 +00 27 00 N6959 Gx 14p
20 45 42 +30 43 00 N6960 Nb 70
20 47 12 +00 23 00 N6961 Gx 15p
20 47 18 +00 19 00 N6962 Gx 3.0 12.0
20 47 18 +00 29 00 N6963 Gx 0.7 14.1
20 47 24 +00 18 00 N6964 Gx 1.9 12.7
20 47 24 +00 30 00 N6965
20 47 24 +00 22 00 N6966 D*
20 47 36 +00 25 00 N6967 Gx 14p
20 48 24 -08 20 00 N6968 Gx 14p
20 48 24 +07 45 00 N6969 Gx 15p
20 52 06 -48 48 00 N6970 Gx 1.2 12.7
20 49 24 +06 00 00 N6971 Gx 15p
20 50 00 +09 54 00 N6972 Gx 1.4 14p
20 52 06 -05 53 00 N6973 S*
20 50 48 +31 52 00 N6974 Nb
20 52 24 -05 46 01 N6975 Gx
20 52 24 -05 46 01 N6976 Gx 14p
20 52 30 -05 44 00 N6977 Gx 14p
20 52 36 -05 43 00 N6978 Gx 1.9 14p
20 51 00 +32 09 00 N6979 Nb
20 52 48 -05 49 00 N6980 S*
20 53 30 -12 32 00 N6981 Gb 5.9 9.4
20 57 24 -51 51 00 N6982 Gx
20 56 48 -43 58 00 N6983 Gx
20 57 54 -51 52 00 N6984 Gx 1.7 13p
20 56 00 -11 05 00 N6985 -
20 36 36 -18 38 00 N6986
20 58 00 -48 37 00 N6987 Gx
20 55 48 +10 32 00 N6988 Gx 15p
20 54 06 +45 17 00 N6989 -
20 59 54 -55 34 00 N6990 Gx 1.1
20 56 36 +47 25 00 N6991 OC
20 56 24 +31 43 00 N6992 Nb 60
20 59 30 -25 41 00 N6993 -
20 59 00 -12 38 00 N6994 OC 3 9p
20 57 06 +31 13 00 N6995 Nb 12
20 56 24 +45 28 00 N6996 OC
20 56 30 +44 38 00 N6997 OC 15 10p
21 01 36 -28 01 00 N6998 Gx
21 02 00 -28 04 01 N6999 Gx 0.9
