20 58 48 +44 19 59 N7000 Nb 120
21 01 12 -00 11 00 N7001 Gx 14p
21 03 36 -49 01 00 N7002 Gx
21 00 48 +17 48 00 N7003 Gx 14p
21 03 54 -49 07 00 N7004 Gx
21 02 00 -12 53 01 N7005 OC
21 01 30 +16 11 00 N7006 Gb 2.8 10.6
21 05 30 -52 33 00 N7007 Gx 1.9 13p
21 00 36 +54 33 00 N7008 Pl 1.4 13p
21 04 12 -11 22 00 N7009 Pl 1.7 8p
21 04 42 -12 20 00 N7010 Gx 14p
21 01 54 +47 18 59 N7011 -
21 06 48 -44 49 00 N7012 Gx 3.2
21 03 36 +29 54 00 N7013 Gx 4.9 12p
21 07 54 -47 11 00 N7014 Gx 1.9 12.3
21 05 42 +11 25 00 N7015 Gx 2.0 13p
21 07 24 -25 30 00 N7016 Gx 15p
21 07 30 -25 30 00 N7017 Gx 15p
21 07 36 -25 28 00 N7018 Gx 14p
21 06 24 -24 25 00 N7019 Gx 0.7
21 11 24 -64 03 00 N7020 Gx 4.3 12p
21 11 18 -64 02 00 N7021
21 09 30 -49 18 00 N7022 Gx
21 00 30 +68 10 00 N7023 CN 18 7p
21 06 00 +41 30 00 N7024 -
21 07 54 +16 20 00 N7025 Gx 14p
21 06 18 +47 51 00 N7026 Pl 0.4 13p
21 07 06 +42 14 00 N7027 Pl 0.3 10p
21 08 18 +18 29 00 N7028 -
21 11 54 -49 17 01 N7029 Gx 1.4 11.8
21 11 12 -20 30 00 N7030 Gx
21 07 18 +50 50 00 N7031 OC 5 9.1
21 15 24 -68 17 01 N7032 Gx 1.1
21 09 36 +15 07 00 N7033 Gx 15p
21 09 42 +15 09 00 N7034 Gx 15p
21 10 48 -23 08 00 N7035 Gx 1.2
21 10 12 +15 27 00 N7036 -
21 10 42 +33 43 00 N7037 -
21 15 12 -47 13 01 N7038 Gx 3.0 12p
21 11 12 +45 39 00 N7039 OC 25 7.6
21 13 12 +08 51 00 N7040 Gx 15p
21 16 30 -48 22 00 N7041 Gx 3.9 11.1
21 13 48 +13 33 00 N7042 Gx 2.2 13p
21 14 06 +13 36 00 N7043 Gx 15p
21 12 54 +42 29 00 N7044 OC 11p
21 14 48 +04 31 00 N7045 D*
21 14 54 +02 50 00 N7046 Gx 2.0 14p
21 16 30 -00 50 00 N7047 Gx 14p
21 14 12 +46 16 00 N7048 Pl 1.0 11p
21 19 00 -48 34 01 N7049 Gx 2.8 10.7
21 15 06 +36 12 00 N7050 -
21 19 48 -08 47 00 N7051 Gx 14p
21 18 36 +26 27 00 N7052 Gx 2.8 14p
21 21 06 +23 04 00 N7053 Gx 14p
21 20 42 +39 10 00 N7054 -
21 19 24 +57 35 00 N7055 -
21 22 12 +18 39 00 N7056 Gx 14p
21 25 00 -42 29 00 N7057 Gx
21 21 00 +50 48 00 N7058 -
21 27 24 -60 01 00 N7059 Gx 3.2 13p
21 25 54 -42 24 00 N7060 Gx
21 27 24 -49 04 00 N7061 Gx 1.5
21 23 12 +46 23 00 N7062 OC 7 8.3
21 24 24 +36 30 00 N7063 OC 8 7.0
21 29 00 -52 46 00 N7064 Gx 4.1 13p
21 26 42 -07 00 00 N7065 Gx 1.4
21 26 12 +14 09 59 N7066 Gx 15p
21 24 12 +48 01 00 N7067 OC 3 9.7
21 26 36 +12 13 00 N7068 Gx 15p
21 28 06 -01 38 00 N7069 Gx 15p
21 30 30 -43 06 00 N7070 Gx 2.1 12.3
21 26 30 +47 57 00 N7071 -
21 30 36 -43 09 00 N7072 Gx 0.8 13.9
21 29 30 -11 28 00 N7073 Gx 14p
21 29 30 +06 42 00 N7074 Gx
21 31 30 -38 36 00 N7075 Gx
21 26 18 +62 53 00 N7076 Nb 2
21 29 54 +02 24 59 N7077 Gx 0.8 14p
21 30 00 +12 10 00 N7078 Gb 12.3 6.4
21 32 30 -44 05 00 N7079 Gx 2.8 11.6
21 30 00 +26 43 00 N7080 Gx 2.0 14p
21 31 24 +02 30 00 N7081 Gx 13p
21 29 24 +47 05 00 N7082 OC 25 7.2
21 35 42 -63 54 00 N7083 Gx 4.5 12p
21 31 48 +17 25 00 N7084 -
21 32 18 +06 36 00 N7085 Gx 15p
21 30 30 +51 35 00 N7086 OC 9 8.4
21 34 36 -40 49 00 N7087 Gx
21 33 24 -00 23 00 N7088 -
21 33 30 -00 49 00 N7089 Gb 12.9 6.5
21 36 30 -54 33 00 N7090 Gx 7.1 11p
21 34 06 -36 38 00 N7091 Gx
21 32 12 +48 26 00 N7092 OC 32 4.6
21 34 48 +46 01 00 N7093 -
21 36 54 +12 47 00 N7094 Pl 1.6
21 40 12 -42 32 00 N7095 Gx 1.6
21 41 18 -63 54 01 N7096 Gx 2.7 13p
21 40 18 -42 32 00 N7097 Gx 2.5 12p
21 46 48 -75 07 00 N7098 Gx 4.4
21 40 24 -23 11 00 N7099 Gb 11.0 7.5
21 39 30 +08 53 00 N7100 Gx 14p
21 39 36 +08 54 00 N7101 ?
21 39 42 +06 17 00 N7102 Gx 1.9 13.1
21 39 54 -22 28 00 N7103 Gx 15p
21 40 06 -22 25 00 N7104 Gx 15p
21 40 30 -10 20 00 N7105 -
21 42 36 -52 42 00 N7106 Gx 1.8
21 42 24 -44 48 00 N7107 Gx 1.9 13p
21 42 24 -06 47 00 N7108 Gx
21 41 54 -34 27 00 N7109 Gx
21 42 12 -34 10 00 N7110 Gx
21 41 48 -06 43 00 N7111 Gx 15p
21 42 18 +12 30 00 N7112 Gx 15p
21 42 24 +12 35 00 N7113 Gx 15p
21 41 42 +42 50 00 N7114 -
21 43 36 -25 21 00 N7115 Gx 14p
21 42 36 +28 57 00 N7116 Gx 14p
21 45 42 -48 24 01 N7117 Gx
21 46 06 -48 21 00 N7118 Gx
21 46 18 -46 31 00 N7119 Gx 1.1 14p
21 44 24 -06 33 00 N7120 Gx 15p
21 44 54 -03 37 00 N7121 Gx 14p
21 45 42 -08 49 01 N7122 D*
21 50 48 -70 20 00 N7123 Gx 3.5
21 48 06 -50 34 00 N7124 Gx 2.7 13p
21 49 18 -60 43 00 N7125 Gx 3.2 13p
21 49 18 -60 37 00 N7126 Gx 2.3 13p
21 43 54 +54 37 00 N7127 OC 3
21 44 00 +53 43 00 N7128 OC 3 9.7
21 41 18 +66 06 00 N7129 CN 8 12p
21 48 18 -34 57 00 N7130 Gx
21 47 42 -13 11 00 N7131 Gx 14p
21 47 12 +10 14 00 N7132 Gx 14p
21 42 36 +66 03 00 N7133 Nb
21 48 54 -12 59 00 N7134 At
21 49 48 -34 53 01 N7135 Gx 2.8 11.7
21 49 42 -11 47 01 N7136 D*
21 48 12 +22 10 00 N7137 Gx 1.5 12.4
21 49 00 +12 30 00 N7138 Gx 15p
21 45 54 +63 39 00 N7139 Pl 1.3
21 52 18 -55 34 00 N7140 Gx
21 52 12 -55 34 00 N7141 Gx
21 45 54 +65 48 00 N7142 OC 4 9.3
21 48 54 +29 57 00 N7143 D*
21 52 42 -48 15 00 N7144 Gx 3.5 10.7
21 53 18 -47 53 00 N7145 Gx 2.5 11.2
21 51 48 +03 01 00 N7146 Gx 15p
21 52 00 +03 04 00 N7147 Gx 15p
21 52 06 +03 20 00 N7148 D*
21 52 12 +03 18 00 N7149 Gx 14p
21 50 24 +49 45 00 N7150 At
21 55 00 -50 40 00 N7151 Gx
21 53 54 -29 16 00 N7152 Gx 14p
21 54 24 -29 02 00 N7153 Gx 14p
21 55 24 -34 49 00 N7154 Gx 1.3
21 56 12 -49 32 00 N7155 Gx 1.9 13p
21 54 36 +02 57 00 N7156 Gx 1.7 13.0
21 56 48 -25 23 00 N7157 Gx 14p
21 57 24 -11 36 00 N7158 T*
21 56 24 +13 34 00 N7159 Gx 15p
21 53 42 +62 36 00 N7160 OC 7 6.1
21 57 00 +02 57 00 N7161 D*
21 59 48 -43 19 00 N7162 Gx 2.8 13p
21 59 18 -31 53 00 N7163 Gx 1.8 13.4
21 56 36 +01 22 00 N7164 Gx
21 59 30 -16 31 00 N7165 Gx 14p
22 00 42 -43 25 00 N7166 Gx 2.4 11.8
22 00 30 -24 38 00 N7167 Gx 13p
22 02 06 -51 45 00 N7168 Gx 2.0 13p
22 02 48 -47 42 00 N7169 Gx 1.0
22 01 24 -05 27 00 N7170
22 01 00 -13 16 00 N7171 Gx 2.8 12.3
22 02 00 -31 52 00 N7172 Gx 2.2 11.9
22 02 00 -31 58 00 N7173 Gx 1.3 12.1
22 02 06 -31 59 00 N7174 Gx 1.3 12.6
21 58 48 +54 49 00 N7175 -
22 02 06 -31 59 00 N7176 Gx 1.3 11.9
22 00 42 +17 44 00 N7177 Gx 3.3 11.2
22 02 30 -35 49 00 N7178 Gx
22 04 48 -64 03 00 N7179 Gx 1.8
22 02 18 -20 33 00 N7180 Gx 1.8 12.5
22 01 48 -01 58 00 N7181 Gx 15p
22 01 55 -02 12 00 N7182 Gx 15p
22 02 24 -18 56 00 N7183 Gx 14p
22 02 42 -20 49 00 N7184 Gx 5.8 12p
22 03 06 -20 28 01 N7185 Gx 14p
22 01 00 +35 06 00 N7186
22 02 42 -32 48 00 N7187 Gx 1.7
22 03 30 -20 20 00 N7188 Gx 14p
22 03 18 +00 33 59 N7189 Gx 14p
22 03 06 +11 11 59 N7190 Gx 15p
22 06 54 -64 38 00 N7191 Gx
22 06 48 -64 19 00 N7192 Gx 2.5 12p
22 03 36 +10 49 00 N7193 -
22 03 30 +12 37 00 N7194 Gx 14p
22 03 24 +12 39 00 N7195 Gx 15p
22 06 00 -50 07 00 N7196 Gx 1.9 11.5
22 02 54 +41 03 00 N7197 Gx 14p
22 05 18 -00 39 00 N7198 Gx 15p
22 08 30 -64 42 00 N7199 Gx 1.3
22 07 12 -50 00 00 N7200 Gx 1.6
22 06 30 -31 16 00 N7201 Gx 1.7 14p
22 06 42 -31 12 00 N7202 Gx 1.3 13p
22 06 42 -31 10 00 N7203 Gx 1.9 13p
22 06 54 -31 03 00 N7204 Gx 14p
22 08 30 -57 25 00 N7205 Gx 4.3 11p
22 05 36 +16 47 00 N7206 Gx 15p
22 05 42 +16 45 00 N7207 Gx
22 08 24 -29 06 00 N7208 Gx 14p
22 05 12 +46 30 00 N7209 OC 25 6.7
22 06 18 +27 06 00 N7210 -
22 06 12 -08 07 00 N7211 Gx
22 07 00 +10 14 00 N7212 Gx 15p
22 09 18 -47 10 00 N7213 Gx 1.9 10.5
22 09 06 -27 49 00 N7214 Gx 1.9 12.4
22 08 36 +00 30 00 N7215 Gx 15p
22 12 36 -68 40 00 N7216 Gx 1.4
22 07 54 +31 21 59 N7217 Gx 3.7 10.2
22 10 12 -16 40 00 N7218 Gx 2.5 12.1
22 13 06 -64 51 00 N7219 Gx 2.4 13p
22 11 30 -22 58 00 N7220 Gx 15p
22 11 18 -30 37 00 N7221 Gx 2.2 12p
22 11 00 +02 05 00 N7222 Gx 15p
22 10 12 +41 00 00 N7223 Gx 13p
22 11 36 +25 50 00 N7224 Gx 14p
22 13 12 -26 09 00 N7225 Gx 13p
22 10 30 +55 25 00 N7226 OC 2 9.6
22 11 30 +38 42 00 N7227 Gx 15p
22 11 48 +38 41 00 N7228 Gx 15p
22 14 00 -29 25 00 N7229 Gx 1.8 12p
22 14 18 -17 04 00 N7230 Gx 14p
22 12 24 +45 19 00 N7231 Gx 14p
22 15 42 -45 51 00 N7232 Gx 3.0 13p
22 15 48 -45 51 00 N7233 Gx 2.2
22 12 06 +56 58 00 N7234 -
22 12 36 +57 17 00 N7235 OC 4 7.7
22 14 42 +13 51 00 N7236 Gx 1.0 13.5
22 14 48 +13 50 00 N7237 Gx 1.0 13.7
22 15 18 +22 30 00 N7238 -
22 14 54 -05 05 00 N7239 Gx
22 15 24 +37 17 00 N7240 Gx 0.8 13.8
22 15 48 +19 14 00 N7241 Gx 3.5 14p
22 15 42 +37 18 00 N7242 Gx 2.6 12.0
22 15 18 +49 53 00 N7243 OC 21 6.4
22 16 24 +16 28 00 N7244 Gx 0.7 14.4
22 15 18 +54 20 00 N7245 OC 5 9.2
22 17 30 -15 32 00 N7246 Gx 15p
22 17 48 -23 43 00 N7247 Gx 13p
22 16 54 +40 30 00 N7248 Gx 2.1 14p
22 20 30 -55 08 00 N7249 Gx 1.1
22 18 18 +40 35 00 N7250 Gx 13p
22 20 24 -15 46 00 N7251 Gx 13p
22 20 42 -24 41 00 N7252 Gx 2.2 12.1
22 19 24 +29 24 00 N7253 Gx 14p
22 22 00 -21 44 00 N7254
22 21 54 -15 33 00 N7255 -
22 22 42 -21 44 00 N7256 Gx 14p
22 22 12 -04 01 00 N7257 -
22 23 00 -28 22 00 N7258 Gx 14p
22 23 06 -28 59 00 N7259 Gx
22 22 42 -04 07 00 N7260 Gx 14p
22 20 24 +58 05 00 N7261 OC 6 8.4
22 23 24 -32 20 00 N7262 Gx
22 21 48 +36 21 00 N7263 Gx 0.8
22 22 12 +36 24 00 N7264 Gx 14p
22 22 24 +36 14 00 N7265 Gx 13p
22 24 06 -04 04 00 N7266 Gx 15p
22 24 18 -33 41 00 N7267 Gx
22 25 42 -31 12 00 N7268 Gx 1.8
22 25 48 -13 09 00 N7269 Gx 14p
22 23 36 +32 23 59 N7270 Gx 15p
22 23 48 +32 22 00 N7271 Gx 15p
22 24 30 +16 36 00 N7272 Gx 15p
22 24 06 +36 13 00 N7273 Gx 15p
22 24 12 +36 08 00 N7274 Gx 1.8 14p
22 24 06 +32 27 00 N7275 Gx 15p
22 24 12 +36 06 00 N7276 Gx 15p
22 26 24 -31 10 00 N7277 Gx 14p
22 28 24 -60 10 00 N7278 Gx 0.9
22 27 06 -35 08 00 N7279 Gx
22 26 30 +16 09 00 N7280 Gx 2.4 13p
22 24 42 +57 50 00 N7281 OC
22 26 00 +40 19 00 N7282 Gx 15p
22 28 36 +17 30 00 N7283 Gx 15p
22 28 36 -24 51 00 N7284 Gx 13p
22 28 42 -24 51 00 N7285 Gx 13p
22 28 00 +29 07 00 N7286 Gx 13p
22 28 48 -22 12 00 N7287 Gx 0.7
22 28 18 -02 51 00 N7288 Gx 14p
22 29 12 -35 27 01 N7289 Gx
22 28 24 +17 09 00 N7290 Gx 1.8 14p
22 28 30 +16 47 00 N7291 Gx 15p
22 28 24 +30 18 00 N7292 Gx 2.1 13p
22 29 36 -20 48 00 N7293 Pl 12.8
22 32 12 -25 23 00 N7294 Gx 14p
22 28 24 +52 50 00 N7295 -
22 28 12 +52 17 00 N7296 OC 4 10p
22 30 54 -37 49 00 N7297 Gx
22 30 48 -14 11 00 N7298 Gx 1.5 14p
22 31 24 -37 49 00 N7299 Gx
22 31 00 -14 00 00 N7300 Gx 2.2 12.9
22 30 24 -17 34 00 N7301 Gx 14p
22 32 24 -14 07 00 N7302 Gx 1.9 12.1
22 31 36 +30 58 00 N7303 Gx 13p
22 31 30 +30 58 00 N7304 -
22 32 12 +11 43 00 N7305 Gx 15p
22 33 30 -27 14 00 N7306 Gx 13p
22 33 49 -40 57 00 N7307 Gx 4.2 13p
22 34 30 -12 56 00 N7308 Gx 14p
22 34 18 -10 21 00 N7309 Gx 2.1 12.5
22 34 42 -22 29 00 N7310 Gx 14p
22 34 12 +05 35 00 N7311 Gx 13p
22 34 42 +05 49 00 N7312 Gx 14p
22 35 30 -26 06 01 N7313 Gx
22 35 48 -26 03 00 N7314 Gx 4.6 10.9
22 35 24 +34 49 59 N7315 Gx 14p
22 35 54 +20 19 00 N7316 Gx 1.3 14p
22 35 54 +33 57 00 N7317 Gx 1.0 13.6
22 36 00 +33 58 00 N7318 Gx 1.9 13.1
22 36 06 +33 59 00 N7319 Gx 1.7 13.1
22 36 06 +33 57 00 N7320 Gx 2.2 12.7
22 36 24 +21 38 00 N7321 Gx 14p
22 37 42 -37 13 00 N7322 Gx
22 36 48 +19 09 00 N7323 Gx 14p
22 37 00 +19 09 00 N7324 Gx 15p
22 36 48 +34 22 00 N7325 D*
22 36 48 +34 25 00 N7326 D*
22 36 48 +34 29 00 N7327 S*
22 37 30 +10 32 00 N7328 Gx 14p
22 40 30 -66 28 00 N7329 Gx 4.2 12p
22 36 54 +38 33 00 N7330 Gx 13p
22 37 06 +34 25 00 N7331 Gx 10.7 9.5
22 37 24 +23 48 00 N7332 Gx 4.2 11.0
22 37 12 +34 26 00 N7333 Gx 0.1 15p
22 37 48 -37 14 00 N7334 Gx
22 37 18 +34 27 00 N7335 Gx 1.7 15p
22 37 12 +34 29 00 N7336 Gx 15p
22 37 24 +34 22 00 N7337 Gx 1.3
22 37 30 +34 25 00 N7338 Gx 0.2 14p
22 37 48 +23 47 00 N7339 Gx 3.0 12.1
22 37 36 +34 26 00 N7340 Gx 15p
22 39 12 -22 41 00 N7341 Gx 13p
22 38 06 +35 31 00 N7342 Gx 15p
22 38 36 +34 04 00 N7343 Gx 1.2 13.4
22 39 42 -04 10 00 N7344 Gx 14p
22 38 36 +35 33 00 N7345 Gx 15p
22 39 30 +11 05 00 N7346 Gx 15p
22 39 54 +11 02 00 N7347 Gx 14p
22 40 36 +11 54 00 N7348 Gx 1.3 15p
22 41 30 -22 54 00 N7349
22 41 00 +11 58 00 N7350 S*
22 41 18 -04 27 00 N7351 Gx 13p
22 39 42 +57 24 00 N7352 -
22 39 30 +11 47 00 N7353 Gx 15p
22 40 24 +61 17 00 N7354 Pl 0.3 13p
22 43 24 -37 52 00 N7355 -
22 42 06 +30 42 59 N7356 Gx 15p
22 42 24 +30 11 00 N7357 Gx 15p
22 45 42 -65 07 00 N7358 Gx
22 44 48 -23 41 00 N7359
22 43 36 +04 09 00 N7360 Gx 14p
22 42 18 -30 03 00 N7361 Gx 3.5 12.5
22 43 54 +08 43 00 N7362 Gx 15p
22 43 18 +34 00 00 N7363 Gx 1.1 15p
22 44 30 -00 07 00 N7364 Gx 14p
22 45 00 -19 59 00 N7365 Gx 14p
22 44 18 +10 46 00 N7366 Gx 15p
22 44 42 +03 41 00 N7367 Gx 15p
22 45 36 -39 20 00 N7368 Gx 3.2
22 44 18 +34 21 00 N7369 Gx 15p
22 45 30 +11 03 00 N7370 Gx
22 46 06 -11 00 00 N7371 Gx 2.1 12.1
22 45 42 +11 08 00 N7372 Gx 14p
22 46 30 +03 13 00 N7373 Gx 15p
22 46 00 +10 51 00 N7374 Gx 15p
22 46 36 +21 05 00 N7375 Gx 15p
22 47 24 +03 40 00 N7376 Gx 15p
22 47 48 -22 19 00 N7377 Gx 2.2 11.6
22 47 54 -11 49 00 N7378 Gx 13p
22 47 24 +40 14 00 N7379 Gx 14p
22 47 00 +58 06 00 N7380 CN 25 7.2
22 50 00 -19 43 00 N7381 Gx 15p
22 50 18 -36 51 00 N7382 Gx
22 49 36 +11 36 00 N7383 Gx 1.0 13.9
22 49 42 +11 33 00 N7384 Gx
22 49 54 +11 36 00 N7385 Gx 1.6 12.3
22 50 00 +11 42 00 N7386 Gx 2.1 12.5
22 50 18 +11 38 00 N7387 Gx 0.7 14.0
22 50 12 +11 44 00 N7388 Gx
22 50 18 +11 35 00 N7389 Gx 1.3 13.4
22 50 18 +11 32 00 N7390 Gx 15p
22 50 42 -01 31 00 N7391 Gx 13p
22 51 48 -20 36 00 N7392 Gx 2.0 11.9
22 51 42 -05 33 00 N7393 Gx 2.0 14p
22 50 36 +52 10 00 N7394 -
22 51 12 +37 05 00 N7395 Gx 15p
22 52 30 +01 06 00 N7396 Gx 14p
22 52 54 +01 08 00 N7397 Gx 15p
22 52 54 +01 13 00 N7398 Gx 15p
22 52 42 -09 16 00 N7399 Gx 14p
22 54 18 -45 21 00 N7400 Gx 2.5
22 53 06 +01 10 00 N7401 Gx
22 53 00 +01 10 00 N7402 Gx 14p
22 53 06 +01 29 00 N7403 S*
22 54 18 -39 19 00 N7404 Gx
22 52 48 +12 35 00 N7405 Gx
22 54 00 -06 36 00 N7406 Gx 15p
22 53 18 +32 08 00 N7407 Gx 14p
22 55 54 -63 42 00 N7408 Gx
22 53 42 +20 12 00 N7409 Gx 15p
22 55 00 -39 40 00 N7410 Gx 5.5 10.4
22 54 30 +20 14 00 N7411 Gx 15p
22 55 48 -42 39 00 N7412 Gx 4.0 11.4
22 55 06 +13 13 00 N7413 Gx 14.1
22 55 18 +13 15 00 N7414 Gx
22 54 48 +20 15 00 N7415 Gx 15p
22 55 42 -05 30 00 N7416 Gx 3.4 12.3
22 57 48 -65 02 00 N7417 Gx
22 56 36 -37 02 00 N7418 Gx 3.3 11.4
22 54 18 +60 50 00 N7419 OC 2 13p
22 55 36 +29 48 00 N7420 Gx 15p
22 56 54 -37 21 00 N7421 Gx 2.2 12.0
22 56 12 +03 56 00 N7422 Gx 14p
22 55 18 +57 08 00 N7423 OC 6 15p
22 57 18 -41 04 01 N7424 Gx 7.6 11p
22 57 18 -10 57 01 N7425 Gx 15p
22 56 06 +36 21 00 N7426 Gx 13p
22 57 12 +08 29 59 N7427 Gx 15p
22 57 18 -01 02 01 N7428 Gx 2.6 14p
22 55 54 +59 59 00 N7429 OC
22 57 30 +08 48 00 N7430 Gx 15p
22 57 48 +26 10 00 N7431 Gx 15p
22 58 00 +13 08 00 N7432 Gx 15p
22 57 59 +26 09 00 N7433 Gx 14p
22 58 24 -01 11 00 N7434 Gx 15p
22 57 54 +26 08 00 N7435 Gx 15p
22 57 59 +26 09 00 N7436 Gx 14p
22 58 12 +14 18 00 N7437 Gx 1.9 13p
22 57 36 +54 21 00 N7438 -
22 58 42 +29 10 00 N7439
22 58 30 +35 48 00 N7440 Gx 1.9 15p
22 59 30 -07 04 00 N7441 Gx 15p
22 59 24 +15 33 00 N7442 Gx 1.2 14p
23 00 06 -12 48 00 N7443 Gx 1.8 14p
23 00 06 -12 50 00 N7444 Gx 2.0 14p
22 59 30 +39 06 00 N7445 Gx 15p
22 59 36 +39 04 00 N7446 Gx 15p
23 00 24 -10 32 00 N7447
23 00 06 +15 59 00 N7448 Gx 2.7 11.7
22 59 42 +39 08 00 N7449 Gx 15p
23 00 54 -12 56 00 N7450 Gx 13p
23 00 24 +08 25 00 N7451
23 01 06 +06 45 00 N7452 Gx 15p
23 01 24 -06 21 00 N7453 T*
23 01 06 +16 23 00 N7454 Gx 2.0 14p
23 00 36 +07 17 00 N7455 Gx
23 02 06 -39 35 00 N7456 Gx 5.9 12p
23 01 00 +30 09 00 N7457 Gx 4.4 10.8
23 01 30 +01 45 00 N7458 Gx 14p
23 01 42 +06 44 00 N7459 -
23 01 48 +02 16 00 N7460 Gx 1.3 14p
23 01 42 +15 35 00 N7461 Gx 14p
23 02 48 -40 50 00 N7462 Gx 3.7 13p
23 01 54 +15 59 00 N7463 Gx 3.0 13p
23 01 54 +15 58 00 N7464 Gx 0.7 14p
23 02 00 +15 58 00 N7465 Gx 1.6 13p
23 02 00 +27 03 00 N7466 Gx 14p
23 02 18 +15 33 00 N7467 Gx 15p
23 03 00 +16 36 00 N7468 Gx 1.1 14p
23 03 18 +08 52 00 N7469 Gx 1.8 11.9
23 05 12 -50 07 00 N7470 Gx 1.5
23 03 54 -22 55 00 N7471 -
23 05 42 +03 04 00 N7472
23 03 54 +30 10 00 N7473 Gx 15p
23 04 00 +20 02 00 N7474 Gx 15p
23 04 06 +20 03 00 N7475 Gx 15p
23 05 12 -43 07 00 N7476 Gx
23 05 42 +03 04 00 N7477
23 04 54 +02 35 00 N7478 Gx
23 04 54 +12 19 00 N7479 Gx 4.1 11.0
23 05 18 +02 32 00 N7480 Gx 15p
23 05 48 -19 57 00 N7481 -
23 05 42 +03 03 00 N7482 Gx 14p
23 05 54 +03 32 00 N7483 Gx 14p
23 07 06 -36 16 00 N7484 Gx
23 06 06 +34 06 00 N7485 Gx 14p
23 06 12 +34 04 00 N7486 Gx
23 06 54 +28 11 00 N7487 Gx 15p
23 07 54 +00 56 00 N7488 Gx 15p
23 07 24 +23 00 00 N7489 Gx 14p
23 07 24 +32 22 00 N7490 Gx 13p
23 08 06 -05 58 00 N7491 Gx 14p
23 08 24 -15 37 00 N7492 Gb 6.2 11.5
23 08 36 +00 54 00 N7493 S*
23 08 54 -24 22 00 N7494 Gx 15p
23 09 00 +12 04 00 N7495 Gx 2.1 15p
23 09 48 -43 26 00 N7496 Gx 3.5 11.1
23 09 06 +18 11 00 N7497 Gx 5.0 13p
23 09 48 -24 25 00 N7498 Gx 15p
23 10 24 +07 35 00 N7499 Gx 1.4 13.8
23 10 36 +11 01 00 N7500 Gx 15p
23 10 30 +07 35 00 N7501 Gx 0.8 13.8
23 10 48 -21 46 00 N7502 D*
23 10 42 +07 34 00 N7503 Gx 0.9 13.8
23 10 36 +14 24 00 N7504 S*
23 11 12 +13 37 00 N7505 Gx 15p
23 11 48 -02 10 00 N7506 Gx 14p
23 12 06 -28 32 00 N7507 Gx 2.6 10.4
23 11 54 +12 58 00 N7508 Gx 15p
23 12 24 +14 37 00 N7509 Gx 15p
23 11 30 +60 34 00 N7510 OC 4 7.9
23 12 30 +13 43 00 N7511 Gx 15p
23 12 18 +31 08 00 N7512 Gx 14p
23 13 12 -28 22 00 N7513 Gx 3.2 11.8
23 12 24 +34 53 00 N7514 Gx 13p
23 12 54 +12 41 00 N7515 Gx 14p
23 12 48 +20 14 00 N7516 Gx 14p
23 13 18 -02 07 00 N7517 Gx 15p
23 13 06 +06 19 00 N7518 Gx 1.5 14p
23 12 42 +10 47 00 N7519
23 13 42 -23 48 00 N7520 -
23 13 42 -01 44 00 N7521 Gx 15p
23 13 48 -22 54 00 N7522 -
23 13 42 +14 00 00 N7523 Gx 15p
23 13 48 -01 45 00 N7524 Gx
23 13 42 +14 01 00 N7525 Gx 15p
23 13 54 -09 12 00 N7526 At
23 13 36 +24 54 00 N7527 Gx 14p
23 14 18 +10 13 00 N7528 Gx
23 14 06 +08 58 00 N7529 Gx 14p
23 14 18 -02 45 00 N7530 Gx 15p
23 14 48 -43 36 00 N7531 Gx 3.5 11.3
23 14 24 -02 42 00 N7532 Gx 1.8 15p
23 14 24 -02 01 00 N7533 Gx 15p
23 14 30 -02 39 00 N7534 Gx 14p
23 14 18 +13 35 00 N7535 Gx 15p
23 14 18 +13 26 00 N7536 Gx 15p
23 14 36 +04 30 00 N7537 Gx 2.3 13.2
23 13 30 +61 31 00 N7538 Nb 10
23 14 24 +23 40 00 N7539 Gx 13p
23 14 30 +15 56 00 N7540 Gx 15p
23 14 42 +04 32 00 N7541 Gx 3.5 11.7
23 14 48 +10 39 00 N7542 Gx 15p
23 14 36 +28 19 00 N7543 Gx 14p
23 15 00 -02 12 00 N7544 Gx
23 15 30 -38 32 00 N7545 Gx
23 15 12 -02 18 00 N7546 Gx 14p
23 15 00 +18 58 00 N7547 Gx 1.3 15p
23 15 06 +25 16 00 N7548 Gx 14p
23 15 18 +19 02 00 N7549 Gx 2.9 14p
23 15 18 +18 57 00 N7550 Gx 1.7 14p
23 14 36 +15 55 00 N7551 Gx
23 16 12 -42 35 00 N7552 Gx 3.5 10.7
23 15 18 +19 01 00 N7553 Gx
23 15 42 -02 23 00 N7554 Gx
23 15 36 +12 35 00 N7555 -
23 15 54 -02 20 00 N7556 Gx 14p
23 15 42 +06 41 00 N7557 Gx 15p
23 15 36 +18 55 00 N7558 Gx 16p
23 15 54 +13 17 00 N7559 Gx 14p
23 16 00 +04 30 00 N7560 D*
23 16 00 +04 31 00 N7561
23 16 00 +06 41 00 N7562 Gx 2.3 11.5
23 16 00 +13 11 00 N7563 Gx 14p
23 15 36 +07 17 00 N7564 Gx
23 16 18 -00 03 00 N7565 S*
23 16 36 -02 21 00 N7566
23 16 12 +15 52 00 N7567 Gx 15p
23 16 18 +24 29 00 N7568 Gx 14p
23 16 48 +10 55 00 N7569 -
23 16 48 +13 29 00 N7570 Gx 14p
23 17 12 +18 59 00 N7571
23 16 48 +18 29 00 N7572 Gx 15p
23 16 18 -22 10 00 N7573 Gx 14p
23 16 48 +24 00 00 N7574 -
23 17 18 +06 38 59 N7575 S*
23 17 24 -04 44 01 N7576 Gx 1.5 13.0
23 17 24 +07 21 59 N7577 Gx
23 17 12 +18 41 00 N7578 Gx 1.6 14p
23 17 42 +09 25 00 N7579 Gx 15p
23 17 36 +14 00 00 N7580 Gx 0.9 15p
23 17 48 +04 40 00 N7581 -
23 18 24 -42 22 00 N7582 Gx 4.6 10.6
23 17 54 +07 24 00 N7583 Gx 15p
23 18 00 +09 25 00 N7584 Gx 15p
23 18 00 -04 39 00 N7585 Gx 2.3 11.7
23 17 42 +08 15 00 N7586 Gx 15p
23 18 00 +09 41 00 N7587 Gx 1.4 15p
23 17 48 +18 45 00 N7588 Gx 15p
23 18 24 +00 16 00 N7589 Gx 15p
23 18 54 -42 14 00 N7590 Gx 2.7 11.6
23 18 24 +06 34 00 N7591 Gx 14p
23 18 24 -04 25 00 N7592 Gx 1.4 14p
23 18 00 +11 21 00 N7593 Gx 14p
23 18 18 +10 13 00 N7594 Gx 16p
23 18 30 +09 54 00 N7595 Gx
23 17 12 -06 55 00 N7596 Gx
23 18 30 +18 41 00 N7597 Gx 1.3
23 18 30 +18 44 00 N7598 Gx 15p
23 19 18 -42 15 00 N7599 Gx 4.4 11.4
23 18 54 -07 35 00 N7600 Gx 2.4 13p
23 18 48 +09 14 00 N7601 Gx 1.5 15p
23 18 48 +18 42 00 N7602 Gx 0.6
23 19 00 +00 15 00 N7603 Gx 1.7 14p
23 17 54 +07 26 00 N7604 Gx 15p
23 18 54 +07 25 00 N7605 -
23 19 06 -08 29 00 N7606 Gx 5.8 10.8
23 19 00 +11 21 00 N7607 -
23 19 18 +08 20 00 N7608 Gx 15p
23 19 30 +09 29 00 N7609 Gx 1.5 15p
23 19 36 +10 10 00 N7610 Gx 3.0 15p
23 19 36 +08 04 00 N7611 Gx 1.5 12.6
23 19 48 +08 33 00 N7612 Gx 14p
23 19 54 +00 24 00 N7613 Gx
23 20 00 +00 13 00 N7614 -
23 19 54 +08 24 00 N7615 Gx 1.2 16p
23 19 30 +10 09 00 N7616 Gx
23 20 12 +08 10 00 N7617 Gx 1.0 13.8
23 19 48 +42 51 00 N7618 Gx 14p
23 20 12 +08 12 00 N7619 Gx 2.9 11.1
23 20 06 +24 13 00 N7620 Gx 1.3 14p
23 20 24 +08 20 00 N7621 Gx 15p
23 21 36 -62 07 00 N7622 ?
23 20 30 +08 24 00 N7623 Gx 1.9 12.4
23 20 24 +27 19 00 N7624 Gx 1.1 13.4
23 20 30 +17 14 00 N7625 Gx 1.8 12.1
23 20 42 +08 13 00 N7626 Gx 2.5 11.2
23 22 30 +11 54 00 N7627
23 20 48 +25 53 00 N7628 Gx 14p
23 21 24 +01 23 00 N7629 Gx 15p
23 21 24 +11 24 00 N7630 Gx 15p
23 21 24 +08 13 00 N7631 Gx 1.9 14p
23 22 06 -42 30 00 N7632 Gx
23 23 06 -67 39 00 N7633 Gx 2.1
23 21 36 +08 52 00 N7634 Gx 1.5 14p
23 20 42 +61 12 00 N7635 Nb 15
23 22 18 -29 18 00 N7636 Gx 15p
23 26 30 -81 55 00 N7637 Gx 2.5
23 22 30 +11 18 00 N7638 Gx 15p
23 22 48 +11 21 00 N7639 Gx 15p
23 22 06 +40 51 00 N7640 Gx 10.7 10.9
23 22 36 +11 53 00 N7641 Gx 15p
23 22 54 +01 26 00 N7642 Gx 14p
23 22 54 +11 59 00 N7643 Gx 15p
23 24 30 +13 58 00 N7644 Gx
23 23 42 -29 23 00 N7645 Gx 14p
23 24 00 -11 52 00 N7646 Gx
23 24 06 +16 47 00 N7647 Gx 15p
23 23 48 +09 39 00 N7648 Gx 1.9 14p
23 24 18 +14 38 00 N7649 Gx 1.6 13.7
23 25 18 -57 48 00 N7650 Gx
23 24 30 +13 58 00 N7651 Gx 15p
23 25 36 -57 54 00 N7652 Gx
23 24 54 +15 16 00 N7653 Gx 14p
23 24 12 +61 35 00 N7654 OC 13 6.9
23 26 42 -68 02 00 N7655 Gx
23 24 30 -19 05 00 N7656 Gx 14p
23 26 42 -57 49 00 N7657 Gx
23 26 30 -39 14 00 N7658 Gx
23 26 00 +14 12 00 N7659 Gx 15p
23 25 42 +27 01 00 N7660 Gx 14p
23 27 12 -65 16 00 N7661 Gx 1.9
23 25 54 +42 33 00 N7662 Pl 2.2 9p
23 26 42 -04 56 00 N7663 Gx
23 26 36 +25 04 00 N7664 Gx 13p
23 27 12 -09 24 00 N7665 Gx 13p
23 27 24 -04 11 00 N7666 -
23 24 18 -00 07 00 N7667 Gx 14p
23 27 12 -00 11 00 N7668 -
23 27 12 -00 11 00 N7669 -
23 27 12 -00 11 00 N7670 -
23 27 18 +12 28 00 N7671 Gx 1.7 12.7
23 27 30 +12 23 00 N7672 Gx 1.0 15p
23 27 42 +23 35 00 N7673 Gx 1.7 12.7
23 27 54 +08 47 00 N7674 Gx 1.2 14p
23 28 00 +08 46 00 N7675 Gx 0.7 15p
23 28 54 -59 43 00 N7676 Gx
23 28 06 +23 32 00 N7677 Gx 1.9 14p
23 28 30 +22 25 00 N7678 Gx 2.3 12.2
23 28 48 +03 31 00 N7679 Gx 1.9 12.7
23 28 30 +32 24 00 N7680 Gx 13p
23 28 36 +17 16 00 N7681 Gx 15p
23 29 06 +03 32 00 N7682 Gx 1.2 13.4
23 29 06 +11 26 00 N7683 Gx 14p
23 30 30 +00 04 00 N7684 Gx 15p
23 30 36 +03 54 00 N7685 Gx 2.1 15p
23 30 12 +49 08 00 N7686 OC 15 5.6
23 30 54 +03 32 00 N7687 Gx 15p
23 31 12 +21 24 00 N7688 Gx 15p
23 32 42 -54 05 00 N7689 Gx 2.8 12p
23 32 54 -51 41 00 N7690 Gx 2.8 13p
23 32 36 +15 49 59 N7691 Gx 14p
23 32 48 -05 36 00 N7692 Gx 15p
23 33 18 -01 17 00 N7693 Gx 14p
23 33 24 -02 42 00 N7694 Gx 14p
23 33 18 -02 43 00 N7695 -
23 33 54 +04 53 00 N7696 Gx 15p
23 34 54 -65 24 00 N7697 Gx
23 34 00 +24 56 00 N7698 Gx 14p
23 34 24 -02 54 00 N7699 Gx
23 34 36 -02 57 00 N7700 Gx 14p
23 34 36 -02 51 00 N7701 Gx 14p
23 35 24 -56 00 00 N7702 Gx 1.9 12.2
23 34 54 +16 04 00 N7703 Gx 15p
23 35 12 +04 54 00 N7704 Gx 15p
23 35 12 +04 48 00 N7705 Gx 15p
23 35 18 +04 59 00 N7706 Gx 14p
23 34 48 +44 18 00 N7707 Gx 15p
23 34 18 +72 55 00 N7708 -
23 35 24 -16 42 00 N7709 Gx 13p
23 35 48 -02 53 00 N7710 Gx 15p
23 35 42 +15 18 00 N7711 Gx 14p
23 35 54 +23 36 00 N7712 Gx 13p
23 36 30 -37 56 00 N7713 Gx 4.3 12p
23 36 12 +02 09 00 N7714 Gx 2.1 13p
23 36 24 +02 09 00 N7715 Gx 2.6 15p
23 36 30 +00 18 00 N7716 Gx 2.3 12.2
23 37 42 -15 07 00 N7717 Gx 13p
23 38 06 +25 41 00 N7718 Gx 15p
23 38 00 -22 58 00 N7719 Gx
23 38 30 +27 02 00 N7720 Gx 1.9 12.6
23 38 48 -06 31 00 N7721 Gx 3.4 11.8
23 38 48 +15 57 00 N7722 Gx 13p
23 38 54 -12 58 00 N7723 Gx 3.6 11.1
23 39 06 -12 14 00 N7724 Gx 13p
23 39 18 -04 32 00 N7725 Gx 14p
23 38 42 +27 00 00 N7726 Gx 15p
23 39 54 -12 18 00 N7727 Gx 4.2 10.7
23 40 00 +27 08 00 N7728 Gx 14p
23 40 36 +29 11 00 N7729 Gx 14p
23 41 24 -20 14 00 N7730 -
23 41 36 +03 45 00 N7731 Gx 1.7 14p
23 41 42 +03 44 00 N7732 Gx 2.0 15p
23 42 37 -65 57 00 N7733 Gx 1.4
23 42 43 -65 57 00 N7734 Gx 1.6
23 42 18 +26 13 00 N7735 Gx 15p
23 42 24 -19 27 00 N7736 Gx 14p
23 42 48 +27 03 00 N7737 Gx 15p
23 44 06 +00 31 00 N7738 Gx 2.2 14p
23 43 36 +00 28 00 N7739 -
23 43 18 +27 21 00 N7740 Gx 15p
23 43 54 +26 05 00 N7741 Gx 4.0 11.4
23 44 18 +10 46 00 N7742 Gx 2.0 11.5
23 44 24 +09 56 00 N7743 Gx 3.1 11.2
23 45 00 -42 55 00 N7744 Gx 2.3 13p
23 44 48 +25 53 00 N7745 Gx
23 45 24 -01 41 00 N7746 Gx 14p
23 45 36 +27 22 00 N7747 Gx 14p
23 45 00 +69 45 00 N7748 -
23 45 54 -29 33 00 N7749 Gx 14p
23 46 42 +03 47 00 N7750 Gx 1.8 14p
23 47 00 +06 51 00 N7751 Gx 14p
23 47 00 +29 27 00 N7752 Gx 0.7 14p
23 47 06 +29 29 00 N7753 Gx 3.4 13p
23 49 12 -16 35 00 N7754 Gx 15p
23 47 54 -30 31 00 N7755 Gx 3.7 12p
23 48 30 +04 07 00 N7756 S*
23 48 48 +04 10 00 N7757 Gx 2.6 14p
23 48 54 -22 03 00 N7758 Gx
23 48 54 -16 32 00 N7759 Gx 14p
23 49 18 +30 58 00 N7760 Gx 15p
23 49 36 -13 23 00 N7761 14p
23 49 48 +68 02 00 N7762 OC 11 10p
23 50 18 -16 37 00 N7763 Gx
23 50 54 -40 44 00 N7764 Gx 1.5 12.3
23 50 48 +27 10 00 N7765 Gx 15p
23 50 54 +27 07 00 N7766 Gx 15p
23 50 54 +27 05 00 N7767 Gx 14p
23 50 54 +27 10 00 N7768 Gx 1.7 14p
23 51 06 +20 09 00 N7769 Gx 1.8 12.1
23 51 24 +20 06 00 N7770 Gx 1.0 15p
23 51 24 +20 07 00 N7771 Gx 2.7 12.3
23 51 48 +16 15 00 N7772 OC
23 52 18 +31 16 00 N7773 Gx 14p
23 52 12 +11 28 00 N7774 Gx 14p
23 52 30 +28 46 00 N7775 Gx 14p
23 52 42 -13 23 00 N7776
23 53 18 +28 17 00 N7777 Gx 14p
23 53 18 +07 52 00 N7778 Gx 14p
23 53 24 +07 52 00 N7779 Gx 1.6 14p
23 53 36 +08 07 00 N7780 Gx 1.2 15p
23 53 48 +07 51 00 N7781 Gx 15p
23 53 54 +07 58 00 N7782 Gx 2.4 13p
23 54 12 +00 23 00 N7783 Gx 1.9 14p
23 55 18 +21 45 00 N7784 Gx 15p
23 55 18 +05 55 00 N7785 Gx 2.3 11.6
23 55 24 +21 35 00 N7786 Gx 14p
23 56 12 +00 33 00 N7787 Gx 15p
23 56 42 +61 24 00 N7788 OC 9 9p
23 57 00 +56 44 00 N7789 OC 16 6.7
23 58 24 +61 13 00 N7790 OC 17 8.5
23 58 00 +10 45 00 N7791 D*
23 58 06 +16 29 00 N7792 Gx 15p
23 57 48 -32 35 00 N7793 Gx 9.1 9.1
23 58 36 +10 42 00 N7794 Gx 14p
23 58 42 +60 00 00 N7795 -
23 59 00 -55 27 00 N7796 Gx 2.3 12p
23 59 00 +03 38 00 N7797 Gx 15p
23 59 24 +20 45 00 N7798 Gx 1.5 13p
23 59 30 +31 17 00 N7799 Gx
23 59 36 +14 49 00 N7800 Gx 2.6 13p
00 00 24 +50 42 00 N7801 -
00 01 06 +06 13 00 N7802 Gx 14p
00 01 24 +13 06 00 N7803 Gx 14p
00 01 18 +07 45 00 N7804
00 01 24 +31 26 00 N7805 Gx 1.4 14p
00 01 30 +31 27 00 N7806 Gx 1.3 14p
23 59 36 -18 51 00 N7807 Gx 1.0
00 03 30 -10 45 00 N7808 Gx 14p
00 02 12 +02 56 00 N7809 Gx 15p
00 02 24 +12 57 00 N7810 Gx 14p
00 02 30 +03 20 00 N7811 Gx 15p
00 02 54 -34 15 00 N7812 Gx
00 03 12 -11 59 00 N7813 Gx 15p
00 03 18 +16 09 00 N7814 Gx 6.3 10.5
00 03 24 +20 41 00 N7815 -
00 03 48 +07 28 00 N7816 Gx 1.9 14p
00 04 00 +20 45 00 N7817 Gx 3.7 12p
00 04 12 +07 21 00 N7818 Gx 15p
00 04 24 +31 29 00 N7819 Gx 2.0 14p
00 04 36 +05 11 00 N7820 Gx 14p
00 05 18 -16 29 00 N7821 Gx 14p
00 03 36 +68 37 00 N7822 Nb 60
00 04 48 -62 04 00 N7823 Gx 1.4
00 05 12 +06 54 00 N7824 Gx 14p
00 05 12 +05 12 00 N7825 Gx 15p
00 05 12 -20 44 00 N7826 -
00 05 30 +05 13 00 N7827 Gx 14p
00 06 24 -13 24 00 N7828 Gx
00 06 24 -13 24 00 N7829 Gx
00 06 12 +08 22 00 N7830 S*
00 07 18 +32 35 00 N7831 Gx 14p
00 06 36 -03 42 00 N7832 Gx 13p
00 06 30 +27 38 00 N7833 -
00 06 42 +08 21 00 N7834 Gx 15p
00 06 48 +08 25 00 N7835 Gx 15p
00 08 00 +33 04 00 N7836 Gx 1.2
00 06 54 +08 20 00 N7837 Gx 16p
00 07 00 +08 20 00 N7838 Gx 15p
00 07 00 +27 38 00 N7839 D*
00 07 06 +08 33 00 N7840 Gx
