15 22 18 -54 09 00 PK323+ 2.1PLNNB15.1
15 27 42 -54 31 00 NGC 5925 OPNCL08.4
15 33 18 -55 13 00 Lynga 4 OPNCL11.4
15 34 12 -59 09 01 PK322- 2.1PLNNB12.5
15 34 12 -52 44 01 Harvard 9OPNCL
15 35 30 -50 40 00 NGC 5946 GLOCL09.6
15 38 00 -58 45 00 PK323- 2.1PLNNB14.6
15 41 54 -56 37 00 PK324- 1.1PLNNB16.4
15 42 36 -55 41 01 Lynga 5 OPNCL
15 50 42 -57 40 01 Cr 292 OPNCL07.9
15 51 18 -48 45 00 PK330+ 4.1PLNNB
15 51 41 -51 31 00 PK329+ 2.1PLNNB13.6
15 52 12 -56 28 00 NGC 5999 OPNCL 9
15 55 48 -57 26 00 NGC 6005 OPNCL10.7
15 57 12 -59 28 00 Ru 113 OPNCL
15 58 06 -55 42 00 PK327- 1.2PLNNB
15 59 06 -58 24 00 PK325- 4.1PLNNB12.4
16 00 00 -55 56 00 PK327- 2.1PLNNB
16 00 30 -53 31 00 Tr 23 OPNCL11.2
16 01 06 -55 06 00 PK327- 1.1PLNNB15.4
16 02 24 -54 08 00 Moffat 1 OPNCL
16 04 48 -51 55 00 Lynga 6 OPNCL09.5
16 06 36 -55 21 01 Ru 114 OPNCL
16 07 36 -54 04 00 NGC 6031 OPNCL08.5
16 09 00 -51 02 00 PK331+ 0.1PLNNB
16 10 42 -54 57 00 PK328- 2.1PLNNB14.2
16 11 00 -54 58 00 Lynga 7 OPNCL
16 12 54 -51 53 00 Ru 115 OPNCL
16 13 12 -54 13 00 NGC 6067 OPNCL05.6
16 13 30 -50 20 00 Pismis 22 OPNCL
16 14 12 -44 04 00 SL 8 DRKNB
16 14 12 -54 48 01 PK329- 2.1PLNNB
16 14 30 -54 57 01 PK329- 2.2PLNNB11.9
16 14 54 -50 55 00 Ru 176 OPNCL
16 15 18 -49 14 00 PK333+ 1.1PLNNB13.7
16 15 42 -59 54 00 PK326- 6.1PLNNB
16 17 06 -51 07 00 RCW 103 SNREM
16 17 12 -51 59 00 PK331- 1.1PLNNB13.8
16 17 12 -53 32 00 PK330- 2.1PLNNB14.1
16 17 48 -51 55 00 RCW 102 BRTNB
16 18 24 -55 07 00 Cr 299 OPNCL06.9
16 18 54 -57 54 00 NGC 6087 OPNCL05.4
16 19 54 -54 59 00 Harvard 10OPNCL
16 19 54 -50 01 00 Lynga 8 OPNCL
16 20 42 -47 41 00 Lynga 9 OPNCL
16 20 48 -50 55 00 RCW 106 BRTNB
16 22 12 -53 41 00 PK331- 2.1PLNNB
16 23 30 -58 19 00 PK327- 6.1PLNNB
16 23 36 -52 00 00 Ru 116 OPNCL
16 23 54 -46 42 00 PK336+ 1.1PLNNB16.1
16 23 54 -50 21 00 Ru 117 OPNCL
16 24 00 -47 19 00 Pismis 23 OPNCL
16 24 00 -51 31 00 RCW 104 BRTNB
16 24 18 -54 36 01 PK330- 3.1PLNNB13.9
16 24 24 -51 57 01 NGC 6115 OPNCL
16 24 36 -51 58 01 Ru 118 OPNCL09.8
16 24 36 -53 23 01 PK331- 2.2PLNNB13.7
16 27 42 -49 04 00 NGC 6134 OPNCL07.2
16 27 54 -54 02 00 PK331- 3.1PLNNB
16 28 18 -51 31 00 Ru 119 OPNCL08.8
16 29 12 -49 06 00 Hogg 19 OPNCL
16 29 36 -59 09 01 PK327- 7.1PLNNB13.9
16 29 54 -53 23 00 PK332- 3.1PLNNB13.7
16 30 00 -54 10 00 PK331- 3.2PLNNB13.7
16 30 30 -46 03 00 PK337+ 1.1PLNNB
16 32 41 -52 37 00 NGC 6152 OPNCL08.1
16 34 00 -48 06 00 NGC 6164 PLNNB
16 34 00 -48 06 00 NGC 6165 PLNNB
16 34 06 -44 03 00 NGC 6169 OPNCL06.6
16 34 18 -49 21 01 PK335- 1.1PLNNB17.4
16 34 24 -49 36 01 NGC 6167 OPNCL06.7
16 35 24 -53 50 00 PK332- 4.1PLNNB
16 38 00 -55 45 00 PK331- 5.1PLNNB
