16 07 06 -06 25 00 NGC 6059 NONEX
16 22 12 -01 31 00 NGC 6172 GALXY12.8
16 25 36 -24 28 00 IC 4603 BRTNB
16 25 36 -23 26 00 IC 4604 BRTNB
16 26 12 -23 47 00 Grasdalen OPNCL
16 32 30 -13 03 00 NGC 6171 GLOCL08.1
16 36 30 -08 57 00 Do 27 OPNCL
16 38 00 -24 06 00 B 42,44-7 DRKNB
16 43 48 -18 57 00 PK 0+17.1PLNNB13.4
16 47 12 -01 57 00 NGC 6218 GLOCL06.6
16 47 12 -00 11 00 NGC 6220 GALXY13.7
16 47 48 -12 05 00 UncatalogeDRKNB
16 48 36 -21 01 00 PK359+15.1PLNNB16.8
16 51 54 +04 23 00 NGC 6234 GALXY15.5
16 53 06 +02 25 00 NGC 6240 GALXY12.9
16 53 24 -22 11 00 NGC 6235 GLOCL10.2
16 57 06 -04 06 00 NGC 6254 GLOCL06.6
16 57 12 -22 44 00 B 46 DRKNB
16 59 54 -00 32 00 Pal 15 GLOCL14.2
17 01 12 -30 07 00 NGC 6266 GLOCL06.6
17 01 36 -21 50 00 IC 4634 PLNNB12.0
17 01 54 +06 40 00 NGC 6280 GALXY15.5
17 02 36 -26 16 00 NGC 6273 GLOCL07.2
17 04 30 -24 46 00 NGC 6284 GLOCL 9
17 05 12 -22 42 00 NGC 6287 GLOCL09.2
17 05 42 -10 09 01 PK 10+18.2PLNNB14.6
17 05 48 -25 24 00 PK358+ 9.1PLNNB
17 08 18 -22 50 00 B 57 DRKNB
17 08 42 +03 53 00 NGC 6296 GALXY13.4
17 10 06 -28 24 00 B244 DRKNB
17 10 12 -26 35 01 NGC 6293 GLOCL08.2
17 10 18 -26 34 01 NGC 6294 NONEX
17 10 42 -27 09 00 PK357+ 7.1PLNNB12.9
17 11 48 -22 27 00 B 60,246 DRKNB
17 12 12 -28 51 00 B256 DRKNB
17 12 36 -25 44 01 PK358+ 7.1PLNNB15.0
17 12 54 -03 16 00 PK 18+20.1PLNNB13.4
17 14 06 -12 55 00 NGC 6309 PLNNB11.6
17 14 30 -29 28 00 NGC 6304 GLOCL08.4
17 15 12 -20 21 00 B 61 DRKNB
17 16 00 -21 23 00 B 63 DRKNB
17 16 12 -20 53 00 B 62 DRKNB
17 16 36 -28 08 00 NGC 6316 GLOCL 9
17 17 12 -18 32 01 B 64 DRKNB
17 17 18 -28 59 01 PK356+ 5.1PLNNB13.5
17 18 00 -23 46 00 NGC 6325 GLOCL10.7
17 19 00 +06 05 00 vdB 111 BRTNB
17 19 12 -18 31 00 NGC 6333 GLOCL07.9
17 19 12 -25 17 00 PK359+ 6.1PLNNB17.8
17 20 36 -29 01 00 PK356+ 4.1PLNNB13.3
17 21 00 -27 00 00 B 59,65-7 DRKNB
17 21 06 -29 03 00 PK356+ 4.2PLNNB
17 21 12 -19 35 00 NGC 6342 GLOCL09.9
17 21 12 -27 12 00 PK358+ 5.1PLNNB17.3
17 21 18 -22 19 00 PK 2+ 8.1PLNNB14.7
17 22 00 -19 19 01 B259 DRKNB
17 22 24 -27 09 00 PK358+ 5.2PLNNB
17 22 30 -21 53 00 B 67a DRKNB
17 22 36 -23 44 00 B 68 DRKNB
17 22 54 -23 53 00 B 69 DRKNB
17 23 24 -28 59 00 PK357+ 4.1PLNNB19.4
17 23 30 -23 58 00 B 70 DRKNB
17 23 30 -23 38 00 B 72 DRKNB
17 23 36 -17 49 00 NGC 6356 GLOCL08.4
17 24 00 -26 21 00 NGC 6355 GLOCL09.6
17 24 00 -26 00 00 PK359+ 5.1PLNNB
17 24 36 -29 24 00 PK357+ 3.1PLNNB15.2
17 24 48 -21 34 00 PK 3+ 7.1PLNNB
17 24 54 -28 06 00 PK358+ 4.1PLNNB14.0
17 25 06 -29 46 00 PK356+ 3.1PLNNB13.7
17 25 12 -24 12 00 B 74 DRKNB
17 25 18 -22 28 00 B 75,261-2DRKNB
17 25 24 -30 00 00 NGC 6360 NONEX
17 25 42 -26 58 00 PK359+ 4.1PLNNB13.4
17 25 42 -26 12 00 PK359+ 5.2PLNNB15.0
17 26 00 -29 22 00 PK357+ 3.2PLNNB
17 27 00 -29 16 00 PK357+ 3.4PLNNB
17 27 06 -07 06 00 IC 1257 OPNCL
17 27 12 +11 33 00 NGC 6368 GALXY12.3
17 27 42 -05 05 00 NGC 6366 GLOCL10.0
17 27 48 -29 17 00 vdB-Ha 228OPNCL
17 28 00 -23 22 00 B 77,269 DRKNB
17 28 06 -24 25 00 PK 1+ 5.1PLNNB16.0
17 28 12 +07 26 00 UGC 10862 GALXY12.7
17 28 30 -29 29 00 Tr 26 OPNCL09.5
17 28 36 -24 51 00 PK 1+ 5.2PLNNB15.0
17 28 42 -28 27 00 PK358+ 3.1PLNNB13.6
17 28 42 -28 27 00 PK358+ 3.3PLNNB14.0
17 29 00 -19 16 01 PK 6+ 8.1PLNNB14.0
17 29 18 -23 46 00 NGC 6369 PLNNB11.0
17 29 24 -25 49 00 PK 0+ 4.1PLNNB
17 29 24 -26 26 00 PK 0+ 4.2PLNNB
17 29 42 -29 33 00 PK357+ 2.4PLNNB
17 29 42 -28 40 00 PK358+ 3.7PLNNB
17 30 00 -27 59 00 PK358+ 3.4PLNNB
17 30 24 -29 10 00 PK358+ 2.2PLNNB14.0
17 30 36 +06 17 00 NGC 6378 GALXY13.4
17 30 36 -21 28 00 PK 4+ 6.1PLNNB
17 30 42 -28 04 00 PK358+ 3.6PLNNB14.8
17 30 48 -27 06 00 PK359+ 3.2PLNNB13.7
17 30 54 -26 59 00 PK359+ 3.1PLNNB13.9
17 31 06 -29 59 01 HP 1 GLOCL
17 31 12 -28 15 01 PK358+ 3.8PLNNB13.7
17 31 30 -08 19 00 PK 16+13.1PLNNB14.6
17 32 00 -20 32 00 B268,270 DRKNB
17 32 24 +07 04 00 NGC 6384 GALXY10.4
17 32 48 -30 00 00 PK357+ 1.1PLNNB
17 33 00 -26 00 00 B 78 DRKNB
17 33 36 -21 46 01 PK 4+ 6.2PLNNB15.0
17 34 24 -22 53 00 PK 3+ 5.1PLNNB15.0
17 34 54 -26 36 00 PK 0+ 3.1PLNNB14.1
17 35 12 -18 34 00 PK 7+ 7.1PLNNB14.0
17 35 12 -29 03 00 PK358+ 1.1PLNNB
17 35 24 -20 57 00 PK 5+ 6.1PLNNB14.0
17 35 48 -27 43 01 PK359+ 2.3PLNNB13.9
17 36 00 -24 26 00 PK 2+ 4.1PLNNB13.2
17 36 24 -21 31 00 PK 5+ 5.1PLNNB
17 37 24 -18 47 00 PK 7+ 6.1PLNNB14.5
17 37 36 -03 15 00 NGC 6402 GLOCL07.6
17 37 36 -28 32 00 PK358+ 3.2PLNNB
17 38 12 -19 38 01 PK 7+ 6.2PLNNB13.8
17 38 30 -22 09 00 PK 4+ 4.1PLNNB13.3
17 38 36 -23 55 00 NGC 6401 GLOCL09.5
17 38 42 -28 43 00 PK359+ 1.1PLNNB14.0
17 38 54 -18 18 00 PK 8+ 6.1PLNNB11.0
17 39 30 -19 47 00 B 79,276 DRKNB
17 39 54 -21 14 00 PK 5+ 5.2PLNNB
17 40 06 -24 26 00 PK 3+ 3.1PLNNB14.0
17 40 12 -26 45 00 PK 1+ 2.1PLNNB15.0
17 40 18 -22 19 01 PK 5+ 4.1PLNNB15.5
17 40 30 -27 01 01 PK 1+ 1.1PLNNB15.5
17 40 42 +12 37 00 NGC 6413 NONEX
17 41 36 -22 14 00 PK 5+ 4.2PLNNB
17 41 54 -24 42 00 PK 3+ 2.1PLNNB13.0
17 41 54 -24 11 00 PK 3+ 3.2PLNNB
17 43 42 +03 00 00 NGC 6426 GLOCL11.2
17 43 42 -26 13 00 Pal 6 GLOCL13.6
17 46 12 -18 40 00 PK 8+ 5.1PLNNB13.0
17 46 18 +05 43 00 IC 4665 OPNCL04.2
17 46 18 -20 13 00 PK 7+ 4.1PLNNB14.7
17 46 30 -08 28 00 PK 24- 2.1PLNNB
17 48 06 +01 18 00 Cr 350 OPNCL06.1
17 52 48 +04 10 00 NGC 6481 2STAR
17 53 36 +10 37 00 PK 36+17.1PLNNB14.6
17 59 06 +07 09 00 UGC 11074 GALXY13.3
17 59 24 +06 17 00 NGC 6509 GALXY12.5
18 01 00 +02 59 59 Mel 186 OPNCL 3
18 01 48 -08 58 00 NGC 6517 GLOCL10.3
18 01 54 +06 58 00 UGC 11093 GALXY13.0
18 02 06 +11 03 00 NGC 6525 NONEX
18 11 00 +14 05 00 NGC 6570 GALXY12.7
18 11 48 +12 05 00 UGC 11141 GALXY13.2
18 12 06 +06 51 00 NGC 6572 PLNNB 9
18 16 30 +01 53 00 PK 30+ 8.1PLNNB
18 17 36 +10 09 00 PK 38+12.1PLNNB13.5
18 18 36 +13 17 00 NGC 6615 GALXY13.1
18 23 24 +03 37 00 PK 32+ 7.1PLNNB
18 27 42 +06 34 00 NGC 6633 OPNCL04.6
18 32 12 +07 14 00 PK 37+ 7.1PLNNB
