04 47 12 -02 03 00 NGC 1661 GALXY13.2
04 48 30 +10 56 00 NGC 1662 OPNCL06.4
04 48 36 +13 10 00 NGC 1663 OPNCL
04 49 54 -02 44 00 NGC 1670 GALXY12.7
04 50 18 -00 46 00 NGC 1671 NONEX
04 51 42 -02 38 00 NGC 1678 GALXY13.2
04 52 18 -03 06 00 NGC 1682 GALXY14.0
04 52 18 -03 01 00 NGC 1683 GALXY
04 52 30 -03 06 00 NGC 1684 GALXY13.0
04 52 36 -02 57 00 NGC 1685 GALXY14.5
04 54 18 +01 37 00 NGC 1690 GALXY15.0
04 54 36 +03 15 00 NGC 1691 GALXY12.0
04 58 48 -00 29 00 NGC 1709 GALXY14.2
04 58 54 -00 30 00 NGC 1713 GALXY12.7
04 58 54 +08 14 00 NGC 1707 NONEX
04 59 12 +05 36 00 MCG +01-13GALXY12.0
04 59 12 -00 15 00 NGC 1717 1STAR
04 59 36 -00 16 00 NGC 1719 GALXY13.6
05 00 06 -03 21 00 NGC 1729 GALXY13.0
05 01 36 -03 18 00 NGC 1742 1STAR
05 01 48 -03 18 00 NGC 1740 GALXY15.0
05 02 24 -03 21 00 NGC 1753 GALXY15.5
05 03 36 +01 34 00 NGC 1762 GALXY12.6
05 05 36 +10 42 01 PK190-17.1PLNNB12.9
05 06 30 -03 26 00 LDN 1616 DRKNB
05 06 54 -03 20 00 NGC 1788 BRTNB
05 11 42 +05 12 00 NGC 1819 GALXY12.4
05 14 12 -10 36 00 NGC 1843 GALXY13.0
05 16 42 +06 28 00 Abell 539GALCL14.4
05 18 06 +13 25 00 MCG +02-14GALXY12.0
05 18 12 +13 24 00 vdB 37 BRTNB
05 20 24 +08 24 00 Sh2-263 BRTNB
05 21 42 +06 40 00 NGC 1875 GALXY13.6
05 21 42 +08 27 00 vdB 38 BRTNB
05 22 24 +07 07 00 Do 17 OPNCL
05 23 42 +08 11 00 Do 19 OPNCL
05 23 54 +11 28 00 DoDz 2 OPNCL
05 25 36 +06 35 00 MCG +01-14GALXY12.0
05 25 48 -20 32 00 NGC 1908 NONEX
05 25 54 -08 08 00 NGC 1909 NONEX
05 26 00 +16 00 00 Cr 65 OPNCL 3
05 27 24 +07 04 00 Do 21 OPNCL
05 27 54 -05 19 00 NGC 1924 GALXY12.5
05 28 42 -08 23 00 NGC 1927 NONEX
05 29 48 +12 32 00 B 30-2,225DRKNB
05 31 48 +06 56 00 PK197-14.1PLNNB12.7
05 33 00 -06 00 00 LDN 1641 DRKNB
05 33 24 +00 13 01 Berk 20 OPNCL
05 33 24 -00 36 59 IC 423 BRTNB
05 35 00 +10 00 00 Sh2-264 BRTNB
05 35 06 +09 56 00 Cr 69 OPNCL02.8
05 35 06 -04 44 00 NGC 1973 BRTNB
05 35 12 -05 55 00 NGC 1980 CL+NB02.5
05 35 12 -04 26 00 NGC 1981 OPNCL04.2
05 35 18 -05 23 00 NGC 1976 CL+NB 4
05 35 18 -04 41 00 NGC 1975 BRTNB
05 35 24 -04 48 00 NGC 1977 CL+NB
05 35 30 -05 16 00 NGC 1982 BRTNB 9
05 36 00 -01 00 00 Cr 70 OPNCL0.4
05 36 18 -01 12 00 NGC 1990 BRTNB
05 36 30 -06 43 00 NGC 1999 BRTNB
05 36 48 -00 15 00 IC 426 BRTNB
05 37 18 +08 16 00 PK196-12.1BRTNB17.1
05 38 30 -07 05 00 IC 430 BRTNB
05 39 12 +04 10 00 vdB 49 BRTNB
05 39 18 -01 20 00 Sigma Ori OPNCL
05 40 18 -01 26 59 IC 431 BRTNB
05 40 54 -02 28 00 B 33 DRKNB
05 40 54 -01 29 00 IC 432 BRTNB
05 41 00 -02 24 00 IC 434 BRTNB
05 41 36 -02 13 00 NGC 2023 BRTNB
05 42 00 -06 16 00 MCG -01-15GALXY12.0
05 42 00 -01 50 00 NGC 2024 BRTNB
05 42 06 +09 05 00 NGC 2022 PLNNB12.8
05 43 00 -02 19 00 IC 435 BRTNB
05 44 06 +08 38 00 NGC 2039 NONEX
05 45 00 +12 53 01 NGC 2045 NONEX
05 45 12 -10 04 00 NGC 2054 3STAR
05 45 18 +09 04 00 Ced 59 BRTNB
05 45 30 +09 03 00 B 35 DRKNB
05 45 42 +07 31 00 B 36 DRKNB
05 46 24 -00 01 00 NGC 2064 BRTNB
05 46 30 +00 07 00 NGC 2067 BRTNB
05 46 48 +00 04 00 NGC 2068 BRTNB 8
05 46 48 +08 48 00 NGC 2063 NONEX
05 47 12 +00 18 01 NGC 2071 BRTNB
05 48 00 +01 00 00 Sh2-276 BRTNB
05 49 12 +07 24 00 Cr 74 OPNCL14.4
05 51 06 +22 12 00 Berk 72 OPNCL
05 51 42 +21 47 01 Berk 21 OPNCL01.1
05 52 12 -07 27 00 NGC 2110 GALXY14.0
05 53 54 +00 24 00 NGC 2112 OPNCL09.1
05 54 36 +02 00 00 LDN 1622 DRKNB
05 56 00 +20 52 00 Czernik 24OPNCL
05 57 24 +11 57 00 NGC 2119 GALXY
05 58 12 +21 58 00 Basel 11B OPNCL08.9
05 59 06 +21 54 00 Basel 11 OPNCL08.9
05 59 18 +07 50 00 Berk 22 OPNCL
06 02 24 +09 39 00 PK198- 6.1PLNNB13.9
06 03 00 +05 43 00 NGC 2143 NONEX
06 03 06 +10 26 00 NGC 2141 OPNCL09.4
06 04 48 +03 57 00 PK204- 8.1PLNNB15.3
06 08 24 +13 57 00 NGC 2169 OPNCL05.9
06 08 54 +15 49 00 Sh2-261 BRTNB
06 09 12 +18 41 00 Ced 62 BRTNB
06 09 36 +04 43 00 NGC 2180 NONEX
06 09 42 +20 31 00 NGC 2174 BRTNB
06 09 48 +20 19 00 NGC 2175 CL+NB06.8
06 10 54 +20 36 00 NGC 2175S OPNCL06.8
06 10 54 -03 31 00 NGC 2184 OPNCL
06 11 12 +11 46 00 PK197- 3.1PLNNB14.0
06 12 12 +05 27 00 NGC 2186 OPNCL08.7
06 12 18 +01 08 00 NGC 2189 NONEX
06 12 54 +17 59 00 IC 2162 BRTNB
06 13 12 +06 59 00 Czernik 25OPNCL
06 13 48 +12 48 00 NGC 2194 OPNCL08.5
06 13 54 +01 00 00 NGC 2198 NONEX
06 14 24 +17 44 00 NGC 2195 BRTNB
06 15 12 +12 22 00 PK197- 2.1PLNNB
06 15 48 +14 16 00 PK196- 1.1BRTNB
06 16 54 +05 59 00 NGC 2202 NONEX
06 18 54 +15 17 00 PK195- 0.1BRTNB
