00 01 24 +13 06 00 NGC 7803 GALXY13.1
00 01 24 +31 25 00 NGC 7805 GALXY13.3
00 01 30 +31 26 00 NGC 7806 GALXY13.5
00 02 24 +12 57 00 NGC 7810 GALXY13.0
00 03 24 +20 41 00 NGC 7815 NONEX
00 04 00 +20 44 00 NGC 7817 GALXY11.8
00 04 24 +31 28 00 NGC 7819 GALXY13.5
00 05 18 +16 08 00 NGC 7814 GALXY10.6
00 06 30 +27 38 00 NGC 7833 NONEX
00 07 00 +27 39 00 NGC 7839 2STAR
00 07 18 +27 42 00 NGC 1 GALXY12.9
00 07 18 +27 40 00 NGC 2 GALXY14.2
00 08 42 +15 48 00 NGC 14 GALXY12.1
00 08 48 +23 50 00 NGC 8 2STAR15.0
00 08 54 +23 48 00 NGC 9 GALXY13.6
00 09 06 +27 43 00 NGC 16 GALXY12.0
00 09 06 +21 36 00 NGC 15 GALXY13.8
00 09 24 +27 43 00 NGC 18 NONEX
00 09 48 +27 50 00 NGC 22 GALXY13.6
00 09 54 +25 55 00 NGC 23 GALXY12.0
00 10 24 +25 49 00 NGC 26 GALXY12.7
00 10 48 +21 57 00 NGC 30 2STAR
00 10 54 +18 47 00 NGC 32 ASTER
00 12 48 +22 02 00 NGC 41 GALXY13.6
00 12 54 +22 06 00 NGC 42 GALXY13.8
00 13 18 +17 02 00 UGC 122 GALXY14.9
00 14 36 +18 33 00 NGC 52 GALXY13.3
21 09 36 +15 07 00 NGC 7033 GALXY14.1
21 09 42 +15 09 00 NGC 7034 GALXY13.8
21 10 12 +15 27 00 NGC 7036 NONEX
21 13 48 +13 33 00 NGC 7042 GALXY12.0
21 14 06 +13 36 00 NGC 7043 GALXY13.7
21 21 06 +23 04 00 NGC 7053 GALXY13.0
21 22 12 +18 39 00 NGC 7056 GALXY12.9
21 26 12 +14 09 59 NGC 7066 GALXY13.8
21 26 36 +12 13 00 NGC 7068 GALXY14.8
21 29 30 +06 42 00 NGC 7074 GALXY
21 30 00 +12 10 00 NGC 7078 GLOCL06.4
21 31 48 +17 25 00 NGC 7084 NONEX
21 32 18 +06 36 00 NGC 7085 GALXY15.2
21 36 42 +12 47 00 NGC 7094 PLNNB13.4
21 39 30 +08 53 00 NGC 7100 GALXY14.7
21 39 36 +08 54 00 NGC 7101 GALXY
21 39 42 +06 17 00 NGC 7102 GALXY14.4
21 42 18 +12 30 00 NGC 7112 GALXY14.3
21 42 24 +12 35 00 NGC 7113 GALXY15.2
21 47 12 +10 14 00 NGC 7132 GALXY14.6
21 48 12 +22 10 00 NGC 7137 GALXY12.4
21 49 00 +12 30 00 NGC 7138 GALXY14.1
21 51 48 +03 01 00 NGC 7146 GALXY14.3
21 52 00 +03 04 00 NGC 7147 GALXY13.5
21 52 06 +03 20 00 NGC 7148 GALXY
21 52 12 +03 18 00 NGC 7149 GALXY13.1
21 54 36 +02 57 00 NGC 7156 GALXY12.5
21 56 24 +13 34 00 NGC 7159 GALXY15.2
21 57 00 +02 57 00 NGC 7161 2STAR
22 00 42 +17 44 00 NGC 7177 GALXY11.2
22 01 00 +35 06 00 NGC 7186 NONEX
22 02 36 +19 45 00 IC 1420 GALXY13.1
22 03 06 +11 11 59 NGC 7190 GALXY13.8
22 03 24 +12 39 00 NGC 7195 GALXY15.6
22 03 30 +12 37 00 NGC 7194 GALXY13.1
22 03 36 +10 49 00 NGC 7193 NONEX
22 05 36 +16 47 00 NGC 7206 GALXY13.3
22 05 42 +16 45 00 NGC 7207 GALXY
22 06 18 +27 06 00 NGC 7210 NONEX
22 07 00 +10 14 00 NGC 7212 GALXY13.8
22 07 54 +31 21 59 NGC 7217 GALXY10.1
22 11 36 +25 50 00 NGC 7224 GALXY13.2
22 14 42 +13 51 00 NGC 7236 GALXY13.6
22 14 48 +13 50 00 NGC 7237 GALXY15.0
22 15 18 +22 30 00 NGC 7238 NONEX
22 15 48 +19 14 00 NGC 7241 GALXY12.6
22 16 24 +16 28 00 NGC 7244 GALXY13.8
22 19 18 +29 24 00 NGC 7253B GALXY14.5
22 19 24 +29 24 00 NGC 7253A GALXY14.4
22 23 36 +32 23 59 NGC 7270 GALXY13.9
22 23 48 +32 22 00 NGC 7271 GALXY15.7
22 24 06 +32 27 00 NGC 7275 GALXY14.3
22 24 30 +16 36 00 NGC 7272 GALXY15.0
22 26 24 +16 10 00 NGC 7280 GALXY12.1
22 28 00 +29 07 00 NGC 7286 GALXY12.5
22 28 24 +30 18 00 NGC 7292 GALXY12.5
22 28 24 +17 09 00 NGC 7290 GALXY13.3
22 28 30 +16 47 00 NGC 7291 GALXY13.1
22 28 36 +17 30 00 NGC 7283 GALXY14.3
22 31 30 +30 58 00 NGC 7304 NONEX
22 31 36 +30 58 00 NGC 7303 GALXY12.6
22 32 12 +11 43 00 NGC 7305 GALXY15.1
22 33 06 +08 05 00 UGC 12074 GALXY13.4
22 34 12 +05 35 00 NGC 7311 GALXY12.5
22 34 42 +05 49 00 NGC 7312 GALXY13.4
22 35 24 +34 49 59 NGC 7315 GALXY12.5
22 35 54 +20 19 00 NGC 7316 GALXY13.0
22 35 54 +33 58 00 NGC 7318B GALXY13.1
22 35 54 +33 57 00 NGC 7317 GALXY13.6
22 36 00 +33 58 00 NGC 7318A GALXY13.4
22 36 06 +33 57 00 NGC 7320 GALXY12.6
22 36 06 +33 59 00 NGC 7319 GALXY13.1
22 36 12 +34 00 00 NGC 7320C GALXY15.5
22 36 24 +21 38 00 NGC 7321 GALXY12.9
22 36 30 +33 47 00 NGC 7320A GALXY
22 36 48 +19 09 00 NGC 7323 GALXY12.9
22 36 48 +34 22 00 NGC 7325 GALXY
22 36 48 +34 25 00 NGC 7326 GALXY
22 36 48 +34 29 00 NGC 7327 1STAR
22 37 00 +19 09 00 NGC 7324 GALXY15.1
22 37 06 +34 25 00 NGC 7331 GALXY09.5
22 37 12 +34 29 00 NGC 7336 GALXY15.0
22 37 12 +34 26 00 NGC 7333 NONEX
22 37 18 +34 27 00 NGC 7335 GALXY13.4
22 37 24 +23 48 00 NGC 7332 GALXY11.1
22 37 24 +34 22 00 NGC 7337 GALXY14.4
22 37 24 +33 55 00 NGC 7320B GALXY
22 37 30 +10 32 00 NGC 7328 GALXY13.1
22 37 30 +34 25 00 NGC 7338 NONEX
22 37 36 +34 26 00 NGC 7340 GALXY13.7
22 37 48 +23 47 00 NGC 7339 GALXY12.2
22 38 06 +35 31 00 NGC 7342 GALXY13.9
22 38 36 +34 04 00 NGC 7343 GALXY13.5
22 38 36 +35 33 00 NGC 7345 GALXY14.3
22 39 30 +11 47 00 NGC 7353 GALXY15.0
22 39 30 +11 05 00 NGC 7346 GALXY15.6
22 39 54 +11 02 00 NGC 7347 GALXY13.6
22 40 36 +11 54 00 NGC 7348 GALXY13.8
22 41 00 +11 58 00 NGC 7350 1STAR
22 42 06 +30 42 59 NGC 7356 GALXY14.1
22 42 24 +30 11 00 NGC 7357 GALXY14.0
22 43 18 +34 00 00 NGC 7363 GALXY13.8
22 43 36 +04 09 00 NGC 7360 GALXY13.6
22 43 54 +08 43 00 NGC 7362 GALXY12.7
22 44 18 +34 21 00 NGC 7369 GALXY13.6
22 44 18 +10 46 00 NGC 7366 GALXY15.5
22 44 42 +03 41 00 NGC 7367 GALXY13.8
22 45 06 +06 26 00 UGC 12178 GALXY13.1
22 45 30 +11 03 00 NGC 7370 GALXY
22 45 42 +11 08 00 NGC 7372 GALXY13.4
22 46 00 +10 51 00 NGC 7374A GALXY14.9
22 46 30 +03 13 00 NGC 7373 GALXY13.6
22 46 36 +21 05 00 NGC 7375 GALXY14.9
22 46 36 +11 11 00 NGC 7374B GALXY15.5
22 47 24 +03 40 00 NGC 7376 GALXY14.4
22 49 36 +11 36 00 NGC 7383 GALXY13.7
22 49 42 +11 33 00 NGC 7384 GALXY
22 49 54 +11 36 00 NGC 7385 GALXY12.0
22 49 54 +11 42 00 NGC 7386 GALXY12.3
22 50 12 +11 44 00 NGC 7388 GALXY
22 50 18 +11 35 00 NGC 7389 GALXY13.8
22 50 18 +11 38 00 NGC 7387 GALXY14.0
22 50 18 +11 32 00 NGC 7390 GALXY14.1
22 52 48 +12 35 00 NGC 7405 GALXY
22 53 18 +32 08 00 NGC 7407 GALXY13.1
22 53 42 +20 12 00 NGC 7409 GALXY15.6
22 54 30 +20 14 00 NGC 7411 GALXY13.4
22 54 48 +20 15 00 NGC 7415 GALXY15.0
22 55 06 +13 13 00 NGC 7413 GALXY14.1
22 55 18 +13 15 00 NGC 7414 GALXY
22 55 36 +29 48 00 NGC 7420 GALXY13.9
22 57 12 +08 29 59 NGC 7427 GALXY15.4
22 57 30 +08 48 00 NGC 7430 GALXY15.1
22 57 48 +26 10 00 NGC 7431 GALXY15.6
22 57 54 +26 08 00 NGC 7435 GALXY14.2
22 58 00 +13 08 00 NGC 7432 GALXY13.4
22 57 59 +26 09 00 NGC 7433 GALXY14.0
22 57 59 +26 09 00 NGC 7436A GALXY14.0
22 57 59 +26 09 00 NGC 7436B GALXY15.0
22 58 12 +14 18 00 NGC 7437 GALXY13.3
22 58 42 +29 10 00 NGC 7439 GALXY14.0
22 59 12 +13 35 00 UGC 12281 GALXY14.3
22 59 24 +15 33 00 NGC 7442 GALXY13.3
23 00 00 +15 59 00 NGC 7448 GALXY11.7
23 00 24 +08 28 00 NGC 7451 GALXY14.0
23 01 00 +30 09 00 NGC 7457 GALXY11.2
23 01 06 +16 23 00 NGC 7454 GALXY11.8
23 01 42 +15 35 00 NGC 7461 GALXY13.3
23 01 54 +15 59 00 NGC 7463 GALXY13.2
23 01 54 +15 58 00 NGC 7464 GALXY13.3
23 02 00 +15 58 00 NGC 7465 GALXY12.6
23 02 00 +27 03 00 NGC 7466 GALXY13.6
23 02 18 +15 33 00 NGC 7467 GALXY15.6
23 02 54 +16 36 00 NGC 7468 GALXY13.7
23 03 54 +30 10 00 NGC 7473 GALXY13.7
23 04 00 +20 02 00 NGC 7474 GALXY15.2
23 04 06 +20 03 00 NGC 7475 GALXY15.1
23 04 18 +08 52 00 NGC 7469 GALXY12.3
23 04 54 +12 19 00 NGC 7479 GALXY10.9
23 05 18 +16 51 00 UGC 12350 GALXY14.0
23 06 06 +34 06 00 NGC 7485 GALXY13.1
23 06 12 +34 04 00 NGC 7486 GALXY
23 06 42 +12 46 00 Pal 13 GLOCL13.8
23 06 54 +28 11 00 NGC 7487 GALXY14.8
23 07 24 +32 22 00 NGC 7490 GALXY12.3
23 07 24 +23 00 00 NGC 7489 GALXY13.4
23 09 06 +18 11 00 NGC 7497 GALXY12.2
23 09 06 +12 04 00 NGC 7495 GALXY13.1
23 10 36 +11 01 00 NGC 7500 GALXY13.3
23 10 36 +14 24 00 NGC 7504 1STAR
23 11 12 +13 37 00 NGC 7505 GALXY15.6
23 11 54 +12 58 00 NGC 7508 GALXY15.7
23 12 18 +31 08 00 NGC 7512 GALXY12.6
23 12 24 +34 53 00 NGC 7514 GALXY12.5
23 12 24 +14 37 00 NGC 7509 GALXY15.0
23 12 30 +13 43 00 NGC 7511 GALXY13.8
23 12 42 +10 47 00 NGC 7519 GALXY15.2
23 12 48 +20 14 00 NGC 7516 GALXY13.3
23 12 54 +12 41 00 NGC 7515 GALXY12.4
23 13 36 +24 54 00 NGC 7527 GALXY13.3
23 13 42 +14 01 00 NGC 7525 GALXY15.2
23 13 42 +14 00 00 NGC 7523 GALXY15.7
23 14 06 +08 58 00 NGC 7529 GALXY14.1
23 14 18 +13 26 00 NGC 7536 GALXY13.4
23 14 18 +13 35 00 NGC 7535 GALXY13.7
23 14 18 +10 13 00 NGC 7528 GALXY
23 14 24 +23 40 00 NGC 7539 GALXY12.5
23 14 30 +15 56 00 NGC 7540 GALXY15.7
23 14 36 +28 19 00 NGC 7543 GALXY13.0
23 14 36 +15 55 00 NGC 7551 GALXY
23 14 48 +10 39 00 NGC 7542 GALXY15.7
23 15 00 +18 58 00 NGC 7547 GALXY13.7
23 15 06 +25 16 00 NGC 7548 GALXY13.3
23 15 18 +18 57 00 NGC 7550 GALXY12.2
23 15 18 +19 02 00 NGC 7549 GALXY13.0
23 15 18 +19 01 00 NGC 7553 GALXY
23 15 36 +18 55 00 NGC 7558 GALXY14.9
23 15 36 +12 35 00 NGC 7555 NONEX
23 15 54 +13 17 00 NGC 7559A GALXY14.7
23 15 54 +13 17 00 NGC 7559B GALXY16.0
23 16 00 +13 11 00 NGC 7563 GALXY12.8
23 16 12 +15 52 00 NGC 7567 GALXY14.4
23 16 18 +24 29 00 NGC 7568 GALXY13.5
23 16 48 +13 29 00 NGC 7570 GALXY13.2
23 16 48 +18 29 00 NGC 7572 GALXY15.0
23 16 48 +10 55 00 NGC 7569 NONEX
23 16 48 +24 00 00 NGC 7574 NONEX
23 17 12 +18 41 00 NGC 7578A GALXY13.3
23 17 12 +18 42 00 NGC 7578B GALXY14.0
23 17 12 +18 59 00 NGC 7571 NONEX
23 17 36 +14 00 00 NGC 7580 GALXY13.7
23 17 42 +09 25 00 NGC 7579 GALXY14.0
23 17 42 +08 15 00 NGC 7586 GALXY15.1
23 17 48 +18 45 00 NGC 7588 GALXY15.7
23 18 00 +11 21 00 NGC 7593 GALXY13.6
23 18 00 +09 41 00 NGC 7587 GALXY13.9
23 18 00 +09 25 00 NGC 7584 GALXY14.3
23 18 18 +10 13 00 NGC 7594 GALXY13.0
23 18 30 +18 41 00 NGC 7597 GALXY13.9
23 18 30 +18 44 00 NGC 7598 GALXY15.6
23 18 30 +09 54 00 NGC 7595 GALXY
23 18 48 +09 14 00 NGC 7601 GALXY14.0
23 18 48 +18 42 00 NGC 7602 GALXY14.3
23 19 00 +11 21 00 NGC 7607 NONEX
23 19 18 +08 20 00 NGC 7608 GALXY14.2
23 19 30 +09 29 00 NGC 7609 GALXY14.1
23 19 30 +10 09 00 NGC 7616 GALXY
23 19 36 +10 10 00 NGC 7610 GALXY13.0
23 19 48 +08 33 00 NGC 7612 GALXY12.8
23 19 54 +08 24 00 NGC 7615 GALXY14.3
23 20 06 +24 13 00 NGC 7620 GALXY13.1
23 20 12 +08 12 00 NGC 7619 GALXY11.1
23 20 24 +27 19 00 NGC 7624 GALXY13.1
23 20 24 +08 20 00 NGC 7621 GALXY15.6
23 20 30 +17 14 00 NGC 7625 GALXY12.1
23 20 30 +08 24 00 NGC 7623 GALXY12.9
23 20 42 +08 13 00 NGC 7626 GALXY11.1
23 20 48 +25 53 00 NGC 7628 GALXY12.7
23 20 54 +12 03 00 NGC 7627 NONEX
23 21 24 +11 24 00 NGC 7630 GALXY14.2
23 21 30 +08 13 00 NGC 7631 GALXY13.1
23 21 36 +08 52 00 NGC 7634 GALXY12.6
23 22 30 +11 18 00 NGC 7638 GALXY15.0
23 22 36 +11 53 00 NGC 7641 GALXY13.9
23 22 48 +11 21 00 NGC 7639 GALXY15.5
23 22 54 +11 59 00 NGC 7643 GALXY13.2
23 23 48 +09 39 00 NGC 7648 GALXY13.0
23 24 06 +16 47 00 NGC 7647 GALXY13.6
23 24 18 +14 38 00 NGC 7649 GALXY14.0
23 24 30 +13 58 00 NGC 7644 GALXY15.0
23 24 30 +13 58 00 NGC 7651 GALXY15.0
23 24 54 +15 16 00 NGC 7653 GALXY12.7
23 25 42 +27 01 00 NGC 7660 GALXY12.7
23 26 00 +14 12 00 NGC 7659 GALXY14.0
23 26 36 +25 04 00 NGC 7664 GALXY12.7
23 27 18 +12 28 00 NGC 7671 GALXY12.8
23 27 30 +12 23 00 NGC 7672 GALXY13.9
23 27 42 +23 35 00 NGC 7673 GALXY12.8
23 27 54 +08 47 00 NGC 7674 GALXY13.2
23 28 00 +08 46 00 NGC 7675 GALXY14.9
23 28 06 +23 32 00 NGC 7677 GALXY13.2
23 28 30 +22 25 00 NGC 7678 GALXY11.8
23 28 30 +32 24 00 NGC 7680 GALXY12.6
23 28 36 +14 45 00 UGC 12613 GALXY12.0
23 28 36 +17 16 00 NGC 7681 GALXY13.7
23 31 12 +21 24 00 NGC 7688 GALXY15.4
23 32 36 +15 49 59 NGC 7691 GALXY12.9
23 34 00 +24 56 00 NGC 7698 GALXY13.3
23 34 54 +16 04 00 NGC 7703 GALXY13.4
23 34 54 +18 14 00 UGC 12682 GALXY13.5
23 35 42 +15 18 00 NGC 7711 GALXY12.1
23 35 54 +23 36 00 NGC 7712 GALXY12.7
23 35 54 +30 28 00 PK104-29.1PLNNB12.7
23 36 30 +21 09 00 IC 5338 GALXY13.7
23 37 30 +18 00 00 UGC 12710 GALXY13.9
23 38 06 +25 41 00 NGC 7718 GALXY14.0
23 38 12 +30 43 00 UGC 12713 GALXY14.3
23 38 18 +27 03 00 Abell 2634GALCL13.8
23 38 30 +27 02 00 NGC 7720 GALXY12.4
23 38 42 +27 00 00 NGC 7726 GALXY14.2
23 38 48 +15 57 00 NGC 7722 GALXY12.4
23 40 00 +27 08 00 NGC 7728 GALXY13.1
23 40 36 +26 14 00 UGC 12732 GALXY13.3
23 40 36 +29 11 00 NGC 7729 GALXY13.5
23 42 18 +26 13 00 NGC 7735 GALXY13.6
23 42 48 +27 03 00 NGC 7737 GALXY13.8
23 43 18 +27 21 00 NGC 7740 GALXY15.6
23 43 54 +26 05 00 NGC 7741 GALXY11.3
23 44 18 +10 46 00 NGC 7742 GALXY11.6
23 44 24 +09 56 00 NGC 7743 GALXY11.5
23 44 48 +25 53 00 NGC 7745 GALXY
23 45 36 +27 22 00 NGC 7747 GALXY13.6
23 47 00 +29 27 00 NGC 7752 GALXY14.3
23 47 06 +29 29 00 NGC 7753 GALXY12.0
23 49 18 +30 58 00 NGC 7760 GALXY13.4
23 50 48 +27 10 00 NGC 7765 GALXY14.5
23 50 54 +27 10 00 NGC 7768 GALXY12.3
23 50 54 +27 05 00 NGC 7767 GALXY13.5
23 50 54 +27 10 00 Abell 2666GALCL13.8
23 50 54 +27 07 00 NGC 7766 GALXY15.7
23 51 06 +20 09 00 NGC 7769 GALXY12.0
23 51 24 +20 07 00 NGC 7771 GALXY12.3
23 51 24 +20 06 00 NGC 7770 GALXY13.8
23 51 48 +16 15 00 NGC 7772 OPNCL
23 52 12 +11 28 00 NGC 7774 GALXY13.1
23 52 18 +31 16 00 NGC 7773 GALXY13.4
23 52 30 +28 46 00 NGC 7775 GALXY13.3
23 53 18 +28 17 00 NGC 7777 GALXY13.3
23 55 18 +21 45 00 NGC 7784 GALXY15.5
23 55 24 +21 35 00 NGC 7786 GALXY13.1
23 55 36 +17 56 00 UGC 12843 GALXY13.3
23 56 48 +16 50 00 UGC 12856 GALXY13.9
23 58 00 +10 45 00 NGC 7791 2STAR
23 58 06 +16 29 00 NGC 7792 GALXY15.0
23 58 36 +10 42 00 NGC 7794 GALXY12.5
23 59 24 +20 45 00 NGC 7798 GALXY12.4
23 59 30 +31 17 00 NGC 7799 GALXY
23 59 36 +14 49 00 NGC 7800 GALXY12.6
