01 42 18 +51 34 00 NGC 651 PLNNB11.0
01 42 24 +51 34 00 NGC 650 PLNNB11.0
01 52 48 +57 04 00 Stock 4 OPNCL
01 58 24 +55 29 00 NGC 744 OPNCL07.9
01 58 48 +52 54 00 PK133- 8.1PLNNB
02 18 48 +58 19 00 Basel 10 OPNCL09.9
02 19 00 +57 09 00 NGC 869 OPNCL05.3
02 22 24 +57 07 00 NGC 884 OPNCL06.1
02 33 00 +58 44 00 Czernik 8OPNCL09.7
02 33 36 +57 32 01 NGC 957 OPNCL07.6
02 37 18 +55 59 01 Tr 2 OPNCL05.9
02 39 12 +41 40 00 NGC 1001 GALXY14.5
02 39 18 +40 51 00 NGC 1003 GALXY11.4
02 39 30 +41 29 00 NGC 1005 GALXY14.5
02 39 42 +56 56 00 Czernik 12OPNCL
02 40 30 +39 03 00 NGC 1023 GALXY09.4
02 42 00 +42 47 00 NGC 1039 OPNCL05.2
02 42 12 +41 30 00 NGC 1040 NONEX
02 42 30 +34 46 00 NGC 1050 GALXY12.6
02 43 12 +41 30 00 NGC 1053 GALXY12.9
02 43 36 +37 20 00 NGC 1058 GALXY11.2
02 45 24 +42 33 00 PK144-15.1PLNNB16.7
02 46 06 +40 05 00 NGC 1077B GALXY14.0
02 46 06 +40 05 00 NGC 1077A GALXY16.0
02 47 54 +41 15 01 NGC 1086 GALXY12.8
02 47 54 +37 32 01 UGC 2259 GALXY13.4
02 50 36 +41 41 00 NGC 1106 GALXY12.3
02 52 18 +50 36 00 PK141- 7.1PLNNB16.0
02 52 48 +42 12 00 NGC 1122 GALXY12.1
02 52 48 +42 13 00 NGC 1123 NONEX
02 54 24 +41 37 01 NGC 1130 GALXY13.0
02 54 30 +41 35 01 NGC 1129 GALXY12.5
02 54 36 +41 34 01 NGC 1131 GALXY15.5
02 56 30 +43 03 00 NGC 1138 GALXY12.8
02 57 30 +46 27 00 NGC 1146 NONEX
03 00 36 +40 15 00 UGC 2463 GALXY13.9
03 00 42 +43 10 00 NGC 1159 GALXY14.0
03 01 18 +44 55 00 NGC 1161 GALXY11.0
03 01 18 +44 58 00 NGC 1160 GALXY12.8
03 01 48 +35 13 00 NGC 1167 GALXY12.4
03 01 48 +35 51 00 Abell 407GALCL14.7
03 01 54 +42 36 00 NGC 1164 GALXY13.1
03 03 36 +46 23 00 NGC 1169 GALXY11.3
03 04 06 +43 24 01 NGC 1171 GALXY12.3
03 04 12 +41 22 01 NGC 1173 NONEX
03 04 30 +42 21 00 NGC 1175 GALXY12.9
03 04 30 +42 50 00 NGC 1174 NONEX
03 04 30 +41 23 00 NGC 1176 NONEX
03 04 36 +42 22 00 NGC 1177 GALXY14.5
03 04 36 +41 18 00 NGC 1178 NONEX
03 04 42 +41 22 00 NGC 1183 NONEX
03 05 30 +42 50 00 NGC 1186 GALXY11.4
03 05 48 +44 23 00 NGC 1193 OPNCL12.6
03 06 12 +42 23 00 IC 284 GALXY11.5
03 06 12 +41 52 00 NGC 1198 GALXY12.5
03 06 12 +44 04 00 NGC 1197 NONEX
03 08 12 +38 23 00 NGC 1207 GALXY12.6
03 08 36 +40 51 00 NGC 1212 GALXY
03 09 12 +38 39 00 NGC 1213 GALXY14.5
03 11 06 +35 24 00 NGC 1226 GALXY12.9
03 11 12 +41 23 00 NGC 1224 GALXY13.7
03 11 12 +35 20 00 NGC 1227 GALXY14.2
03 11 42 +53 20 00 NGC 1220 OPNCL11.8
03 12 30 +39 20 00 NGC 1233 GALXY13.2
03 12 48 +38 56 00 NGC 1235 3STAR
03 14 42 +47 15 00 NGC 1245 OPNCL08.4
03 14 48 +52 43 00 King 5 OPNCL
03 15 12 +41 22 00 NGC 1250 GALXY12.8
03 16 24 +41 31 00 NGC 1257 GALXY13.7
03 17 00 +41 21 00 NGC 1259 GALXY15.5
03 17 30 +41 24 00 NGC 1260 GALXY13.3
03 17 54 +41 26 00 NGC 1264 GALXY15.5
03 18 30 +41 50 00 NGC 1265 GALXY12.1
03 18 54 +41 28 00 NGC 1268 GALXY13.4
03 18 54 +41 27 00 NGC 1267 GALXY15.5
03 19 06 +41 27 00 NGC 1270 GALXY13.1
03 19 12 +41 20 00 NGC 1271 GALXY14.1
03 19 30 +41 29 01 NGC 1272 GALXY11.8
03 19 30 +41 32 01 NGC 1273 GALXY13.2
03 19 42 +41 30 01 Abell 426GALCL13.0
03 19 48 +41 32 00 NGC 1274 GALXY14.1
03 19 54 +41 30 00 NGC 1275 GALXY11.9
03 19 54 +41 33 00 NGC 1276 GALXY
03 20 00 +41 33 00 NGC 1278 GALXY12.4
03 20 00 +41 34 00 NGC 1277 GALXY13.5
03 20 06 +41 28 00 NGC 1279 GALXY
03 20 12 +41 37 00 NGC 1281 GALXY13.3
03 20 18 +41 21 00 NGC 1282 GALXY12.9
03 20 24 +41 23 00 NGC 1283 GALXY13.6
03 21 42 +41 23 00 NGC 1293 GALXY13.4
03 21 48 +41 21 00 NGC 1294 GALXY13.2
03 22 00 +49 00 00 Mel 20 OPNCL01.2
03 23 24 +52 15 00 Czernik 15OPNCL
03 29 18 +41 22 00 NGC 1330 GALXY15.5
03 29 18 +31 25 00 NGC 1333 BRTNB
03 30 06 +41 50 00 NGC 1334 GALXY13.1
03 30 24 +41 35 00 NGC 1335 GALXY13.8
03 31 12 +52 39 01 Czernik 16OPNCL
03 31 36 +37 20 00 NGC 1342 OPNCL06.7
03 32 06 +31 10 00 B 1,2,202DRKNB
03 33 12 +52 42 00 Berk 9 OPNCL
03 33 48 +51 26 00 NGC 1348 OPNCL
03 41 42 +52 17 00 PK147- 2.1PLNNB13.6
03 44 00 +31 47 00 B 3,4 DRKNB
03 44 30 +32 17 00 IC 348 CL+NB07.3
03 47 30 +35 03 00 IC 351 PLNNB12.4
03 48 00 +32 54 01 B 5 DRKNB
03 49 24 +52 40 00 NGC 1444 OPNCL06.6
03 49 36 +38 59 00 vdB 24 BRTNB
03 51 36 +51 29 00 PK149- 1.1BRTNB
03 53 36 +32 28 01 NGC 1465 GALXY13.7
03 56 24 +33 52 00 IC 2003 PLNNB12.6
03 59 48 +51 48 00 King 7 OPNCL
04 03 18 +51 18 00 NGC 1491 BRTNB
04 03 18 +36 25 00 NGC 1499 BRTNB
04 04 24 +52 37 00 NGC 1496 OPNCL09.6
04 10 00 +49 31 00 NGC 1513 OPNCL08.4
04 15 24 +51 14 00 NGC 1528 OPNCL06.4
04 20 36 +44 55 00 Berk 11 OPNCL10.4
04 20 54 +50 15 00 NGC 1545 OPNCL06.2
04 21 00 +36 56 00 NGC 1548 OPNCL
04 30 06 +35 16 00 NGC 1579 BRTNB
04 32 00 +43 51 01 NGC 1582 OPNCL 7
04 35 00 +45 15 00 NGC 1605 OPNCL10.7
04 38 42 +50 45 00 Berk 67 OPNCL
04 40 24 +50 27 00 NGC 1624 CL+NB11.8
04 44 30 +42 04 00 Berk 68 OPNCL09.8
04 45 18 +42 41 00 Berk 12 OPNCL
04 46 30 +44 44 01 Ru 148 OPNCL09.5
