00 01 36 +70 43 00 Abell 86 16.7 mp
00 12 36 +69 11 00 Abell 1 18.7 m
00 13 00 +72 31 00 NGC40 10.6 m
00 18 42 +53 53 00 Vy1-1 12.6 m
00 20 00 +62 59 00 BV 5-1 15.7 m
00 28 18 +55 58 00 Hu1-1 12.4 m
00 31 54 +57 23 00 Sh 2-176
00 37 18 -13 42 00 BoBn 1 16.4 m
00 38 54 +66 24 00 We 1-1 22.0 m
00 40 24 +62 51 00 BV 5-2
00 45 36 +57 57 00 Abell 2 14.5 m
00 47 06 -11 52 00 NGC246 10.4 m
00 59 54 +15 44 00 PHL 932
01 00 54 +55 04 00 WeSb 1
01 07 06 +73 33 00 EGB 1
01 25 00 +65 39 00 K3-90 16.1 m
01 30 42 +58 22 00 Simeis 2
01 37 18 +50 28 00 M1-1 14.2 m
01 42 24 +51 34 00 M76 10.1 m
01 42 36 +60 10 00 We2.5
01 53 00 +56 24 00 BV 5-3 15.0 m
01 57 36 +63 19 00 IC1747 12.0 m
01 58 36 +66 34 00 K3-91 21.0 m
01 58 48 +52 54 00 M1-2 14.9 m
02 03 42 +64 58 00 K3-92 16.7 m
02 12 12 +64 09 00 Abell 3 16.0 m
02 26 30 +65 48 00 K3-93 177. m
02 45 24 +42 33 00 Abell 4 14.8 m
02 52 12 +50 36 00 Abell 5 16.0 mp
02 57 00 -44 10 00 Lo 1
02 58 54 +64 30 00 Abell 6 15.0 m
03 03 48 +64 54 00 HFG 1
03 10 18 +61 19 01 IC289 13.5 m
03 11 00 +62 48 00 HDW 2
03 27 18 +45 24 00 HDW 3
03 33 18 -25 52 00 NGC1360 9.6m
03 36 06 +60 04 00 K3-94 16.1 m
03 41 42 +52 17 00 M1-4 13.6 m
03 45 24 +37 49 01 HaWe 5
03 47 30 +35 03 00 IC351 11.9 m
03 49 06 +50 00 00 IsWe 1
03 53 30 +19 28 01 Baade 1 15.8 m
03 56 24 +33 53 00 IC2003 11.6 m
04 07 00 +60 55 00 NGC1501 11.9 m
04 09 18 +30 47 01 NGC1514 10.9 m
04 13 18 +56 57 00 M2-2 14.0 m
04 13 30 +51 51 00 K3-64 16.9 m
04 14 18 -12 44 00 NGC1535 9.4m
04 15 54 +48 50 00 K3-65 18.9 m
04 20 48 +56 18 00 K4-47
04 25 48 +60 07 00 M4-18 15.8 m
04 36 36 +33 40 00 K3-66 15.4 m
04 37 18 +25 03 00 H3-29 15.3 m
04 39 48 +36 46 00 K3-67 13.7 m
04 42 54 +36 07 00 CRL 618 18.0 m
04 46 42 +44 28 01 We 1-2
04 54 30 +42 17 00 We 1-3
05 03 00 -39 46 00 PRTM 1
05 03 06 -15 36 00 Abell 7 13.2 mp
05 03 42 -06 10 00 MaC 2-1 14.9 m
05 05 36 +10 42 01 J 320 11.8 m
05 06 36 +39 08 00 Abell 8 17.5 m
05 07 06 +30 50 00 K2-1 13.8 m
05 27 30 -12 42 00 IC418 9.3 m
05 31 36 +28 59 00 K3-68 16.1 m
05 31 48 +06 56 00 Abell 10 14.0 m
05 40 42 +12 21 00 H3-75 13.9 m
05 40 30 +35 43 01 PP 40
05 41 12 +39 15 00 K3-69 16.5 m
05 42 00 +09 05 00 NGC2022 11.6 m
05 42 18 +36 09 00 Pu 2 18.1 m
05 46 24 +24 22 00 M1-5 14.6 m
05 52 24 +28 06 00 Pu 1 15.9 m
05 55 00 -22 54 00 DeHt 1
05 56 12 +46 06 00 IC2149 10.6 m
05 57 00 -75 40 00 K1-27 16.5 m
05 58 24 +25 19 00 K3-70 17.3 m
05 59 12 +10 42 00 WeDe 1
06 02 12 +09 39 00 Abell 12 12.4 m
06 04 24 +03 56 00 Abell 13 15.3 m
06 11 00 +11 47 00 Abell 14 17.5 mp
06 13 30 +26 53 00 K3-71 18.1 m
06 14 18 +07 35 00 We 1-4
06 16 06 +28 22 00 WeSb 2 m
06 19 18 +55 37 01 PuWe 1 11.2 mp
06 21 24 -12 59 00 IC2165 10.6 m
06 23 18 -10 13 00 HDW 5 15.4 m
06 23 30 +05 30 00 K3-72
06 26 00 +17 47 00 J 900 11.8 m
06 27 00 -25 23 00 Abell 15 15.8 m
06 29 18 +71 04 00 EGB 4 m
06 34 00 +44 47 00 NGC2242 15.2 m
06 35 24 -00 05 59 M1-6 16.2 m
06 37 06 +24 01 00 M1-7 13.5 m
06 39 30 +11 07 00 K4-48 15.4 m
06 40 06 +21 25 01 HDW 6
06 41 18 -05 03 00 We 1-5 17.9 m
06 43 30 +61 47 00 Abell 16 15.4 m
06 50 24 -22 26 00 SaWe 1 16.4 m
06 52 18 +09 58 00 K2-2 12.5 m
06 53 18 +03 08 00 M1-8 14.3 m
06 54 18 -25 21 00 HaWe 9
06 55 12 -29 07 00 ESO427-1915.1 m
06 56 12 -02 53 00 Abell 18 17.0 m
06 59 30 -79 39 00 Vo 1
06 59 54 +14 37 00 Abell 19 16.3 m
07 00 24 +04 21 00 We 2-34
07 02 48 -13 43 00 PB 1 13.3m
07 02 48 -31 36 00 M3-1 12.0m
07 05 18 +02 47 00 M1-9 13.4m
07 06 48 -03 05 00 St 3-1 14.2m
07 07 00 -22 02 00 K2-3 14.8mp
07 09 24 -00 48 00 NGC2346 11.9m
07 11 18 -19 51 00 M1-11 15.9m
07 12 36 -16 06 00 K1-10
07 14 48 -27 50 00 M3-2 15.7m
07 14 48 -46 57 00 Wray 17-1 11.8m
07 17 24 -10 11 00 We 1-6 m
07 19 24 -21 44 00 M1-12 15.3
07 21 12 -18 09 00 M1-13 12.9m
07 23 00 +01 46 00 Abell 20 14.0m
07 25 36 +29 30 00 NGC2371 11.2m
07 26 36 -05 22 00 M3-3 14.3m
07 27 54 -20 12 59 M1-14 13.5m
07 28 54 -35 45 00 M4-2 12.9m
07 29 00 +13 15 00 Abell 21 11.3m
07 29 12 +20 55 00 NGC2392 9.2m
07 36 06 +02 42 00 Abell 22 15.4mp
07 37 18 -09 39 00 M1-16 13.3m
07 40 24 -11 32 00 M1-17 13.5m
07 41 48 -14 44 00 NGC2438 11.5m
07 41 54 -18 13 00 NGC2440 9.3m
07 42 06 -14 21 00 M1-18 14.0m
07 43 18 -34 45 00 Abell 23 13.1m
07 47 18 -51 15 00 He2-5 12.3m
07 47 24 -27 20 00 NGC2452 11.9m
07 48 06 -14 08 00 SaSt 2-3
07 50 12 -19 18 00 K1-12 15.9m
07 51 36 +03 00 00 Abell 24 13.9m
07 55 12 +09 33 00 HDW 7
07 55 12 -23 38 00 M3-4 11.9m
07 57 54 +53 25 00 JnEr 1 12.0m
08 02 30 -27 42 00 M3-5 13.9m
08 04 12 -34 16 00 K1-21 16.0m
08 05 12 -48 23 00 ESO209-15 15.4m
08 06 48 -02 53 00 Abell 25 15.4mp
08 08 42 -19 14 00 Sa2-21 13.7m
08 09 00 -32 39 59 Abell 26 18.1mp
08 10 42 -20 32 00 Y-C 2-5 14.4m
08 11 12 +10 57 00 EGB 5
08 11 30 -48 43 00 He2-7 11.8m
08 16 12 -39 52 00 Vo 2 18.3m
08 20 42 -46 22 00 PB 2 13.2m
08 20 54 -36 14 00 Ns 238 11.5m
08 23 42 -43 13 00 Wray16-20 17.0m
08 23 54 -45 31 00 Wray17-18 15.4m
08 28 30 -39 23 59 He2-9 14.5m
08 31 00 -38 20 00 VBRC 1 14.0m
08 31 42 -27 46 00 SaSt 1-1
08 31 54 -32 06 00 K1-1 15.6m
08 33 24 -16 09 00 NGC2610 13.0m
08 34 06 -47 17 00 ESO259-10 14.3m
08 34 30 -46 26 00 Wray17-20
08 36 18 -35 16 00 Wray16-22
08 37 06 -39 25 59 He2-11 13.9m
08 40 12 -20 53 59 Abell 29 14.3mp
08 40 42 -32 22 00 M3-6 10.8m
08 41 36 +58 14 00 Abell 28 13.5m
08 42 18 -40 44 00 Vo 3
08 43 24 -46 08 00 Ve 26 17.5m
08 46 54 +17 53 00 Abell 30 13.0m
08 48 36 -42 54 00 K2-15 13.4m
08 53 30 -40 04 00 He2-15 14.1m
08 53 36 -54 05 00 Mewe 1-1
08 54 18 -50 32 00 PB 3 13.5m
08 57 48 -28 57 00 K1-2 15.3m
08 54 12 +08 54 00 Abell 31 12.0m
09 07 06 -69 56 00 IC2448 10.5m
09 08 42 -53 18 59 He2-18 14.8m
09 12 24 -42 26 00 N2792 11.8m
09 13 54 -55 28 00 He2-21 13.5m
09 15 16 -54 53 00 PB 4 12.8m
09 16 11 -36 38 00 NGC2818 11.8m
09 16 12 -45 29 00 PB 5 14.2m
09 18 00 -54 39 00 He2-25 15.7m
09 19 30 -59 12 00 He2-26 12.0m
09 21 24 -58 19 00 NGC2867 9.7m
09 22 06 -54 10 00 He2-28 14.8m
09 24 42 -54 36 00 He2-29 13.3m
09 27 06 -56 06 00 NGC2899 12.2m
09 30 48 -53 10 00 Pe2-4 15.5m
09 30 54 -57 37 00 He2-32 16.2m
09 31 30 -56 18 00 Wray17-31 14.7m
09 38 48 -60 05 00 IC2501 10.4m
09 39 12 -02 49 00 Abell 33 12.9m
09 41 12 -49 23 00 He2-34 17.5m
09 41 36 -49 57 59 He2-35 13.7m
09 43 24 -57 17 00 He2-36 13.4m
09 45 36 -13 09 59 Abell 34 12.9m
09 47 24 -48 58 00 He2-37 14.0m
09 52 42 -46 17 00 HBDS 1
09 53 00 +13 45 00 EGB 6 10.4m
10 03 48 -60 44 00 He2-39 14.2m
10 05 48 -44 22 00 Lo 4 16.1m
10 06 54 -64 22 00 Wray17-40 15.0m
10 07 00 -40 26 00 NGC3132 9.7m
10 07 24 -63 55 00 He2-41 13.6m
10 09 24 -62 37 00 IC2553 10.4m
10 09 24 -80 52 00 NGC3195 11.5m
10 12 00 -52 38 00 Ste 2-1 13.5m
10 13 18 -50 20 00 PB 6 12.8m
10 15 36 -58 51 00 Hf 4 16.7m
10 17 48 -62 40 00 NGC3211 10.7m
10 23 18 -60 33 00 He2-47 14.1m
10 24 48 -18 39 00 NGC3242 7.3m
10 28 42 -59 04 00 Pe2-5 16.1m
10 31 30 -53 33 00 He2-48 15.9m
10 31 36 -55 21 00 My 60 12.7m
10 34 18 -53 41 00 He2-50 14.2m
10 34 30 -29 11 00 K1-28
10 35 48 -64 19 00 He2-51 14.4m
10 38 30 -56 47 00 Pe1-1 14.0m
10 39 30 -57 06 00 Pe1-2 15.0m
10 41 18 -56 09 00 Pe2-7 15.5m
10 44 30 -61 40 00 Pe1-3 14.1m
10 48 42 -56 03 00 He2-55 15.2m
10 54 00 -60 27 00 Hf 39 10.4m
10 54 36 -59 10 00 Hf 38 13.7m
10 54 42 -48 47 00 ESO215-04
10 56 00 -61 28 00 He2-57 16.6m
11 00 18 -65 15 00 IC2621 11.4m
11 03 54 -60 36 00 Hf 48 15.0m
11 13 48 -48 06 00 Lo 5 11.7m
11 14 48 +55 01 00 M97 9.8m
11 17 42 -70 50 00 He2-62 13.8m
11 18 12 -52 10 00 ESO216-02 15.5m
11 24 00 -51 51 00 He2-63 14.7m
11 26 42 -34 22 00 K1-22 12.6m
11 27 24 -57 18 00 He2-64 17.5m
11 28 48 -60 07 00 He2-67 13.2m
11 28 00 -59 58 00 NGC3699 11.0m
11 28 36 -52 56 00 Fg 1 11.6m
11 30 48 -59 17 00 Wray16-93 16.1m
11 31 48 -65 58 00 He2-68 14.9m
11 33 18 -57 06 00 PB 8 13.0m
11 35 12 -60 17 00 He2-70 13.8m
11 39 12 -68 52 00 He2-71 14.8m
11 41 36 -62 29 00 He2-72 14.5m
11 48 36 -65 09 00 He2-73 12.9m
11 50 18 -57 11 00 NGC3918 8.2m
11 52 30 -42 18 00 ESO320-28 16.3m
11 53 06 -50 51 00 BlDz 1 12.3m
