12 00 42 -47 33 00 Lo 6 15.3 m
12 04 18 -67 19 00 NGC4071 13.0 m
12 08 24 -64 12 00 He2-76 14.8 m
12 09 00 -63 07 00 He2-77 17.4 m
12 09 12 -58 43 00 He2-78 17.5 m
12 16 36 -66 46 00 HaTr 1 17.5 m
12 23 00 -64 02 00 He2-81 17.0 m
12 23 54 -60 13 00 He2-82 15.3 m
12 24 30 -18 47 00 NGC4361 11.0 m
12 28 48 -62 06 00 He2-83 19.6 m
12 28 48 -63 45 00 He2-84 14.2 m
12 30 06 -63 53 00 He2-85 14.4 m
12 30 24 -66 14 00 ESO 095-12 15.3 m
12 30 30 -64 51 00 He2-86 14.2 m
12 30 54 -44 14 00 K1-23 12.6 m
12 32 54 +82 34 00 IC3568 10.6 m
12 33 12 -27 49 00 CTIO1230-27517.1 m
12 45 54 -60 20 00 Wray 16-120 16.3 m
12 48 30 -63 50 00 Wray 16-121 15.0 m
12 53 42 -22 52 00 Abell 35 13.3 m
12 55 36 +25 53 00 LoTr 5
12 59 30 +27 38 00 H4-1 14.7 m
13 00 42 -56 53 00 Wray 16-122 13.5 m
13 05 48 -57 39 00 He2-88 14.3 m
13 08 48 -67 39 00 IC4191 10.6 m
13 09 36 -61 20 00 He2-90 13.7 m
13 19 30 -66 09 00 Wray 17-59 14.5 m
13 22 36 -63 21 00 Th2-A
13 24 24 -57 31 00 Wray 16-128 14.3 m
13 25 36 -37 36 00 Lo 8
13 28 06 -54 42 00 MeWe 1-3 16.2 m
13 33 42 -65 58 00 NGC5189 9.5 m
13 34 12 -75 46 00 ESO 040-11 14.7 m
13 39 36 -67 23 00 MyCn 18 12.6 m
13 40 42 -19 53 00 Abell 36 11.8 m
13 42 36 -61 23 00 He2-96 14.4 m
13 44 00 -60 50 00 VBRC 5 16.7 m
13 45 24 -71 29 00 He2-97 12.6 m
13 51 06 -51 12 00 NGC5307 11.2 m
13 52 30 -66 23 00 He2-99
13 53 24 -60 34 00 Vo 4 19.1 m
13 54 00 -66 31 00 NGC5315 9.9 m
13 54 30 -64 59 00 MaC 1-2 16.4 m
13 54 54 -58 27 00 He2-101 18.3 m
13 55 48 -59 23 00 SuWt 2
13 58 12 -58 54 00 He2-102 13.6 m
14 04 24 -17 14 00 IC972 13.9 m
14 05 36 -64 41 01 He2-103 13.9 m
14 11 54 -51 26 00 He2-104 14.1 m
14 15 24 -67 32 00 LoTr 7 14.2 m
14 15 24 -74 13 00 He2-105 13.5 m
14 18 12 -52 11 01 He2-108 13.8 m
14 18 42 -63 07 00 He2-107 16.4 m
14 20 48 -55 28 00 He2-109 15.1 m
14 22 00 -55 02 01 LoTr 8 16.9 m
14 22 24 -44 09 00 IC 4406 10.4 m
14 33 18 -60 50 00 He2-111 13.2 m
14 40 30 -52 35 00 He2-112 13.3 m
14 41 18 -61 20 00 LoTr 9
14 41 36 -56 15 00 VBRC 6 16.9 m
14 46 24 -61 14 00 LoTr 10
14 46 36 -50 23 00 MeWe 1-5 17.3 m
14 59 54 -54 18 00 He2-113 15.8 m
15 01 42 -48 21 00 ESO 223-10 16.0 m
15 05 18 -55 11 00 He2-115 14.9 m
15 06 00 -61 21 00 He2-116 15.1 m
15 06 12 -43 00 00 He2-118 12.7 m
15 08 41 -61 44 00 ESO 135-04 17.4 m
15 10 42 -64 40 00 NGC 5844 12.5 m
15 11 54 -55 40 00 He2-120 14.5 m
15 12 48 -38 07 00 NGC 5873 11.2 m
15 16 48 -45 39 00 NGC 5882 9.5 m
15 19 06 -53 10 00 PM 1-89
15 21 12 -72 14 00 LoTr 11
15 22 18 -23 38 00 Me2-1 11.6 m
15 22 18 -54 08 00 He2-123 15.1 m
15 23 36 -53 51 00 He2-125 17.9 m
15 25 06 -51 20 00 He2-128 14.4 m
15 34 18 -59 09 01 Mz 1 12.0 m
15 38 00 -58 45 00 He2-132 14.8 m
15 42 12 -47 41 00 Lo 9
15 43 00 -39 20 00 DS 2
15 47 42 -61 13 00 NGC 5979 11.8 m
15 49 30 -52 31 00 Lo 10
15 51 18 -48 26 00 Wray 16-189 14.9 m
15 51 18 -48 45 00 Cn1-1 13.0 m
15 51 41 -51 31 00 Sp 1 12.6 m
15 52 12 -62 31 00 He2-136 14.6 m
15 53 00 -56 24 00 VBe 3 16.9 m
15 53 12 -41 50 00 ESO 330-02 17.2 m
15 55 06 -51 24 00 VSRC 7
15 56 00 -66 09 01 He2-138 13.3 m
15 58 06 -55 42 00 He2-140 17.1 m
15 59 12 -58 24 00 He2-141 12.3 m
15 04 06 -60 53 01 He2-114 14.5 m
15 06 00 -55 59 00 He2-117 14.9 m
15 23 42 -57 09 00 Pe2-8 17.9 m
15 25 30 -52 51 01 He2-129 14.9 m
15 30 18 -61 02 00 HaTr 1 17.5 m
15 37 12 -71 55 00 He2-131 11.8 m
15 42 00 -56 37 00 He2-133 16.6 m
16 00 00 -55 55 00 He2-142 16.0 m
16 00 24 -48 16 00 Wray 16-199
16 01 00 -55 06 00 He2-143 15.2 m
16 01 18 -34 33 01 NGC6026 13.2 m
16 02 12 -41 34 00 StWr 4-10 15.2 m
16 03 24 -36 01 00 Lo 11
16 04 24 +40 41 00 NGC6058 12.9 m
16 08 24 -37 09 00 Lo 12
16 09 00 -51 02 00 He2-145 14.9 m
16 09 42 -30 54 00 Lo 13
16 10 42 -54 58 00 He2-146 16.8 m
16 11 42 +12 04 00 IC4593 10.8 m
16 12 36 -54 24 00 Wray 17-75 16.7 m
16 13 00 -36 14 00 NGC6072 11.3 m
16 13 30 -34 36 00 H1-1 14.1 m
16 14 00 -56 59 00 He2-147 16.9 m
16 14 24 -54 48 01 He2-149 15.1 m
16 14 30 -54 57 01 Mz 2 12.0 m
16 15 18 -49 13 00 He2-152 13.6 m
16 15 42 -59 54 00 He2-151 16.3 m
16 17 12 -51 59 00 Mz 3 13.8 m
16 17 12 -53 32 00 He2-153 14.4 m
16 19 18 -57 58 01 KoRe 1
16 19 24 -42 16 01 IC4599 12.3 m
16 21 06 -00 16 00 Sn 1 12.9 m
16 22 12 -53 41 00 He2-157 16.2 m
16 23 18 -31 45 00 Abell 38 15.5 m
16 23 30 -58 19 00 He2-158 14.6 m
16 23 54 -46 42 00 Pe1-6 16.3 m
16 24 24 -54 36 01 He2-159 13.9 m
16 24 36 -53 23 01 He2-161 14.8 m
16 27 36 +27 55 00 Abell 39 12.9 m
16 27 54 -54 01 00 He2-162 16.5 m
16 29 30 -59 09 01 He2-163 13.5 m
16 29 54 -53 23 00 He2-164 13.9 m
16 30 00 -54 10 00 He2-165 13.9 m
16 30 24 -46 03 00 Pe1-7 17.7 m
16 31 06 -50 27 00 MeWe 1-6
16 31 30 -40 15 00 NGC6153 10.6 m
16 34 06 -35 05 00 He2-171 15.0 m
16 34 12 -49 21 01 He2-169 17.4 m
16 35 24 -53 50 00 He2-170 13.6 m
16 37 42 -55 42 00 PC 11 12.0 m
16 39 30 -36 34 00 He2-175 15.0 m
16 39 36 -52 49 00 HaTr 3 16.2 m
16 40 18 +38 42 00 DdDm 1 13.4 m
16 42 36 -38 54 00 Vd1-1 15.0 m
16 43 48 -18 57 00 PC 12 14.5 m
16 44 24 -40 03 00 SuWt 3 18.4 m
16 44 30 +23 48 00 NGC6210 8.8 m
16 44 48 -28 04 00 K2-16
16 45 00 -51 12 00 HaTr 4 16.7 m
16 46 48 -38 37 00 Vd1-2 m
16 48 00 -50 43 00 MeWe 1-7 18.4 m
16 48 36 -21 01 00 Abell 40 17.8 m
16 48 42 -51 09 00 MeWe 1-8
16 48 48 -35 01 01 MGP 1
16 48 54 -35 47 01 H1-2 13.1 m
16 49 30 -39 21 00 Vd1-3 14.7 mp
16 50 18 -30 20 00 PC 13 14.1 m
16 50 24 -39 08 00 Vd1-4 14.6 mp
16 50 36 -40 03 00 Vd1-5 14.8 m
16 53 30 -42 39 00 H1-3 16.2 m
16 53 36 -31 41 01 H1-4 14.7 m
16 54 30 -38 44 00 Vd1-6
16 54 36 -64 15 00 He2-182 12.1 m
16 57 24 -41 38 00 H1-5 17.9 m
16 57 30 -49 47 00 MeWe 1-9 16.6 m
16 59 36 -51 42 00 He2-186 13.5 m
