17 01 06 -34 50 00 M2-4 13.5 m
17 01 18 -70 06 00 He2-185 12.3 m
17 01 30 -43 06 00 HaTr 5
17 01 36 -21 50 00 IC4634 10.9 m
17 01 36 -50 23 00 He2-187 15.4 m
17 02 18 -33 10 00 M2-5 16.4 m
17 03 00 -53 56 01 SaSt 2-12 14.1 m
17 03 48 -33 30 00 M1-19 14.2 m
17 04 18 -30 53 00 M2-6 13.7 m
17 04 36 -33 59 00 H2-1 14.4 m
17 04 36 -37 53 00 Vd1-8 14.8 mp
17 05 12 -30 32 00 M2-7 16.6 m
17 05 12 -40 53 00 IC4637 11.7 m
17 05 30 -32 32 01 M2-8 14.9 m
17 05 36 -10 09 01 M2-9 14.6 m
17 05 42 -43 57 01 Vd1-9
17 05 48 -25 24 00 Th3-1 15.4 m
17 06 12 -52 30 00 PC 14 12.8 m
17 06 24 -44 13 00 Pe1-8 15.0 m
17 07 00 -42 41 00 H1-6 16.8 m
17 09 00 -56 55 00 He3-1333
17 09 36 -52 13 00 K2-17
17 10 30 -41 53 00 H1-7 13.4 m
17 10 42 -27 09 00 M4-3 14.2 m
17 11 30 -47 25 00 Sa1-5
17 11 48 -55 24 00 IC4642 12.4 m
17 12 30 -26 26 01 TeJu 8
17 12 42 -25 44 01 M3-36 14.9 m
17 12 54 -03 16 00 Na 1 13.1 m
17 13 42 -37 06 00 NGC6302 9.7 m
17 13 48 +49 16 00 Sa4-1 13.0 m
17 14 06 -12 55 00 NGC6309 11.5 m
17 14 06 -31 20 00 M2-10 16.9 m
17 14 42 -33 25 00 H1-8 16.9 m
17 17 18 -29 00 01 Th3-3
17 18 54 -31 39 00 Th3-4
17 19 12 -25 17 00 M3-37 16.4 m
17 19 18 -31 13 00 Th3-6
17 19 30 -45 53 01 He2-207 12.6 m
17 20 24 -24 52 00 Trz 41
17 20 36 -29 01 00 M2-11 14.5 m
17 20 48 -51 45 00 NGC6326 11.1 m
17 21 06 -29 03 00 M3-38 16.6 m
17 21 12 -27 11 00 M3-39 15.3 m
17 21 18 -22 19 00 H1-11 14.5 m
17 21 30 -30 21 00 H1-9 15.6 m
17 21 36 -28 55 00 TeJu 18 18.4 m
17 22 18 -38 29 00 NGC6337 12.0 m
17 22 30 -27 09 00 M3-40
17 22 36 -52 47 00 Wray 16-26616.4 m
17 23 24 -28 59 00 H2-7 16.9 m
17 24 00 -25 59 00 M2-12
17 24 24 -31 43 01 Th3-11
17 24 36 -29 24 00 M3-7 15.0 m
17 24 42 -30 52 00 Th3-10
17 24 48 -21 34 00 H2-8
17 24 54 -28 06 00 M3-8 16.8 m
17 25 06 -29 45 00 Th3-12
17 25 18 -26 13 00 TeJu 19
17 25 18 -30 41 00 Th3-13
17 25 42 -26 12 00 M3-9 15.6 m
17 25 42 -26 58 00 Th3-14
17 26 00 -29 22 00 M3-41
17 26 12 -44 11 00 Cn1-3 14.0 m
17 26 24 -35 02 01 H1-12 18.5 m
17 26 36 -16 48 01 MaC 1-4 17.5 m
17 26 54 -27 41 00 SaWe 2
17 27 00 -29 16 00 M3-42 17.0 m
17 27 12 -27 44 00 Th3-15
17 27 18 -28 28 00 M3-10 14.2 m
17 27 24 -29 21 00 Th3-16
17 27 30 -28 31 00 H2-10 16.0 m
17 27 48 -28 11 00 Al 2-B
17 27 48 -46 56 00 Cn1-4 13.7 m
17 27 54 -22 57 00 PM 1-149
17 28 06 -24 25 00 H1-14 16.2 m
17 28 30 -35 08 00 H1-13 16.2 m
17 28 36 -13 26 00 M2-13 14.5 m
17 28 36 -24 51 00 H1-15 16.3 m
17 28 42 -28 27 00 Th3-19
17 28 48 -30 08 01 M4-4 18.2 m
17 29 00 -19 16 01 M1-20 13.5 m
17 29 06 -15 13 00 Abell 41 15.6 m
17 29 18 -23 46 00 NGC6369 11.5 m
17 29 24 -25 49 00 H2-11 19.1 m
17 29 24 -26 26 00 H1-16 15.5 m
17 29 42 -28 41 00 H1-17 15.4 m
17 29 42 -29 33 00 H1-18 16.5 m
17 30 00 -27 59 00 H1-19 17.6 m
17 30 06 -45 23 00 Wray 16-27817.7 m
17 30 12 -27 30 00 Al 2-E 19.8 m
17 30 24 -29 10 00 Th3-23
17 30 30 -28 36 00 Al 2-F 18.5 m
17 30 36 -21 29 00 H2-12
17 30 42 -28 04 00 H1-20 16.0 m
17 30 48 -27 06 00 Th3-25
17 30 54 -30 17 00 Th3-24
17 31 00 -31 01 00 Th3-55
17 31 06 -30 11 01 H2-13 16.6 m
17 31 12 -28 15 01 Th3-26
17 31 30 -08 19 00 Abell 42 16.5 mp
17 31 48 -28 42 00 HDW 8 14.9 m
17 32 18 -37 58 00 H1-22 16.7 m
17 32 18 -39 51 00 H2-14 15.8 m
17 32 24 -28 15 00 Al 2-G
17 32 48 -30 00 00 H1-23 15.6 m
17 32 48 -40 58 00 H1-21 15.2 m
17 33 00 -36 44 00 Wray 16-28616.1 m
17 33 18 -30 27 00 Al 2-H
17 33 36 -21 46 01 H1-24 16.2 m
17 34 54 -26 36 00 He2-250 17.1 m
17 34 12 -27 56 00 Al 2-K
17 34 24 -22 53 00 H2-15 17.3 m
17 34 30 -54 29 00 MeWe 1-10
17 35 12 -18 34 00 M1-22 14.7 m
17 35 12 -29 03 00 M4-6 18.4 m
17 35 18 -28 07 00 Th3-32
17 35 24 -20 57 00 M3-11 17.7 m
17 35 36 -27 24 00 Al 2-J
17 35 42 -30 21 01 TrBr 4
17 35 42 -40 12 01 Lo 16 13.4 m
17 35 41 -47 00 01 PC 17 13.4 m
17 35 48 -27 43 01 Th3-33
17 36 00 -24 26 00 Th3-27
17 36 06 -49 26 00 He2-248 14.0 m
17 36 12 -28 01 00 Al 2-I
17 36 24 -21 31 00 M3-12 14.8 m
17 36 30 -39 22 00 H1-26 14.5 m
17 37 00 -29 40 00 Bl B 19.4 m
17 37 24 -18 47 00 M1-23 14.3 m
17 37 54 -25 21 00 PBOZ 24
17 38 12 -19 38 01 M1-24 14.2 m
17 38 30 -22 09 00 M1-25 14.1 m
17 38 42 -28 43 00 Th3-35
17 39 00 -18 18 00 He2-260
17 39 00 -28 57 00 19W32
17 39 18 -44 10 00 Fg 2 12.6 m
17 39 54 -21 14 00 H2-16 15.4 m
17 40 06 -24 26 00 H2-17
17 40 18 -22 19 01 H1-27 15.6 m
17 40 18 -26 44 01 He2-262
17 40 30 -27 01 01 K1-4 16.5 mp
17 41 36 -22 13 00 M3-13 18.6 m
17 41 42 +03 07 00 DeHt 2 16.3 m
17 41 54 -24 42 00 Hb 4 13.1 m
17 42 00 -15 56 00 Sa2-230
17 42 00 -24 11 00 M2-14 18.0 m
17 42 30 -25 45 00 Te 5 18.4 m
17 42 36 +21 27 00 K1-14 15.6 m
17 42 42 -29 52 01 Te 2022
17 42 54 -39 36 00 H1-28 17.3 m
17 43 30 -21 10 00 H2-18 16.1 m
17 43 42 -25 37 00 Te 1580 17.3 m
17 44 12 -34 17 00 H1-29 15.1 m
17 44 18 -34 07 00 M3-14 14.6 m
17 44 42 -15 45 00 Sa2-237
17 45 00 +27 19 59 K1-15 17.2 mp
17 45 06 -38 09 01 H1-30 16.2 m
17 45 30 -20 58 00 M3-15 14.7 m
17 45 30 -25 38 00 Te 1567 17.9 m
17 45 30 -34 34 00 H1-31 14.5 m
17 45 30 -44 54 00 IC4663 12.1 m
17 45 36 -23 02 00 Pe1-9 17.9 m
17 45 36 -46 05 00 IC1266 12.3 m
17 45 42 -25 38 00 H2-20 19.8 m
17 46 00 -30 12 00 M1-26 13.8 m
17 46 00 -31 04 00 Bl D 16.0 m
17 46 06 -34 04 00 H1-32 17.0 m
17 46 12 -18 40 00 Th4-2
17 46 18 -20 14 00 Th4-1
17 46 48 -33 09 00 M1-27
17 46 54 -16 17 00 M2-15 14.3 m
17 47 36 -21 47 00 H2-22
17 47 36 -22 06 00 M1-28 16.8 m
17 47 48 -34 08 00 H1-33 15.4 m
17 47 54 -30 00 00 Hb 5 11.8 m
17 48 06 -22 47 00 H1-34 18.3 m
17 48 18 -16 29 00 NGC6439 12.7 m
17 48 30 -24 41 00 Te 2111
17 48 36 -22 17 00 Th4-3
17 48 36 -24 17 00 H2-24 18.4 m
17 48 48 -26 44 00 Te 2337
17 49 00 -23 43 00 H2-25 19.2 m
17 49 00 -34 22 00 H2-23 15.3 m
17 49 12 -34 23 00 H1-35 12.8 m
17 49 18 -20 01 00 NGC6445 10.9 m
17 49 48 -34 00 00 H2-26 18.5 m
17 49 48 -37 01 00 H1-36 12.1 m
17 50 18 -30 35 00 M1-29 13.6 m
17 50 24 -29 25 00 M3-43 16.0 m
17 50 30 -19 03 00 Th4-5 14.7 m
17 50 42 -37 24 00 H1-38 18.3 m
17 50 42 -39 17 00 H1-37 13.9 m
17 51 00 -18 47 00 Th4-6
17 51 12 -34 55 00 Hf2-1 13.8 m
17 51 18 -30 24 00 M3-44 16.0 m
17 51 42 -32 03 01 Al 2-0
17 51 48 -33 48 01 H2-27 19.1 m
17 51 54 -60 23 01 HaTr 6 16.7 m
17 52 06 -17 36 00 M2-17 14.9 m
17 52 06 -30 05 00 M3-45 16.6 m
17 51 42 -31 36 01 M4-7
17 52 24 -21 51 00 Th4-7 15.8 m
17 52 36 -29 07 00 Bl 3-15
17 52 36 -32 46 00 M2-16 14.9 m
17 52 42 -22 22 00 M1-31 13.7 m
17 52 48 -30 50 00 M3-16 15.1 m
17 52 48 -46 42 00 MeWe 1-11
17 53 48 -28 59 00 Bl O
17 53 00 -34 38 00 M1-30 14.7 m
17 53 18 -32 41 00 H2-29 20.0 m
17 53 18 -33 56 00 H1-39 17.7 m
17 53 24 -29 17 00 Al 2-Q
17 53 30 +10 37 00 Abell 43 14.7 m
17 53 36 -21 59 00 Pe2-10 18.3 m
17 53 36 -31 26 00 Al 2-R 19.6 m
17 53 36 -32 59 00 M2-18 15.6 m
17 53 48 -28 27 00 Bl M 20.1 m
17 53 48 -29 44 00 M2-19 16.3 m
17 54 18 -15 56 00 PM 1-188
17 54 24 +28 00 00 Vy1-2 12.3 m
17 54 24 -12 48 00 K2-5 17.7 m
17 54 24 -29 36 00 M2-20 14.8 m
17 54 36 -28 13 00 Bl Q 18.1 m
17 54 36 -34 22 00 Cn2-1 12.2 m
17 54 54 -28 49 00 Sa3-92
17 55 06 -21 45 00 IC4670 12.8 m
17 55 06 -31 12 00 M3-46 19.3 m
17 55 24 -29 58 00 Bl 3-10 14.9 m
17 55 36 -30 34 00 H1-40 15.0 m
17 55 54 -22 59 00 HaTr 8
17 56 00 -19 28 00 Th4-9
17 56 00 -28 14 00 H2-31
17 56 00 -29 11 00 Bl 3-13 18.0 m
17 56 12 -32 38 00 H2-30 17.5 m
17 56 18 -16 29 01 M1-32 15.0 m
17 56 24 -29 38 01 H2-32
17 56 24 -31 04 01 M3-17 18.2 m
17 56 36 -43 03 00 He2-306 14.0 m
17 57 06 -18 07 00 Th4-10
17 57 18 -34 10 00 H1-41 13.0 m
17 57 24 -33 36 00 H1-42 12.6 m
17 57 42 -30 02 00 M3-47 18.7 m
17 58 12 -29 44 00 M2-21 13.5 m
17 58 12 -31 08 00 H2-33 18.3 m
17 58 12 -31 43 00 H1-44 18.7 m
17 58 18 -30 01 00 M3-19 16.4 m
17 58 18 -33 48 00 H1-43
17 58 24 -28 15 00 H1-45 15.6 m
17 58 24 -29 21 00 Sa3-104
17 58 30 -27 37 00 Pe2-11 19.6 m
17 58 30 -33 29 00 M2-22 15.2 m
17 58 36 +66 38 00 N6543 8.1 m
17 59 00 -15 32 00 M1-33 13.8 m
17 59 00 -32 22 00 H1-46 14.3 m
17 59 18 -28 14 00 M3-20 14.3 m
17 59 18 -30 03 00 KFL 1 19.0 m
17 59 36 -46 39 00 ESO 279-14
17 59 54 -31 55 00 M3-48 17.9 m
