18 00 12 -17 40 00 Th4-11
18 00 12 -38 50 00 Fg 3 11.7 m
18 00 18 -34 28 00 H2-35 16.0 m
18 00 36 -29 22 00 H1-47
18 01 00 -28 16 01 KFL 2 19.6 m
18 01 00 -52 44 01 Sa1-6
18 01 06 -14 30 01 Sa3-111
18 01 12 -27 38 00 Pe2-12
18 01 24 -33 18 00 M1-34 15.0 m
18 01 42 -28 26 00 M2-23 12.5 m
18 01 42 -33 15 00 Pe1-11 16.6 m
18 02 00 -34 28 00 M2-24 14.7 m
18 02 18 -30 14 00 M3-22 15.1 m
18 02 30 -29 25 00 ShWi 2-1 18.3 m
18 02 30 -35 13 00 M3-49 16.6 m
18 02 30 -36 39 00 M3-21 11.7 m
18 02 48 -32 10 00 M2-25 15.0 m
18 02 54 -27 41 00 KFL 4 17.7 m
18 02 54 -31 24 00 KFL 3 16.6 m
18 03 12 -26 59 01 M2-26 16.3 m
18 03 18 -27 06 01 IC4673 13.0 m
18 03 42 -26 43 00 M1-35 14.6 m
18 03 54 -29 51 00 ShWi 2-5 15.8 m
18 03 54 -31 18 00 M2-27 14.1 m
18 03 54 -32 42 00 H1-50 11.1 m
18 04 06 -28 28 00 Wray 17-10717.3 m
18 04 06 -31 39 00 H2-36 16.7 m
18 04 06 -34 29 00 M3-50 15.9 m
18 04 30 -28 38 00 H2-37 15.9 m
18 04 30 -34 58 00 H1-51 16.8 m
18 04 42 -31 03 00 Wray 16-363
18 04 54 -32 54 00 M3-51 17.2 m
18 05 00 -30 58 00 M2-28 15.4 m
18 05 00 -37 38 00 H1-52 14.8 m
18 05 06 -29 19 00 ShWi 2-7 16.3 m
18 05 12 -19 50 00 NGC6537 11.9 m
18 05 24 -25 13 00 PBOZ 34
18 05 24 -28 22 00 M1-37
18 06 00 +00 23 00 WeSb 3 16.8 m
18 06 00 -26 30 00 H1-53 15.7 m
18 06 06 -28 41 00 M1-38
18 06 42 -26 55 00 M2-29 14.7 m
18 06 48 -27 06 00 KFL 7 18.3 m
18 07 00 -08 56 00 CTS 1 16.4 m
18 07 06 -29 13 00 H1-54 14.1 m
18 07 06 -30 34 00 M3-23 13.8 m
18 07 12 -29 41 00 H1-55 17.8 m
18 07 18 -31 43 00 KFL 9 16.4 m
18 07 18 -51 01 00 Sp 3 13.5 m
18 07 30 -13 29 00 M1-39 18.4 m
18 07 54 -25 24 01 M3-24 14.3 m
18 07 54 -29 45 01 H1-56 14.4 m
18 08 00 -26 54 01 KFL 10 16.7 m
18 08 06 -28 24 00 H2-39 15.5 m
18 08 24 -22 17 00 M1-40 14.7 m
18 08 24 -31 37 00 H2-40 17.4 m
18 09 00 -41 48 00 HaTr 9
18 09 12 -25 05 00 MaC 1-10
18 09 12 -26 02 00 H1-58 16.5 m
18 09 30 -24 12 00 M1-41 17.0 m
18 09 48 -35 44 00 H1-57 16.0 m
18 10 12 -27 17 01 KFL 11 17.5 m
18 10 24 -10 29 00 M3-52
18 10 30 -28 19 00 KFL 12 17.3 m
18 11 06 -28 59 00 M1-42 13.2 m
18 11 30 -27 46 00 H1-59 14.8 m
18 11 36 -28 23 00 Ap1-12
18 11 48 -18 46 00 M1-43 17.5 m
18 11 54 -28 11 00 NGC6565 11.4 m
18 12 06 +06 51 00 NGC6572 8.0 m
18 12 06 -33 52 00 NGC6563 10.8 m
18 12 12 -10 43 00 M4-8
18 12 24 -26 33 01 H2-42 17.1 m
18 12 24 -27 29 01 H1-60 14.8 m
18 12 24 -27 52 01 H2-41 16.0 m
18 12 36 -24 50 00 H1-61 18.1 m
18 12 36 -27 58 00 M2-30 13.1 m
18 12 42 -25 44 00 KFL 13 16.1 m
18 12 48 -28 20 00 H2-43 15.5 m
18 12 54 -41 30 00 Wray 16-38514.9 m
18 13 00 -29 25 00 KFL 14 14.7 m
18 13 18 -25 30 00 M2-31 13.7 m
18 13 18 -32 20 00 H1-62
18 13 42 -26 09 00 H2-44 16.5 m
18 13 48 -19 04 00 NGC6567 10.9 m
18 14 48 -32 37 01 M2-32 12.4 m
18 14 18 -04 59 00 M4-9 16.1 m
18 14 18 -25 21 00 KFL 15 17.9 m
18 14 30 -24 44 00 H2-45 15.8 m
18 14 48 -22 44 01 MaC 1-11 17.3 m
18 15 06 -30 16 00 M2-33 13.1 m
18 15 12 -06 57 00 MA 2
18 15 18 -10 10 00 M3-25 15.1 m
18 16 12 -27 15 00 M3-26 13.8 m
18 16 12 -30 52 00 SwSt 1 11.9 m
18 16 18 -20 27 00 NGC6578 12.6 m
18 16 18 -27 05 00 M1-44 16.2 m
18 16 18 -30 08 00 H1-63 12.9 m
18 16 54 -26 23 01 KFL 16 16.7 m
18 17 18 -23 59 00 M2-34 16.2 m
18 17 30 +10 09 00 Cn3-1 13.5 m
18 17 36 -31 57 00 M2-35 15.4 m
18 17 42 -28 17 00 Pe1-12 16.0 m
18 17 42 -29 08 00 M2-36 11.8 m
18 17 48 -06 48 00 MA 3 18.0 m
18 18 12 -25 38 00 Pe2-13 13.5 m
18 18 24 -23 25 00 H1-64 18.9 m
18 18 30 -45 59 00 IC4699 12.6 m
18 18 36 -28 08 00 M2-37 17.9 m
18 18 36 -31 55 00 H2-46 15.7 m
18 19 24 -26 35 01 M2-38 15.1 m
18 20 06 -24 15 00 H1-65
18 21 24 -06 02 00 M2-40 16.2 m
18 21 48 +64 22 00 K1-16 14.6 m
18 22 00 -24 11 00 M2-39 14.6 m
18 22 30 -24 09 00 M2-42 14.0 m
18 22 36 -30 43 00 M2-41 14.8 m
18 22 54 -26 49 00 NGC6620 12.7 m
18 23 06 -19 17 00 M1-45
18 23 06 -29 43 00 KFL 19 16.7 m
18 23 24 +03 36 00 K3-1 16.0 m
18 24 06 -11 07 00 M3-53 19.6 m
18 24 42 +02 29 00 PC 19 12.2 m
18 24 54 -25 42 00 H1-66 14.4 m
18 25 00 +00 52 00 Sh 2-68
18 25 00 -01 31 00 K3-2 19.6 m
18 25 06 -22 35 00 H1-67 14.1 m
18 25 42 -23 12 00 NGC6629 11.2 m
18 26 06 -18 12 01 SaWe 3 15.3 m
18 26 42 -02 43 00 M2-43 16.8 m
18 26 42 -40 30 00 Wray 16-41115.5 m
18 27 12 +01 14 00 K3-3 18.6 mp
18 27 48 +14 29 00 M3-27 14.1 m
18 27 48 -37 16 00 Lo 17
18 27 54 -15 33 00 M1-46 14.6 m
18 28 00 -26 07 00 Vy2-1 12.9 m
18 28 36 -08 43 01 MaC 1-13 18.1 m
18 29 12 -17 27 00 SaSt 3-166
18 29 12 -21 47 00 M1-47 13.2 m
18 29 12 -31 30 00 Cn1-5 11.9 m
18 29 18 -15 08 00 Sa3-134
18 29 30 -19 06 00 M1-48 15.8 m
18 30 00 -19 41 00 Pe2-14 16.0 m
18 30 12 -16 45 00 Abell 44 15.8 m
18 30 18 -11 37 00 Abell 45 12.8 m
18 30 30 -07 28 00 MA 13
18 31 00 +02 26 00 K3-4 15.8 m
18 31 18 +26 56 00 Abell 46 13.8 m
18 31 48 +04 05 00 K3-5 17.1 m
18 31 54 -24 46 00 He2-406 16.8 m
18 32 30 -28 43 00 Hf2-2 16.7 m
18 32 36 -25 08 00 NGC6644 10.8 m
18 32 42 -10 06 00 M3-28 17.2 m
18 33 06 -13 44 01 M3-54 16.7 m
18 33 12 -10 15 01 M3-55 19.9 m
18 33 18 +00 12 00 K3-6 19.8 m
18 33 18 -18 17 00 M1-50 13.1 m
18 33 30 -11 07 00 M1-51 16.7 m
18 33 54 -22 39 00 IC4732 12.1 m
18 34 00 +14 49 00 We 3-1
18 34 00 -14 52 00 M1-52 15.6 m
18 34 12 -02 28 00 K3-7 20.3 m
18 34 12 -13 12 00 M4-10 15.0 m
18 34 54 -22 34 00 Pe1-13 15.2 m
18 34 54 -27 06 00 Al 1 15.2 m
18 35 24 -00 14 01 Abell 47 19.5 m
18 35 48 -17 36 00 M1-53 14.0 m
18 36 06 -17 00 00 M1-54 12.5 m
18 36 24 -23 55 00 GJJC 1
18 36 30 -19 19 00 V-V 3-5 15.2 m
18 36 36 -21 49 00 M1-55
18 37 12 -19 02 00 V-V 3-6 14.5 m
18 37 36 -03 06 00 M2-44 15.1 m
18 37 48 -17 06 01 M1-56 13.4 m
18 39 24 -04 20 00 M2-45 17.8 m
18 39 24 -30 41 00 M3-29 13.1 m
18 40 18 -10 40 00 M1-57 13.5 m
18 41 06 -08 56 00 K3-11
18 41 18 -15 34 00 M3-30 14.6 m
18 42 06 -06 41 00 Pe1-14 19.2 m
18 42 48 -03 13 00 Abell 48 17.2 m
18 43 00 -11 07 00 M1-58 14.0 m
18 43 06 -00 17 00 PC 20
18 43 18 -09 05 00 M1-59 13.3 m
18 43 36 -13 45 00 M1-60 14.1 m
18 44 00 -19 55 00 M3-31 14.3 m
18 44 06 -12 13 00 We 1-7
18 44 12 -30 18 00 He2-418 15.2 m
18 44 42 -25 20 01 M3-32 13.6 m
18 44 54 -03 21 00 TDC 1
18 45 24 +02 01 00 K3-13 18.4 m
18 45 30 -06 57 00 Pe2-15 17.4 m
18 45 36 -06 18 00 K4-5 15.7 m
18 45 36 -20 35 00 PC 21 14.0 m
18 45 54 -14 28 00 M1-61 12.3 m
18 45 54 -33 21 00 IC4776 10.9 m
18 46 24 -07 15 00 Pe1-15 16.1 m
18 46 36 -08 28 00 M2-46 18.3 m
18 46 36 -23 27 00 H2-48 14.1 m
18 47 30 -06 54 00 Pe1-16 14.2 m
18 47 48 -09 09 00 Pe1-17 16.8 m
18 48 12 -25 29 00 M3-33 13.5 m
18 48 30 +10 36 00 K3-14
18 48 48 -05 56 00 Pe1-18 16.0 m
18 49 48 +20 51 00 Hu2-1 11.4 m
18 49 48 -07 02 00 Pe1-19 15.2 m
18 50 00 +35 15 00 M1-64 12.9 m
18 50 24 -01 40 00 HaTr 10
18 50 24 -22 34 00 M1-62 13.2 m
18 50 42 +12 37 00 CTSS 2 18.2 m
18 50 42 -01 03 00 WeSb 4
18 50 42 -13 31 00 Sa1-8 14.6 m
18 51 30 -13 11 00 M1-63 14.4 m
18 51 42 +09 54 59 K3-15 18.0 m
18 53 00 +12 16 00 K3-16 17.7 m
18 53 30 -06 29 00 Abell 49 16.2 m
18 53 36 +33 02 00 NGC6720 M57 8.8 m
18 54 18 -10 05 00 M4-11 15.0 m
18 54 36 -08 50 00 IC1295 12.7 mp
18 54 00 -06 26 01 Vy1-4 13.6 m
18 54 18 -08 48 00 K4-8 14.2 m
18 54 54 +06 03 00 YM 16 13.0 m
18 55 36 -32 16 00 Hb 7 11.9 m
18 55 30 -21 50 00 Y-C 2-32 13.3 m
18 56 36 +10 51 59 M1-65 16.6 m
18 56 18 +07 07 00 K3-17 20.0 mp
18 57 18 -06 00 00 Pe1-20 16.3 m
18 57 48 -05 28 00 Pe1-21 16.9 m
18 58 24 -01 04 00 M1-66 13.3 m
18 58 06 +01 37 00 Ap2-1
18 58 54 -00 33 01 Sa3-151
18 59 06 +20 37 00 K4-10 13.6 m
18 59 18 +48 28 00 NGC6742 13.4 m
