19 00 30 +38 21 00 Sp 4-1 13.7 m
19 00 36 -02 12 00 K3-18 21.5 m
19 01 00 -18 12 00 Abell 51 14.0 m
19 19 12 +46 15 00 Abell 61 13.5 m
19 19 18 +17 12 00 PM 1-295
19 19 18 -12 15 00 Abell 60 16.2 m
19 21 00 +07 37 00 M4-14 14.9 m
19 22 12 -31 31 00 Wray 16-42313.4 m
19 22 24 +10 41 00 K3-33 20.5 m
19 23 12 +01 31 00 NGC6790 10.6 m
19 23 24 +21 08 00 He2-432 16.9 m
19 23 48 +21 07 00 He1-1 16.3 m
19 24 00 +25 19 00 K3-34 15.9 m
19 24 24 +09 54 00 Vy2-2 12.7 m
19 26 24 +13 20 00 DeHt 4
19 26 36 +21 10 00 He1-2
19 27 00 -06 35 00 M3-34 12.6 m
19 27 42 +10 23 59 PB 9 14.8 m
19 27 42 +21 29 59 K3-35 18.5 m
19 28 12 +12 20 00 PB 10 14.8 m
19 30 18 +14 46 59 K4-28
19 31 06 -03 42 00 HDW 11
19 31 18 +10 03 00 NGC6803 11.5 m
19 31 36 +09 14 00 NGC6804 12.2 m
19 32 06 -34 13 00 He2-436 14.2 m
19 32 36 +07 28 00 K3-36 15.9 m
19 33 00 +26 53 00 He2-437 17.0 m
19 33 18 +10 37 00 Abell 62 14.7 m
19 33 48 +24 32 00 K3-37 16.0 m
19 33 48 -74 33 00 He2-434 12.1 m
19 34 36 +05 41 00 NGC6807 12.2 m
19 34 48 +30 31 00 BD+30 3639 11.4 m
19 35 18 +17 12 59 K3-38
19 35 54 +24 55 00 K3-39
19 36 24 +19 42 00 M1-71 14.0 m
19 36 24 +23 40 00 K3-40 16.5 m
19 38 06 +25 16 00 He2-440 16.6 m
19 38 54 +25 06 00 PM 1-310 m
19 39 12 +15 57 00 Me1-1 12.1 m
19 39 18 +16 21 00 K3-41 18.7 m
19 39 36 +20 19 00 K3-42
19 39 42 +26 31 00 He2-442 16.2 m
19 40 24 +18 49 00 K3-43 18.6 m
19 40 30 -20 27 00 K2-7
19 41 12 +14 57 00 M1-73 13.9 m
19 41 36 +17 45 00 M1-72 16.5 m
19 42 06 +13 51 00 PC 22 14.4 m
19 42 12 +17 05 00 Abell 63 16.9 m
19 42 18 +15 09 00 M1-74 12.9 m
19 44 00 -14 09 00 NGC6818 9.4 m
19 44 48 +50 31 00 NGC6826 8.9 m
19 45 24 +21 19 59 He2-447 17.2 m
19 46 18 +24 11 00 K3-45 19.5 m
19 46 36 -23 08 00 Abell 65 13.8 m
19 48 24 +22 10 00 He1-3 16.0 m
19 49 48 +48 58 00 NGC6833 12.1 m
19 50 00 +33 46 00 K3-46 16.4 m
19 50 30 +25 53 59 M2-48 16.6 m
19 51 00 +31 03 00 K4-37
19 51 54 +32 59 00 PC 23 14.7 m
19 54 00 +33 22 00 K3-49 19.0 m
19 55 00 +29 17 00 NGC6842 13.5 m
19 56 36 +32 22 00 K4-41 15.9 m
19 57 30 -21 37 00 Abell 66 14.9 mp
19 58 12 -26 28 01 HDW 12
19 58 30 +03 02 00 Abell 67 13.6 m
19 59 18 +31 55 00 He1-4 14.2 m
19 59 36 +22 43 00 M27 7.1 m
20 00 12 +21 43 00 Abell 68 15.2 m
20 00 42 +01 44 00 NGC6852 12.9 m
20 01 42 +19 55 00 WeSb 5
20 02 36 +17 37 00 K3-51 14.8 m
20 03 12 +30 33 00 K3-52 18.7 m
20 03 24 +27 01 00 K3-53 16.8 m
20 04 00 +49 19 00 K3-73 15.2 m
20 04 24 +39 35 00 Anon 17.6 mp
20 04 42 +31 27 00 M1-75 16.0 m
20 05 00 +25 27 00 K3-54
20 06 54 +32 17 00 K3-55
20 06 54 +44 14 00 K3-56 16.4 m
20 08 42 +42 30 00 Dd 1 16.2 m
20 09 00 +43 43 59 M4-17 14.6 m
20 09 06 +26 27 00 We 1-9
20 10 24 +16 55 00 NGC6879 12.7 m
20 10 24 +46 28 00 NGC6884 11.0 m
20 10 54 +37 25 00 NGC6881 13.6 m
20 11 54 +20 20 00 He1-5 16.2 m
20 12 12 +40 50 00 KjPn 1 15.6 m
20 12 42 +19 59 00 NGC6886 11.4 m
20 12 48 +34 21 00 K3-57 15.9 m
20 14 00 +29 34 00 He2-459
20 15 12 +12 42 00 NGC6891 10.4 m
20 15 18 +40 40 00 KjPn 2 17.1 m
20 16 24 +30 34 00 NGC6894 12.5 m
20 17 18 +38 50 00 KjPn 3 19.0 m
20 17 24 +25 22 00 He1-6 14.9 m
20 19 30 -41 32 00 CRBB 1
20 19 36 +27 00 00 PC 24 13.5 m
20 19 54 +38 24 59 Abell 69 20.2 m
20 20 06 +16 44 00 IC4997 10.8 m
20 21 06 +32 29 00 M3-35 14.6 m
20 22 00 +29 59 00 K3-58 18.6 m
20 22 24 +20 06 00 NGC6905 10.9 m
20 25 06 +33 34 00 K3-76 17.2 m
20 29 18 +40 15 00 Sd 1 17.2 m
20 31 36 -07 05 00 Abell 70 14.7 m
20 31 54 +48 53 00 We 1-10
20 32 24 +47 21 00 Abell 71 14.5 m
20 42 18 +37 41 00 K4-53 16.1 m
20 45 12 +44 39 00 K4-55
20 45 24 +50 23 00 K3-78 19.5 m
20 50 00 +13 33 00 Abell 72 12.7 m
20 53 12 +53 46 00 K3-79 17.9 m
20 56 24 +57 26 00 Abell 73 17.0 m
21 00 30 +54 32 00 NGC7008 11.0 m
21 04 12 -11 22 00 NGC7009 7.8 m
21 05 54 -37 08 00 PRMG 1 16.7 m
21 06 18 +47 51 00 NGC7026 10.9 m
21 07 00 +42 14 00 NGC7027 8.5 m
21 07 42 +41 11 00 K3-80 17.1 m
21 10 54 +50 47 00 We 1-11
21 14 06 +47 44 00 Sh 1-89 14.5 m
21 14 18 +46 17 00 NGC7048 12.1 m
21 16 54 +24 09 00 Abell 74 15.8 m
21 18 06 +43 49 00 We 2-245
21 19 06 +46 19 00 M1-77
21 20 42 +51 53 00 M1-78 17.0 m
21 22 18 +38 07 00 K3-81 15.5 m
21 26 24 +62 53 00 NGC7076 13.5 m
21 27 24 +57 39 00 K3-60 16.1 m
21 30 00 +12 10 00 Pease 1 15.5 m
21 30 00 +54 27 00 K3-61 16.8 m
21 30 54 +50 00 00 K3-82 16.1 m
21 31 48 +52 34 00 K3-62 16.1 m
21 32 12 +55 53 00 Abell 77 14.0 m
21 32 30 +44 36 00 IC5117 11.5 m
21 33 06 +39 38 00 Hu1-2 11.8 m
21 35 30 +31 42 00 Abell 78 13.4 m
21 35 42 +50 54 00 K3-83 19.7 m
21 36 54 +12 47 00 NGC7094 13.7 m
21 37 00 +48 56 00 M1-79 13.3 m
21 38 48 +46 00 00 K3-84 14.7 m
21 39 12 +55 46 00 K3-63 16.0 m
21 43 18 +50 25 00 M2-49 15.8 m
21 45 54 +63 47 00 NGC7139 13.4 m
21 57 42 +51 42 00 M2-50 14.5 m
21 59 30 -39 23 00 IC5148 11.0 m
22 13 24 +65 54 00 IsWe 2
22 16 06 +57 29 00 M2-51 13.6 m
22 19 36 +70 56 00 DeHt 5
22 20 18 +58 14 00 Bl 2-1 17.3 m
22 20 30 +57 36 00 M2-52 14.1 m
22 23 54 +50 58 00 IC5217 11.3 m
22 26 18 +54 50 00 Abell 79 15.3 m
22 29 36 -20 50 00 NGC7293 7.6 m
22 31 42 +47 48 00 Me2-2 11.5 m
22 32 18 +56 10 00 M2-53 15.2 m
22 34 48 +52 26 00 Abell 80 16.0 m
22 40 18 +61 17 00 NGC7354 12.2 m
22 42 36 +80 27 00 IC1454 14.0 m
22 47 54 +67 03 00 KjPn 6 18.2 m
22 48 36 +58 29 00 K4-57 19.6 m
22 51 36 +51 51 00 M2-54
22 55 06 +56 43 00 K3-87 17.7 m
22 56 18 +57 09 00 M1-80 13.4 m
22 58 54 +61 58 00 PM 1-339
23 12 18 +64 39 00 K3-88 18.6 m
23 23 00 +46 54 00 Vy2-3 13.5 m
23 24 18 +60 56 00 KjPn 8 18.2 m
23 25 36 +42 32 00 NGC7662 8.3 m
23 26 12 +58 11 00 Hb 12 11.8 m
23 31 54 +70 22 00 M2-55 14.4 m
23 35 54 +30 28 00 Jn 1 13.0 m
23 39 06 +48 13 00 K1-20 16.5 m
23 45 48 +57 04 00 Abell 82 13.8 m
23 46 48 +54 45 00 Abell 83 15.5 m
23 47 42 +51 24 00 Abell 84 13.0 m
