00 01 06 +06 13 00 NGC 7802 GALXY13.5
00 01 24 +07 44 00 NGC 7804 NONEX
00 02 12 +02 56 00 NGC 7809 GALXY14.6
00 02 30 +03 20 00 NGC 7811 GALXY14.6
00 03 48 +07 27 00 NGC 7816 GALXY12.8
00 04 12 +07 21 00 NGC 7818 GALXY14.0
00 04 36 +05 11 00 NGC 7820 GALXY12.9
00 05 12 +06 54 00 NGC 7824 GALXY13.2
00 05 12 +05 12 00 NGC 7825 GALXY15.5
00 05 30 +05 13 00 NGC 7827 GALXY13.9
00 06 12 +08 22 00 NGC 7830 1STAR
00 06 36 -03 42 00 NGC 7832 GALXY
00 06 42 +08 21 00 NGC 7834 GALXY14.3
00 06 48 +08 25 00 NGC 7835 GALXY15.5
00 06 54 +08 20 00 NGC 7837 GALXY16.0
00 07 00 +08 20 00 NGC 7838 GALXY15.5
00 07 06 +08 25 00 NGC 7840 NONEX
00 07 18 +08 17 00 NGC 3 GALXY13.3
00 08 12 +08 09 00 NGC 4 GALXY
00 08 48 +04 36 00 NGC 12 GALXY13.1
00 10 54 +03 40 00 NGC 33 2STAR
00 11 18 +06 24 00 NGC 36 GALXY13.1
00 11 54 -05 36 00 NGC 38 GALXY
00 14 06 +05 59 00 NGC 46 1STAR
00 15 24 +17 18 00 NGC 57 GALXY11.6
00 15 24 +12 26 00 NGC 56 NONEX
00 16 00 -00 17 00 NGC 60 GALXY14.1
00 16 30 -06 14 00 NGC 61B GALXY15.5
00 16 30 -06 14 00 NGC 61A GALXY
00 16 48 +12 21 00 UGC 156 GALXY14.0
00 17 48 +11 26 00 NGC 63 GALXY11.6
00 19 30 +06 25 00 NGC 75 GALXY13.2
00 20 12 +10 53 00 UGC 191 GALXY13.4
00 20 24 +00 49 00 NGC 78B GALXY13.5
00 20 24 +00 49 00 NGC 78A GALXY13.7
00 22 12 +10 29 00 NGC 95 GALXY12.5
00 23 48 +15 45 00 NGC 99 GALXY13.6
00 24 00 +16 29 00 NGC 100 GALXY13.3
00 24 48 -05 10 00 NGC 106 GALXY
00 25 18 +12 52 00 NGC 105 GALXY13.2
00 28 54 +02 50 00 NGC 125 GALXY12.1
00 29 12 +02 48 00 NGC 126 GALXY14.2
00 29 12 +02 52 00 NGC 127 GALXY
00 29 18 +02 51 00 NGC 128 GALXY11.8
00 29 18 +02 51 00 NGC 130 GALXY
00 31 00 +05 10 00 NGC 138 GALXY13.6
00 31 00 +05 05 00 NGC 139 GALXY14.3
00 31 06 +10 11 00 NGC 137 GALXY12.8
00 31 24 +05 11 00 NGC 141 GALXY15.5
00 36 30 +02 45 00 NGC 164 GALXY16.0
00 38 00 +08 38 00 NGC 180 GALXY12.9
00 38 12 +02 43 00 NGC 182 GALXY12.4
00 38 30 +03 09 00 NGC 186 GALXY13.4
00 38 54 +07 02 00 NGC 190 GALXY14.5
00 39 18 +03 02 00 NGC 194 GALXY12.2
00 39 24 +03 19 00 NGC 193 GALXY12.2
00 39 24 +02 47 00 NGC 198 GALXY13.1
00 39 36 +02 53 00 NGC 200 GALXY12.6
00 39 36 +03 07 00 NGC 199 GALXY13.6
00 39 42 +03 26 00 NGC 203 GALXY14.0
00 39 42 +03 31 00 NGC 202 GALXY14.3
00 39 48 +03 17 00 NGC 204 GALXY12.9
00 40 24 +02 44 00 NGC 208 GALXY14.3
00 41 00 +03 26 00 NGC 211 1STAR
00 41 12 +16 28 00 NGC 213 GALXY13.3
00 43 24 +14 20 00 NGC 234 GALXY12.5
00 43 30 +02 56 00 NGC 236 GALXY13.5
00 45 06 +06 08 00 NGC 240 GALXY13.5
00 46 12 +19 29 00 UGC 477 GALXY14.2
00 47 18 +07 55 00 NGC 250 GALXY13.6
00 47 48 +19 34 00 NGC 251 GALXY13.2
00 48 06 +08 19 00 NGC 257 GALXY12.6
00 49 54 +32 16 00 NGC 266 GALXY11.6
00 52 48 +30 37 00 NGC 282 GALXY14.5
00 53 36 +32 29 00 NGC 287 GALXY15.0
00 55 12 +31 31 00 NGC 295 GALXY12.6
00 55 24 +31 40 00 NGC 296 GALXY15.0
00 56 18 +12 04 00 NGC 305 6STAR
00 57 36 +30 16 00 NGC 311 GALXY13.0
00 57 48 +30 22 00 NGC 313 NONEX
00 57 54 +30 21 00 NGC 315 GALXY11.2
00 57 54 +30 21 00 NGC 316 NONEX
00 58 06 +30 25 00 NGC 318 GALXY15.0
00 58 24 +26 52 00 NGC 326 GALXY13.2
00 58 48 +07 06 00 NGC 332 GALXY15.0
01 00 36 +30 39 00 NGC 338 GALXY12.8
01 01 24 +07 37 00 UGC 634 GALXY14.6
01 03 12 +22 21 00 NGC 354 GALXY13.4
01 06 36 +32 25 00 NGC 370 NONEX
01 06 42 +32 26 00 NGC 372 3STAR
01 07 00 +32 18 00 NGC 373 GALXY
01 07 06 +32 46 00 NGC 374 GALXY13.4
01 07 06 +32 21 00 NGC 375 GALXY16.0
01 07 18 +32 29 00 NGC 380 GALXY12.5
01 07 18 +32 31 00 NGC 379 GALXY12.9
01 07 24 +32 25 00 NGC 383 GALXY12.4
01 07 24 +32 18 00 NGC 384 GALXY13.1
01 07 24 +32 24 00 NGC 382 GALXY13.2
01 07 30 +32 19 00 NGC 385 GALXY13.0
01 07 30 +32 22 00 NGC 386 GALXY14.3
01 07 30 +32 23 00 NGC 387 GALXY
01 07 48 +32 19 00 NGC 388 GALXY14.3
01 08 06 +04 32 00 NGC 396 GALXY16.0
01 08 06 +32 27 00 NGC 390 GALXY
01 08 24 +33 07 00 NGC 392 GALXY12.7
01 08 24 +33 08 00 NGC 394 GALXY15.0
01 08 30 +33 06 00 NGC 397 GALXY15.5
01 08 48 +32 30 00 NGC 398 GALXY15.5
01 09 00 +32 37 00 NGC 399 GALXY13.6
01 09 00 +32 44 00 NGC 400 NONEX
01 09 06 +32 46 00 NGC 401 NONEX
01 09 12 +32 49 00 NGC 402 NONEX
01 09 18 +32 45 00 NGC 403 GALXY12.5
01 10 36 +33 07 00 NGC 407 GALXY13.4
01 10 54 +33 06 00 NGC 408 GALXY
01 11 00 +33 09 00 NGC 410 GALXY11.5
01 11 18 +33 06 00 NGC 414 GALXY14.5
01 12 06 +32 06 00 NGC 420 GALXY12.1
01 12 06 +32 09 00 NGC 421 NONEX
01 14 24 +05 56 00 NGC 437 GALXY12.8
01 14 54 +04 11 00 NGC 446 GALXY15.5
01 15 06 +33 23 00 NGC 443 GALXY13.0
01 15 36 +33 04 00 NGC 447 GALXY14.0
01 15 54 +31 05 00 NGC 444 GALXY14.3
01 16 00 +05 11 00 NGC 455 GALXY12.6
01 16 06 +33 06 00 NGC 449 GALXY14.2
01 16 12 +33 04 00 NGC 451 GALXY13.9
01 16 18 +31 02 00 NGC 452 GALXY12.6
01 16 18 +33 03 00 NGC 453 3STAR
01 16 24 +33 27 00 AND II GALXY13.5
01 18 00 +17 33 00 NGC 459 GALXY14.4
01 18 06 +04 14 00 NGC 462 GALXY
01 18 54 +16 19 00 NGC 463 GALXY15.0
01 19 12 +03 18 00 NGC 467 GALXY11.9
01 19 24 +14 53 00 NGC 469 GALXY15.0
01 19 48 +03 25 00 NGC 470 GALXY11.8
01 19 48 +16 33 00 NGC 473 GALXY12.5
01 19 48 +32 47 00 NGC 468 GALXY15.0
01 19 54 +14 47 00 NGC 471 GALXY13.3
01 20 00 +14 51 00 NGC 475 GALXY
01 20 06 +03 25 00 NGC 474 GALXY11.5
01 20 12 +16 01 00 NGC 476 GALXY15.0
01 20 30 +32 43 00 NGC 472 GALXY14.0
01 21 12 +12 25 00 UGC 891 GALXY14.3
01 21 18 +03 52 00 NGC 479 GALXY13.9
01 21 24 +07 01 00 NGC 485 GALXY13.0
01 21 48 +05 16 00 NGC 488 GALXY10.3
01 21 48 +09 12 00 NGC 489 GALXY12.6
01 22 00 +33 32 00 NGC 483 GALXY13.1
01 22 06 +05 22 00 NGC 490 GALXY14.3
01 22 06 +05 24 00 NGC 486 GALXY15.5
01 22 12 +05 25 00 NGC 492 GALXY15.5
01 22 42 +05 24 00 NGC 500 GALXY15.0
01 22 48 +09 03 00 NGC 502 GALXY12.8
01 22 54 +33 29 00 NGC 495 GALXY12.9
01 22 54 +09 28 00 NGC 505 GALXY13.8
01 23 00 +33 11 00 NGC 494 GALXY12.9
01 23 12 +33 28 00 NGC 499 GALXY12.1
01 23 18 +33 33 00 NGC 496 GALXY13.3
01 23 18 +33 30 00 NGC 498 GALXY16.0
01 23 24 +09 26 00 NGC 509 GALXY13.4
01 23 24 +33 27 00 NGC 501 GALXY14.5
01 23 30 +33 13 00 NGC 504 GALXY13.0
01 23 30 +11 17 00 NGC 511 GALXY13.7
01 23 30 +33 21 00 NGC 503 GALXY14.1
01 23 36 +33 16 00 NGC 507 GALXY11.2
01 23 36 +33 18 00 NGC 508 GALXY13.1
01 23 36 +33 14 00 NGC 506 NONEX
01 23 42 +33 26 00 NGC 510 GALXY
01 24 00 +12 56 00 NGC 514 GALXY11.6
01 24 06 +09 33 00 NGC 516 GALXY13.1
01 24 18 +09 20 01 NGC 518 GALXY13.3
01 24 36 +03 48 00 NGC 520 GALXY11.4
01 24 36 +33 29 00 NGC 515 GALXY13.0
01 24 42 +33 27 00 NGC 517 GALXY12.4
01 24 42 +10 00 00 NGC 522 GALXY12.9
01 24 48 +09 33 00 NGC 524 GALXY10.3
01 24 48 +09 42 00 NGC 525 GALXY13.2
01 25 18 +09 16 00 NGC 532 GALXY12.9
01 25 30 -01 22 00 Abell 194GALCL13.0
01 27 48 +33 28 00 NGC 552 NONEX
01 27 48 +33 28 00 NGC 553 NONEX
01 29 00 +32 21 00 NGC 566 GALXY13.5
01 29 06 +11 09 00 NGC 569 GALXY13.6
01 29 54 +32 31 00 NGC 571 GALXY13.6
01 30 48 +21 26 00 NGC 575 GALXY12.8
01 32 36 +04 35 00 UGC 1102 GALXY13.9
01 34 54 +21 26 00 NGC 606 GALXY13.4
01 36 36 +15 48 00 NGC 628 GALXY09.4
01 36 48 +05 51 00 NGC 631 GALXY13.3
01 37 18 +05 53 00 NGC 632 GALXY12.3
01 39 36 +07 14 00 NGC 638 GALXY13.8
01 40 12 +05 44 00 NGC 645 GALXY12.6
01 40 42 +07 59 00 NGC 652 GALXY13.6
01 42 00 +12 36 00 NGC 658 GALXY12.5
01 42 24 +13 58 00 UGC 1195 GALXY13.2
01 42 24 +26 09 00 NGC 656 GALXY13.4
01 42 30 +18 18 00 UGC 1197 GALXY15.0
01 42 54 +13 39 00 NGC 660 GALXY11.2
01 43 48 +04 15 00 NGC 664 GALXY12.8
01 44 48 +10 26 00 NGC 665 GALXY12.1
01 45 30 +10 33 00 IC 156 GALXY13.5
01 48 54 +05 54 00 NGC 676 GALXY10.5
01 50 30 +06 08 00 NGC 693 GALXY12.4
01 51 48 +06 17 01 NGC 706 GALXY12.5
01 53 12 +04 11 00 NGC 718 GALXY11.7
01 55 06 +04 12 00 NGC 728 3STAR
01 55 18 +05 37 00 NGC 730 1STAR
01 56 18 +05 37 00 NGC 741 GALXY11.1
01 56 30 +05 37 01 NGC 742 GALXY14.3
01 58 42 +08 20 00 NGC 766 GALXY12.7
02 01 42 +08 29 00 NGC 791 GALXY13.1
22 52 30 +01 06 00 NGC 7396 GALXY12.9
22 52 54 +01 13 00 NGC 7398 GALXY13.6
22 52 54 +01 08 00 NGC 7397 GALXY14.1
22 53 00 +01 10 00 NGC 7402 GALXY14.4
22 53 06 +01 10 00 NGC 7401 GALXY
22 53 06 +01 29 00 NGC 7403 1STAR
22 56 12 +03 56 00 NGC 7422 GALXY13.4
22 57 18 -01 02 01 NGC 7428 GALXY12.5
22 58 24 -01 11 00 NGC 7434 GALXY15.7
23 00 36 +07 17 00 NGC 7455 GALXY14.2
23 01 06 +06 45 00 NGC 7452 GALXY15.0
23 01 30 +01 45 00 NGC 7458 GALXY12.5
23 01 42 +06 44 00 NGC 7459 NONEX
23 01 48 +02 16 00 NGC 7460 GALXY13.0
23 03 48 +03 03 00 NGC 7472 NONEX
23 04 48 +03 04 00 NGC 7477 NONEX
23 04 54 +02 35 00 NGC 7478 GALXY
23 05 12 +02 37 00 NGC 7480B GALXY15.5
23 05 18 +02 32 00 NGC 7480A GALXY15.1
23 05 42 +03 03 00 NGC 7482 GALXY13.6
23 05 54 +03 32 00 NGC 7483 GALXY13.0
23 07 54 +00 56 00 NGC 7488 GALXY13.8
23 08 36 +00 54 00 NGC 7493 1STAR
23 10 24 +07 35 00 NGC 7499 GALXY12.8
23 10 30 +07 35 00 NGC 7501 GALXY13.4
23 10 42 +07 34 00 NGC 7503 GALXY13.2
23 11 48 -02 10 00 NGC 7506 GALXY12.9
23 13 06 +06 19 00 NGC 7518 GALXY13.4
23 13 06 +06 24 00 UGC 12423 GALXY13.6
23 13 18 -02 07 00 NGC 7517 GALXY14.4
23 13 42 -01 44 00 NGC 7521 GALXY13.9
23 13 48 -01 45 00 NGC 7524 GALXY
23 14 18 -02 45 00 NGC 7530 GALXY15.0
23 14 24 -02 42 00 NGC 7532 GALXY14.5
23 14 24 -02 01 00 NGC 7533 GALXY15.5
23 14 30 -02 39 00 NGC 7534 GALXY14.5
23 14 36 +04 30 00 NGC 7537 GALXY13.2
23 14 42 +04 32 00 NGC 7541 GALXY11.7
23 15 00 -02 12 00 NGC 7544 GALXY
23 15 12 -02 18 00 NGC 7546 GALXY14.5
23 15 36 +07 17 00 NGC 7564 GALXY14.5
23 15 42 +06 41 00 NGC 7557 GALXY14.1
23 15 42 -02 23 00 NGC 7554 GALXY
23 15 54 -02 20 00 NGC 7556 GALXY14.0
23 16 00 +06 41 00 NGC 7562 GALXY11.6
23 16 00 +04 30 00 NGC 7560 2STAR
23 16 00 +04 31 00 NGC 7561 NONEX
23 16 06 +06 39 00 NGC 7562A GALXY15.0
23 16 18 -00 03 00 NGC 7565 1STAR
23 16 36 -02 21 00 NGC 7566 GALXY14.5
23 17 18 +06 38 59 NGC 7575 1STAR
23 17 24 +07 21 59 NGC 7577 GALXY
23 17 48 +04 40 00 NGC 7581 NONEX
23 17 54 +07 24 00 NGC 7583 GALXY13.7
23 17 54 +07 26 00 NGC 7604 GALXY14.5
23 18 24 +06 34 00 NGC 7591 GALXY13.0
23 18 24 +00 16 00 NGC 7589 GALXY14.1
23 18 54 +07 25 00 NGC 7605 NONEX
23 19 00 +00 15 00 NGC 7603 GALXY13.2
23 19 36 +08 04 00 NGC 7611 GALXY12.5
23 19 54 +00 24 00 NGC 7613 GALXY
23 20 00 +00 13 00 NGC 7614 NONEX
23 20 12 +08 10 00 NGC 7617 GALXY13.8
23 21 24 +01 23 00 NGC 7629 GALXY13.8
23 22 54 +01 26 00 NGC 7642 GALXY13.7
23 24 18 -00 07 00 NGC 7667 GALXY14.0
23 27 12 -00 11 00 NGC 7668 NONEX
23 27 12 -00 11 00 NGC 7669 NONEX
23 27 12 -00 11 00 NGC 7670 NONEX
23 28 48 +03 31 00 NGC 7679 GALXY12.9
23 29 06 +11 26 00 NGC 7683 GALXY12.5
23 29 06 +03 32 00 NGC 7682 GALXY13.1
23 30 30 +00 04 00 NGC 7684 GALXY13.6
23 30 36 +03 54 00 NGC 7685 GALXY13.2
23 30 54 +03 32 00 NGC 7687 GALXY13.4
23 33 18 -01 17 00 NGC 7693 GALXY13.4
23 33 18 -02 43 00 NGC 7695 NONEX
23 33 24 -02 42 00 NGC 7694 GALXY14.0
23 33 54 +04 53 00 NGC 7696 GALXY14.8
23 34 24 -02 54 00 NGC 7699 GALXY
23 34 36 -02 51 00 NGC 7701 GALXY14.0
23 34 36 -02 57 00 NGC 7700 GALXY14.5
23 35 12 +04 54 00 NGC 7704 GALXY13.4
23 35 12 +04 48 00 NGC 7705 GALXY15.4
23 35 18 +04 59 00 NGC 7706 GALXY13.2
23 35 48 -02 53 00 NGC 7710 GALXY15.0
23 36 12 +02 09 00 NGC 7714 GALXY12.5
23 36 24 +02 09 00 NGC 7715 GALXY14.2
23 36 30 +00 18 00 NGC 7716 GALXY12.1
23 41 36 +03 45 00 NGC 7731 GALXY13.5
23 41 42 +03 44 00 NGC 7732 GALXY13.8
23 44 06 +00 31 00 NGC 7738 GALXY14.4
23 44 30 +00 19 00 NGC 7739 NONEX
23 45 24 -01 41 00 NGC 7746 GALXY13.1
23 46 42 +03 47 00 NGC 7750 GALXY12.9
23 47 00 +06 51 00 NGC 7751 GALXY12.8
23 48 30 +04 07 00 NGC 7756 GALXY14.0
23 48 48 +04 10 00 NGC 7757 GALXY12.7
23 53 18 +07 52 00 NGC 7778 GALXY12.7
23 53 24 +07 52 00 NGC 7779 GALXY12.7
23 53 36 +08 07 00 NGC 7780 GALXY13.9
23 53 48 +07 51 00 NGC 7781 GALXY13.9
23 53 54 +07 58 00 NGC 7782 GALXY12.2
23 54 12 +00 23 00 NGC 7783A GALXY14.1
23 54 12 +00 24 00 NGC 7783B GALXY15.0
23 54 12 +00 25 00 NGC 7783C GALXY16.0
23 55 24 +05 54 00 NGC 7785 GALXY11.6
23 56 12 +00 33 00 NGC 7787 GALXY14.2
23 59 00 +03 38 00 NGC 7797 GALXY13.7
