06 13 24 -43 39 00 NGC 2200 GALXY14.1
06 13 30 -43 41 00 NGC 2201 GALXY13.4
06 21 48 -44 46 00 NGC 2220 ASTER
06 49 00 -36 00 00 NGC 2298 GLOCL09.4
06 54 00 -40 52 00 NGC 2310 GALXY11.8
07 02 30 -42 03 00 NGC 2328 GALXY12.8
07 17 00 -36 50 00 Cr 135 OPNCL02.1
07 19 00 -44 35 00 Be 135 DRKNB
07 26 18 -47 44 00 Mel 66 OPNCL07.8
07 27 06 -31 11 00 Ru 21 OPNCL
07 27 18 -24 02 00 Tr 7 OPNCL07.9
07 28 06 -11 44 00 NGC 2396 OPNCL07.4
07 28 18 -15 24 00 Czernik 29OPNCL10.3
07 28 36 -15 23 00 Haffner 10OPNCL11.5
07 28 54 -35 45 00 PK248- 8.1PLNNB13.0
07 29 24 -13 58 00 NGC 2401 OPNCL12.6
07 29 36 -28 59 00 Ru 22 OPNCL
07 29 48 -17 41 00 Mayer 3 OPNCL
07 30 54 -17 04 00 Bochum 5 OPNCL 7
07 30 54 -22 53 00 Ru 23 OPNCL
07 31 00 -16 57 00 Bochum 4 OPNCL07.3
07 31 18 -19 44 00 Czernik 31OPNCL
07 31 36 -17 11 00 NGC 2409 NONEX
07 31 36 -16 58 00 Sh2-302 BRTNB
07 31 48 -19 27 00 PK234- 0.1PLNNB14.0
07 31 54 -12 45 00 Ru 24 OPNCL
07 32 00 -19 26 00 Bochum 6 OPNCL09.9
07 32 36 -16 54 00 vdB 97 BRTNB
07 33 18 -15 27 00 NGC 2414 OPNCL07.9
07 33 18 -13 06 00 NGC 2413 NONEX
07 33 54 -19 43 00 Ru 40 OPNCL
07 35 30 -18 46 00 Sh2-307 BRTNB
07 36 00 -26 30 00 Haffner 11OPNCL
07 36 18 -20 37 00 NGC 2421 OPNCL08.3
07 36 24 -25 20 00 vdB 98 BRTNB
07 36 30 -47 36 00 NGC 2427 GALXY11.5
07 36 36 -14 30 00 NGC 2422 OPNCL04.4
07 37 06 -13 52 00 NGC 2423 OPNCL06.7
07 37 06 -22 52 00 Ru 25 OPNCL
07 37 30 -12 04 00 Mel 71 OPNCL07.1
07 37 30 -26 36 00 Ru 27 OPNCL
07 37 42 -14 34 59 Ru 26 OPNCL
07 38 18 -14 52 00 NGC 2425 OPNCL
07 38 24 -34 12 00 vdB-Ha 4OPNCL
07 39 12 -16 31 00 NGC 2428 NONEX
07 39 24 -16 21 00 NGC 2430 NONEX
07 40 06 -33 33 00 Bochum 15 OPNCL06.3
07 40 06 -29 18 00 Ru 28 OPNCL
07 40 24 -11 33 00 PK228+ 5.1PLNNB
07 40 30 -30 07 00 Haffner 13OPNCL
07 40 48 -31 39 00 NGC 2439 OPNCL06.9
07 40 54 -19 05 00 NGC 2432 OPNCL10.2
07 41 18 -16 15 00 Ru 151 OPNCL
07 41 42 -23 54 00 Ru 29 OPNCL
07 41 48 -14 49 00 NGC 2437 OPNCL06.1
07 41 48 -14 44 00 NGC 2438 PLNNB11.0
07 41 54 -18 13 00 NGC 2440 PLNNB11.5
07 42 06 -14 21 00 PK231+ 4.1PLNNB14.4
07 42 12 -31 28 00 Ru 30 OPNCL
07 42 42 -35 35 00 Ru 31 OPNCL
07 43 18 -34 45 00 PK249- 5.1PLNNB13.1
07 44 36 -23 52 00 NGC 2447 OPNCL06.2
07 44 36 -24 41 00 NGC 2448 NONEX
07 45 00 -25 31 00 Ru 32 OPNCL08.4
07 45 18 -32 46 59 Haffner 15OPNCL09.4
07 45 24 -37 57 59 NGC 2451 OPNCL02.8
07 45 30 -27 52 00 Haffner 14OPNCL
07 45 54 -20 23 00 Ru 34 OPNCL09.5
07 46 30 -20 18 00 Ru 33 OPNCL
07 46 54 -30 59 00 Ru 35 OPNCL
07 47 24 -27 30 00 NGC 2452 PLNNB12.6
07 47 36 -41 27 00 ESO 311-G0GALXY11.8
07 47 48 -27 14 00 NGC 2453 OPNCL08.3
07 48 30 -26 18 00 Ru 36 OPNCL09.6
07 49 00 -21 18 00 NGC 2455 OPNCL10.2
07 49 24 -24 22 00 Haffner 25OPNCL
07 50 12 -19 18 00 PK236+ 3.1PLNNB15.4
07 50 18 -25 27 00 Haffner 16OPNCL10.0
07 50 36 -16 58 00 Ru 37 OPNCL
07 51 12 -28 26 00 Czernik 32OPNCL
07 51 24 -20 04 00 Ru 38 OPNCL
07 52 18 -38 33 00 NGC 2477 OPNCL05.8
07 52 30 -26 23 00 NGC 2467 CL+NB07.1
07 52 36 -30 25 00 Haffner 17OPNCL
07 52 42 -26 15 00 Haffner 19OPNCL09.4
07 53 00 -21 47 59 Ru 39 OPNCL
07 53 18 -25 54 00 Haffner 18OPNCL09.3
07 54 42 -15 25 00 NGC 2478 NONEX
07 54 42 -25 17 00 Ru 41 OPNCL
07 54 54 -24 18 00 NGC 2482 OPNCL07.3
07 55 06 -17 43 00 NGC 2479 OPNCL09.6
07 55 12 -23 38 00 PK241+ 2.1PLNNB14.0
07 55 18 -25 56 00 Tr 9 OPNCL08.7
07 55 24 -38 00 00 Ru 152 OPNCL
07 55 54 -27 56 00 NGC 2483 OPNCL07.6
07 56 12 -30 04 00 NGC 2489 OPNCL07.9
07 56 18 -30 24 00 Haffner 20OPNCL11.0
07 58 30 -24 23 00 Ru 42 OPNCL
07 58 36 -14 22 00 NGC 2501 GALXY14.0
07 58 42 -28 55 00 Ru 43 OPNCL
07 59 00 -28 35 00 Ru 44 OPNCL07.2
07 59 36 -16 18 00 Ru 45 OPNCL
08 00 42 -19 04 00 NGC 2509 OPNCL09.3
08 01 06 -30 01 00 Ru 153 OPNCL
08 01 12 -27 10 00 Haffner 21OPNCL10.3
08 01 42 -43 52 00 Ru 154 OPNCL
08 02 06 -19 28 00 Ru 46 OPNCL09.1
08 02 18 -31 06 00 Ru 47 OPNCL09.6
08 02 30 -27 42 00 PK245+ 1.1PLNNB14.2
08 02 30 -28 11 00 NGC 2520 NONEX
08 02 48 -12 19 00 NGC 2517 GALXY11.8
08 02 54 -30 15 00 Ru 48 OPNCL
08 03 06 -26 47 00 Ru 49 OPNCL09.6
08 03 24 -29 23 00 Ru 50 OPNCL
08 03 36 -29 37 59 Ru 51 OPNCL
08 04 00 -46 00 00 Cr 173 OPNCL0.6
08 05 00 -30 29 00 Ru 155 OPNCL
08 05 06 -30 19 00 Ru 52 OPNCL
08 05 18 -28 10 00 NGC 2527 OPNCL06.5
08 05 42 -11 25 00 NGC 2525 GALXY11.6
08 07 00 -29 54 00 NGC 2533 OPNCL07.6
08 07 06 -31 55 00 vdB-Ha 19OPNCL
08 09 00 -32 39 59 PK250+ 0.1PLNNB18.1
08 10 42 -12 50 00 NGC 2539 OPNCL06.5
08 10 48 -27 01 00 Ru 53 OPNCL
08 11 18 -12 56 00 NGC 2542 NONEX
08 11 24 -30 21 00 Ru 54 OPNCL
08 12 18 -32 36 00 Ru 55 OPNCL07.8
08 12 24 -37 38 00 NGC 2546 OPNCL06.3
08 12 36 -40 28 00 Ru 56 OPNCL
08 12 42 -26 25 00 Haffner 22OPNCL
08 14 24 -36 23 59 vdB-Ha 23OPNCL
08 14 54 -30 21 00 Ru 58 OPNCL
08 15 00 -25 19 00 Ru 57 OPNCL
08 15 36 -29 28 00 Haffner 26OPNCL
08 17 06 -27 28 59 NGC 2559 GALXY10.9
08 17 48 -37 05 00 Pismis 1 OPNCL10.7
08 18 00 -37 06 00 NGC 2568 OPNCL
08 18 18 -30 38 00 NGC 2567 OPNCL07.4
08 18 18 -40 41 00 Pismis 2 OPNCL
08 18 36 -21 49 00 NGC 2564 GALXY
08 18 48 -25 22 00 IC 2311 GALXY11.5
08 18 54 -29 44 00 NGC 2571 OPNCL 7
08 18 54 -25 29 00 NGC 2566 GALXY11.0
08 19 06 -34 27 00 Ru 59 OPNCL 9
08 21 06 -36 11 00 NGC 2579 CL+NB07.5
08 21 24 -13 19 00 NGC 2578 GALXY12.6
08 21 36 -30 19 00 NGC 2580 OPNCL09.7
08 22 30 -36 10 00 Cr 185 OPNCL07.8
08 23 12 -32 59 00 NGC 2588 OPNCL11.8
08 23 30 -29 30 00 NGC 2587 OPNCL09.2
08 24 12 -29 09 00 Cr 187 OPNCL09.6
08 25 18 -34 10 00 Ru 61 OPNCL
08 28 30 -39 23 59 PK258- 0.1PLNNB14.4
