15 49 24 -28 36 00 NGC 5998 NONEX
15 49 48 -29 25 00 NGC 6000 GALXY12.2
15 58 54 -26 09 01 Sh2- 1 BRTNB
16 09 24 -39 08 01 Be 149 DRKNB
16 09 48 -30 54 00 PK345+15.1PLNNB15.0
16 12 00 -19 28 00 IC 4592 BRTNB
16 13 00 -36 14 00 NGC 6072 PLNNB14.0
16 13 30 -34 36 00 PK343+11.1PLNNB14.0
16 14 42 -18 59 00 B 40 DRKNB
16 15 36 -34 15 00 NGC 6082 NONEX
16 17 00 -22 59 01 NGC 6093 GLOCL07.2
16 19 24 -42 16 01 IC 4599 PLNNB12.3
16 20 00 -20 02 00 IC 4601 BRTNB
16 21 06 -25 35 00 Sh2- 9 BRTNB
16 22 00 -19 40 01 B 41,43 DRKNB
16 23 18 -31 45 00 PK346+12.1PLNNB15.0
16 23 36 -26 32 00 NGC 6121 GLOCL05.9
16 25 36 -40 40 00 NGC 6124 OPNCL05.8
16 26 00 -26 00 00 Cr 302 OPNCL 1
16 27 18 -26 02 00 NGC 6144 GLOCL09.1
16 27 42 -38 51 00 NGC 6139 GLOCL09.2
16 28 42 -35 22 00 Ter 3 GLOCL
16 29 12 -26 27 00 vdB 107 BRTNB
16 30 12 -25 06 00 IC 4605 BRTNB
16 31 30 -40 15 00 NGC 6153 PLNNB11.5
16 34 06 -35 05 00 PK346+ 8.1PLNNB
16 35 42 -45 38 00 NGC 6178 OPNCL07.2
16 37 30 -35 12 00 B231 DRKNB
16 39 30 -36 35 00 PK345+ 6.1PLNNB15.0
16 40 18 -43 22 00 NGC 6192 OPNCL08.5
16 42 36 -38 55 00 PK344+ 4.1PLNNB12.0
16 44 06 -35 21 01 B233 DRKNB
16 44 48 -40 23 00 B 44a DRKNB
16 46 36 -44 30 01 B235 DRKNB
16 46 42 -38 38 01 PK345+ 4.1PLNNB13.6
16 47 30 -44 21 00 vdB-Ha 197OPNCL
16 48 54 -35 47 01 PK347+ 5.1PLNNB
16 48 54 -44 20 01 Westr 1 OPNCL
16 49 24 -44 44 00 NGC 6216 OPNCL10.1
16 49 30 -39 20 00 PK344+ 3.1PLNNB14.7
16 50 00 -42 44 00 Lynga 13 OPNCL
16 50 18 -30 18 00 PK351+ 9.1PLNNB
16 50 24 -39 08 00 PK345+ 3.1PLNNB14.6
16 50 42 -44 45 00 NGC 6222 OPNCL10.0
16 50 42 -40 03 00 PK344+ 2.1PLNNB14.8
16 50 42 -43 57 00 vdB-Ha 200OPNCL
16 51 36 -41 13 00 NGC 6227 NONEX
16 53 00 -43 35 00 SL 17 DRKNB
16 53 30 -42 39 00 PK342+ 0.1PLNNB13.9
16 53 36 -31 41 01 PK351+ 7.1PLNNB
16 54 00 -41 48 00 NGC 6231 OPNCL02.6
16 54 12 -38 45 00 PK345+ 3.2PLNNB
16 55 12 -45 19 00 Lynga 14 OPNCL09.7
16 55 30 -40 50 00 Cr 316 OPNCL03.4
16 55 36 -39 30 00 NGC 6242 OPNCL06.4
16 56 00 -39 13 01 vdB-Ha 202OPNCL
16 56 54 -39 30 00 vdB-Ha 205OPNCL
16 57 00 -40 40 00 Tr 24 OPNCL08.6
16 57 00 -40 20 00 IC 4628 BRTNB
16 57 24 -41 38 00 PK344+ 0.1PLNNB15.3
16 57 36 -44 47 00 NGC 6249 OPNCL08.2
16 59 30 -37 07 00 NGC 6256 GLOCL
17 00 30 -37 02 00 vdB-Ha 208OPNCL
17 00 42 -44 40 01 NGC 6259 OPNCL 8
17 01 00 -40 47 01 B 48 DRKNB
17 01 06 -34 40 00 PK349+ 4.1PLNNB
17 02 18 -33 10 00 PK351+ 5.1PLNNB13.0
17 02 24 -39 44 00 NGC 6268 OPNCL09.5
17 03 00 -34 26 00 B 50 DRKNB
17 03 06 -41 04 01 vdB-Ha 211OPNCL
17 03 48 -33 30 00 PK351+ 4.1PLNNB13.2
17 04 18 -30 53 00 PK353+ 6.2PLNNB14.7
17 04 36 -33 59 00 PK350+ 4.1PLNNB14.0
17 04 48 -37 54 00 NGC 6281 OPNCL05.4
17 05 12 -40 53 00 IC 4637 PLNNB13.5
17 05 12 -30 32 00 PK353+ 6.1PLNNB14.4
17 05 12 -37 53 00 PK347+ 1.1PLNNB14.8
17 05 30 -32 32 01 PK352+ 5.1PLNNB14.7
17 05 36 -43 56 01 PK343- 1.1PLNNB
17 05 36 -35 28 01 vdB-Ha 214OPNCL
17 06 06 -33 15 00 B 53 DRKNB
17 06 24 -44 13 00 PK342- 2.1PLNNB13.0
17 07 00 -42 41 00 PK344- 1.1PLNNB14.5
17 07 30 -23 00 00 B 55-6 DRKNB
17 09 30 -41 36 00 PK345- 0.1BRTNB
17 10 30 -41 53 00 PK345- 1.1PLNNB
17 11 12 -40 25 00 B 58 DRKNB
17 12 18 -38 29 00 Sh2- 3 BRTNB
17 13 42 -37 06 00 NGC 6302 PLNNB12.8
17 14 06 -31 20 00 PK354+ 4.1PLNNB15.0
17 15 12 -32 13 00 B252 DRKNB
17 16 12 -39 17 00 vdB-Ha 217OPNCL
17 16 18 -38 41 00 vdB-Ha 218OPNCL
17 16 54 -36 21 00 RCW 126 BRTNB
17 17 18 -35 33 01 Bochum 13 OPNCL07.2
17 17 48 -39 27 00 NGC 6318 OPNCL11.8
17 18 24 -39 19 00 PK348- 0.1BRTNB
17 18 30 -42 57 00 NGC 6322 OPNCL 6
17 18 36 -38 25 00 Sh2- 5 BRTNB
17 18 36 -31 45 00 vdB-Ha 221OPNCL
17 18 48 -31 39 00 PK354+ 3.1PLNNB14.1
17 19 00 -37 49 00 vdB-Ha 222OPNCL
17 19 06 -37 16 00 Hav-MoffatOPNCL
17 19 18 -31 11 00 PK355+ 3.3PLNNB13.3
17 19 30 -45 53 01 PK342- 4.1PLNNB12.0
17 20 30 -30 08 00 NGC 6335 NONEX
17 20 36 -36 04 00 NGC 6334 OPNCL
17 20 42 -31 57 00 LDN 1710 DRKNB
17 20 42 -34 13 00 vdB-Ha 223OPNCL
17 21 30 -30 21 00 PK355+ 3.2PLNNB10.0
17 22 00 -35 35 01 B257 DRKNB
17 22 18 -38 29 00 NGC 6337 PLNNB12.3
17 23 24 -37 56 00 Ru 123 OPNCL
17 24 24 -31 44 01 PK355+ 2.3PLNNB13.5
17 24 36 -38 32 00 NGC 6354 NONEX
17 24 42 -30 52 00 PK355+ 2.2PLNNB14.1
17 24 42 -34 09 00 NGC 6357 BRTNB
17 25 00 -37 06 00 Tr 25 OPNCL11.7
17 25 18 -34 21 00 Pismis 24 OPNCL09.6
17 25 18 -30 41 00 PK356+ 2.1PLNNB14.0
17 26 18 -42 38 00 B263 DRKNB
17 26 18 -44 12 00 PK345- 4.1PLNNB
17 26 24 -35 02 01 PK352+ 0.1PLNNB15.0
17 27 30 -30 48 00 Ter 2 GLOCL
17 28 18 -39 18 00 Ru 124 OPNCL
17 28 30 -35 08 00 PK352- 0.1PLNNB15.0
17 28 48 -30 08 01 PK357+ 2.5PLNNB17.0
17 29 00 -15 13 01 PK 9+10.1PLNNB13.9
17 29 06 -31 33 00 Sh2- 13 BRTNB
17 29 12 -30 30 00 Antalova 1OPNCL
17 29 42 -32 30 00 Antalova 2OPNCL08.8
17 29 42 -40 30 00 Ru 125 OPNCL
17 30 36 -31 55 00 Ter 4 GLOCL
17 30 48 -37 05 00 Cr 332 OPNCL08.9
17 30 48 -30 17 00 PK357+ 2.7PLNNB14.0
17 31 00 -31 01 00 PK356+ 1.2PLNNB
17 31 06 -30 11 01 PK357+ 2.6PLNNB
17 31 18 -34 05 01 Cr 333 OPNCL09.8
17 31 24 -36 51 00 Harvard 16OPNCL
17 32 00 -33 50 00 Grindlay 1GLOCL
17 32 12 -30 10 00 vdB-Ha 231OPNCL
17 32 18 -32 36 00 NGC 6374 OPNCL 9
17 32 18 -37 57 00 PK350- 2.1PLNNB
17 32 48 -40 58 00 PK348- 4.1PLNNB
17 32 54 -39 52 00 PK349- 3.1PLNNB
17 33 24 -33 23 01 Liller 1 GLOCL
17 34 12 -40 25 00 SL 26 DRKNB
17 34 48 -32 34 00 NGC 6383 OPNCL05.5
17 35 18 -39 14 00 SL 28 DRKNB
17 35 24 -39 04 00 NGC 6380 GLOCL14.0
17 35 36 -33 46 00 Ru 126 OPNCL
17 35 42 -40 12 01 PK349- 4.1PLNNB13.0
17 35 48 -30 28 01 Ter 1 GLOCL
17 36 12 -33 29 00 Tr 27 OPNCL06.7
17 36 18 -44 44 00 NGC 6388 GLOCL06.9
17 36 30 -39 22 00 PK350- 3.1PLNNB14.0
17 36 36 -39 04 00 Ton 2 GLOCL
17 36 48 -32 39 00 Tr 28 OPNCL07.7
17 37 42 -36 16 00 Ru 127 OPNCL08.8
17 37 48 -32 16 00 PK356- 0.1PLNNB
17 38 06 -35 00 01 NGC 6396 OPNCL08.5
17 38 12 -37 34 01 Cr 338 OPNCL 8
17 39 18 -44 10 00 PK346- 6.1PLNNB
17 39 36 -33 15 00 NGC 6404 OPNCL10.6
17 40 06 -32 13 00 NGC 6405 OPNCL04.2
17 40 48 -36 57 00 NGC 6400 OPNCL08.8
17 41 36 -40 06 00 Tr 29 OPNCL07.5
17 42 54 -39 36 00 PK350- 5.1PLNNB13.2
17 44 12 -34 17 00 PK355- 2.2PLNNB
17 44 18 -34 07 00 PK355- 2.1PLNNB15.0
17 44 24 -32 21 00 NGC 6416 OPNCL05.7
17 44 24 -35 01 00 NGC 6415 NONEX
17 44 36 -33 45 00 Cr 345 OPNCL10.9
17 44 48 -33 10 01 Ru 128 OPNCL
17 45 06 -38 09 01 PK352- 4.1PLNNB13.2
17 45 30 -44 54 00 IC 4663 PLNNB13.0
17 45 36 -38 39 00 PK351- 5.1PLNNB
17 45 42 -34 31 00 PK355- 2.4PLNNB
17 45 48 -33 42 00 NGC 6421 NONEX
17 46 00 -30 12 00 PK358- 0.2PLNNB13.8
17 46 00 -31 04 00 PK358- 1.1PLNNB16.0
17 46 06 -34 04 00 PK355- 2.3PLNNB
17 46 54 -31 32 00 NGC 6425 OPNCL07.2
17 47 48 -34 08 00 PK355- 3.1PLNNB
17 48 54 -34 22 00 PK355- 3.2PLNNB
17 49 06 -35 26 00 NGC 6437 NONEX
17 49 12 -34 23 00 PK355- 3.3PLNNB
17 49 30 -34 49 01 NGC 6444 OPNCL
17 49 48 -34 01 00 PK356- 3.1PLNNB14.6
17 49 48 -37 02 00 PK353- 4.1PLNNB
17 50 12 -37 03 00 NGC 6441 GLOCL07.4
17 50 18 -30 35 00 PK359- 1.1PLNNB13.5
17 50 42 -30 13 00 NGC 6451 OPNCL08.2
17 50 42 -39 18 00 PK351- 6.1PLNNB15.0
17 50 42 -31 17 00 Ter 6 GLOCL
17 50 48 -37 24 00 PK353- 5.1PLNNB15.0
17 51 12 -34 55 00 PK355- 4.1PLNNB14.0
17 51 18 -30 24 00 PK359- 1.2PLNNB16.0
17 51 18 -33 53 00 B283 DRKNB
17 51 24 -30 44 00 vdB-Ha 249OPNCL
17 51 42 -31 36 01 PK358- 2.1PLNNB16.5
17 51 48 -33 48 01 PK356- 3.2PLNNB
17 52 00 -35 23 00 NGC 6455 NONEX
17 52 06 -30 05 00 PK359- 1.3PLNNB16.0
17 52 36 -32 46 00 PK357- 3.2PLNNB14.0
17 52 48 -30 50 00 PK359- 2.2PLNNB15.5
17 53 00 -34 39 00 PK355- 4.2PLNNB
17 53 18 -32 41 00 PK357- 3.3PLNNB14.0
17 53 18 -33 56 00 PK356- 3.3PLNNB
17 53 36 -32 59 00 PK357- 3.4PLNNB
17 53 54 -34 49 00 NGC 6475 OPNCL03.3
17 54 24 -35 12 00 B287 DRKNB
17 54 36 -34 23 00 PK356- 4.1PLNNB12.2
17 54 36 -30 26 00 NGC 6480 NONEX
17 55 06 -31 12 00 PK359- 2.4PLNNB
17 55 36 -30 34 00 PK359- 2.3PLNNB13.8
17 56 18 -32 38 01 PK358- 3.2PLNNB15.0
17 56 24 -31 05 01 PK359- 3.1PLNNB
17 56 30 -35 19 01 Tr 30 OPNCL08.8
17 57 18 -34 10 00 PK356- 4.2PLNNB14.1
17 57 24 -33 36 00 PK357- 4.1PLNNB14.3
17 58 12 -33 48 00 PK357- 4.3PLNNB
17 58 30 -33 29 00 PK357- 4.2PLNNB13.2
17 59 00 -44 16 00 NGC 6496 GLOCL09.2
17 59 00 -34 36 00 NGC 6453 GLOCL09.9
17 59 06 -32 22 00 PK358- 4.1PLNNB
18 00 18 -34 28 00 PK356- 5.1PLNNB14.7
