15 12 00 +01 41 00 UGC 9760 GALXY14.1
15 14 48 +01 08 00 NGC 5887 GALXY13.4
15 16 06 -00 07 00 Pal 5 GLOCL11.8
15 16 42 +07 00 59 UGC 9799 GALXY12.9
15 18 36 +02 05 00 NGC 5904 GLOCL05.8
15 19 18 +20 55 00 NGC 5910 GALXY13.6
15 20 24 +03 32 00 NGC 5911 GALXY14.7
15 20 54 -02 35 00 NGC 5913 GALXY13.2
15 21 30 +07 44 00 NGC 5919 GALXY15.5
15 21 48 +07 43 00 NGC 5920 GALXY13.6
15 21 54 +05 05 00 NGC 5921 GALXY10.8
15 23 24 +12 42 00 NGC 5926 GALXY13.5
15 25 54 +18 05 00 NGC 5928 GALXY12.2
15 29 30 +07 35 00 NGC 5931 GALXY15.0
15 30 06 +13 00 00 NGC 5936 GALXY12.5
15 30 48 -02 49 00 NGC 5937 GALXY12.3
15 31 12 +07 28 00 NGC 5940 GALXY13.4
15 31 30 +07 20 00 NGC 5941 GALXY14.3
15 31 36 +07 18 00 NGC 5942 GALXY14.8
15 31 42 +07 19 00 NGC 5944 GALXY14.9
15 32 54 +03 59 00 NGC 5948 NONEX
15 33 48 +15 00 00 NGC 5951 GALXY12.7
15 34 36 +15 12 00 NGC 5953 GALXY13.3
15 34 42 +15 12 00 NGC 5954 GALXY13.7
15 34 48 +04 57 00 NGC 5952 GALXY15.5
15 35 00 +11 45 00 NGC 5956 GALXY12.3
15 35 00 +23 29 00 IC 4553 GALXY13.2
15 35 00 +23 29 00 IC 4554 GALXY14.4
15 35 06 +16 33 00 UGC 9912 GALXY13.5
15 35 06 +05 04 00 NGC 5955 GALXY15.0
15 35 24 +12 03 00 NGC 5957 GALXY11.7
15 36 12 +05 40 00 NGC 5960 GALXY15.1
15 36 24 +16 36 00 NGC 5962 GALXY11.3
15 37 30 +05 58 00 NGC 5964 GALXY12.0
15 38 24 +12 57 00 UGC 9941 GALXY13.8
15 38 30 +12 11 00 NGC 5970 GALXY11.5
15 38 48 +17 02 00 NGC 5972 GALXY13.6
15 40 00 +21 28 00 NGC 5975 GALXY14.1
15 40 24 +17 07 00 NGC 5977 GALXY13.4
15 41 30 +15 47 00 NGC 5980 GALXY12.6
15 42 00 +00 42 00 UGC 9977 GALXY13.2
15 42 42 +08 13 59 NGC 5983 GALXY13.4
15 43 00 +14 13 00 NGC 5984 GALXY12.5
15 44 36 +10 17 00 NGC 5988 GALXY13.8
15 45 18 +24 36 59 NGC 5991 GALXY14.7
15 45 48 +20 35 00 UGC 10020 GALXY12.9
15 46 24 +02 24 00 NGC 5990 GALXY12.4
15 46 48 +17 51 00 NGC 5994 GALXY13.2
15 46 54 +17 52 00 NGC 5996 GALXY12.8
15 47 24 +08 19 00 NGC 5997 GALXY15.5
15 49 00 +05 11 00 UGC 10041 GALXY13.0
15 49 18 +19 01 00 NGC 6003 GALXY13.4
15 50 18 +18 56 00 NGC 6004 GALXY12.3
15 52 54 +21 08 00 NGC 6008 GALXY13.0
15 52 54 +21 08 00 NGC 6008A GALXY14.0
15 53 00 +12 02 00 NGC 6006 GALXY15.5
15 53 06 +21 07 00 NGC 6008B GALXY15.0
15 53 24 +11 57 59 NGC 6007 GALXY13.2
15 53 30 +12 04 59 NGC 6009 GALXY15.5
15 54 18 +14 36 00 NGC 6012 GALXY12.0
15 54 24 +00 32 00 NGC 6010 GALXY12.6
15 54 36 +16 36 00 UGC 10086 GALXY14.3
15 55 48 +05 57 00 NGC 6014 GALXY12.2
15 57 12 +22 25 00 NGC 6020 GALXY12.7
15 57 12 +06 00 00 NGC 6017 GALXY13.1
15 57 24 +15 57 00 NGC 6021 GALXY13.1
15 57 30 +15 51 00 NGC 6018 GALXY13.4
15 57 42 +16 18 00 NGC 6023 GALXY13.1
15 57 42 +16 17 00 NGC 6022 GALXY14.7
15 59 12 +20 46 00 NGC 6027E GALXY13.4
15 59 12 +20 45 00 NGC 6027A GALXY13.9
15 59 12 +20 46 00 NGC 6027 GALXY14.3
15 59 12 +20 46 00 NGC 6027B GALXY15.5
15 59 12 +20 46 00 NGC 6027D GALXY15.5
15 59 12 +20 45 00 NGC 6027C GALXY16.0
16 01 30 +01 42 59 IC 1158 GALXY12.6
16 02 00 +12 34 00 NGC 6029 GALXY15.5
16 04 24 +03 52 00 NGC 6036 GALXY13.4
16 04 24 -02 08 00 NGC 6033 GALXY13.7
16 04 24 +03 48 00 NGC 6037 GALXY14.0
16 04 54 +23 56 00 NGC 6051 GALXY13.1
16 05 42 +08 06 00 NGC 6049 NONEX
16 07 12 +07 58 00 NGC 6063 GALXY13.1
16 07 30 +13 52 00 NGC 6065 GALXY15.0
16 07 42 +13 56 00 NGC 6066 GALXY15.0
16 10 00 +00 42 00 NGC 6070 GALXY11.8
16 10 06 +00 45 00 NGC 6070A GALXY15.5
16 10 12 +00 46 00 NGC 6070B GALXY15.5
16 13 00 +02 10 00 NGC 6080 GALXY14.0
16 14 24 -00 13 01 UGC 10288 GALXY13.3
16 14 30 +00 48 59 UGC 10290 GALXY13.3
16 17 00 +00 47 59 NGC 6100 GALXY13.0
16 21 06 -00 17 00 PK 13+32.1PLNNB12.8
16 21 54 -02 17 01 NGC 6118 GALXY11.7
17 54 24 -12 49 00 PK 14+ 6.1PLNNB15.2
17 58 12 -11 41 00 Ru 135 OPNCL
17 59 00 -15 32 00 PK 13+ 4.1PLNNB13.0
18 03 48 -00 18 00 NGC 6535 GLOCL10.6
18 04 48 -07 35 00 NGC 6539 GLOCL09.6
18 06 06 -14 10 00 Sh2- 46 BRTNB
18 07 30 -13 29 00 PK 15+ 3.1PLNNB
18 10 30 -10 29 00 PK 18+ 4.1PLNNB
18 10 42 -07 12 00 IC 1276 GLOCL10.3
18 12 12 -10 43 00 PK 18+ 3.1PLNNB
18 15 18 -10 10 00 PK 19+ 3.1PLNNB12.5
18 17 06 -14 58 01 NGC 6605 OPNCL 6
18 17 42 -12 37 00 Tr 32 OPNCL12.2
18 18 06 -12 14 00 NGC 6604 OPNCL06.5
18 18 48 -13 47 00 NGC 6611 CL+NB 6
18 21 24 -06 02 00 PK 24+ 3.1PLNNB14.0
18 24 42 +02 30 00 PK 32+ 7.2PLNNB
18 25 00 -01 31 00 PK 28+ 5.1PLNNB14.5
18 25 00 -01 31 00 PK234- 6.1PLNNB14.5
18 25 00 -01 31 00 PK234- 6.1PLNNB14.8
18 26 42 -02 43 00 PK 27+ 4.1PLNNB
18 27 06 +01 15 00 PK 31+ 5.1PLNNB14.6
18 30 30 +01 11 00 vdB 123 BRTNB
18 31 00 +02 25 00 PK 32+ 5.1PLNNB14.6
18 31 36 -01 55 00 Sh2- 64 BRTNB
18 31 48 +04 05 00 PK 34+ 6.1PLNNB15.0
18 33 18 +00 12 00 PK 30+ 4.1PLNNB
18 33 54 +05 53 00 PK 36+ 6.1PLNNB
18 34 12 -02 28 00 PK 28+ 2.1PLNNB
18 34 54 +05 04 00 PK 35+ 5.1PLNNB
18 35 24 +05 09 59 Graff 1 OPNCL
18 35 24 -00 13 01 PK 30+ 3.1PLNNB
18 37 36 -03 06 00 PK 28+ 1.1PLNNB13.5
18 37 36 -01 12 00 LDN 564 DRKNB
18 38 36 -01 47 00 LDN 557 DRKNB
18 39 00 +05 27 00 IC 4756 OPNCL04.6
18 41 12 -03 30 00 Do 33 OPNCL
18 44 42 +06 06 59 PK 37+ 4.1PLNNB
18 49 00 +05 26 00 MCG +01-48GALXY11.0
18 49 42 +04 56 00 Czernik 38OPNCL
18 54 48 +06 02 00 PK 38+ 2.1PLNNB14.2
