17 43 30 -21 10 00 PK 6+ 4.1PLNNB
17 45 18 -20 00 00 B 83a DRKNB
17 45 30 -20 58 00 PK 6+ 4.2PLNNB14.5
17 45 36 -23 02 00 PK 5+ 3.1PLNNB18.0
17 46 24 -29 18 00 Cr 347 OPNCL08.8
17 46 30 -20 11 00 B 84 DRKNB
17 46 36 -29 18 00 Sh2- 16 BRTNB
17 46 54 -16 17 00 PK 11+ 6.1PLNNB14.6
17 47 00 -28 20 00 vdB-Ha 245OPNCL
17 47 24 -24 53 01 NGC 6432 NONEX
17 47 36 -21 47 00 PK 6+ 3.1PLNNB15.0
17 47 36 -22 06 00 PK 6+ 3.2PLNNB17.0
17 47 54 -30 00 00 PK359- 0.1PLNNB11.8
17 47 54 -28 26 00 Ru 129 OPNCL
17 48 06 -24 47 00 Ter 5 GLOCL13.5
17 48 06 -22 47 00 PK 5+ 2.1PLNNB
17 48 18 -16 29 00 NGC 6439 PLNNB13.0
17 48 18 -29 55 00 Ru 130 OPNCL
17 48 36 -22 17 00 PK 6+ 2.1PLNNB14.2
17 48 36 -24 17 00 PK 4+ 1.1PLNNB15.6
17 48 54 -20 22 00 NGC 6440 GLOCL09.7
17 49 00 -23 43 00 PK 4+ 2.1PLNNB15.0
17 49 00 -29 13 00 Ru 131 OPNCL
17 49 12 -20 01 00 NGC 6445 PLNNB13.0
17 49 24 -28 44 01 Cr 351 OPNCL09.3
17 50 24 -19 03 00 PK 9+ 4.1PLNNB13.5
17 50 24 -29 25 00 PK 0- 1.1PLNNB16.0
17 51 00 -22 20 00 PK 6+ 2.2PLNNB
17 51 18 -18 47 00 PK 9+ 4.2PLNNB14.4
17 52 06 -17 36 00 PK 10+ 4.1PLNNB14.0
17 52 24 -21 52 00 PK 6+ 2.3PLNNB14.7
17 52 36 -29 07 00 PK 0- 1.2PLNNB13.8
17 52 42 -22 22 00 PK 6+ 2.5PLNNB13.0
17 52 42 -21 15 00 PK 7+ 2.1PLNNB
17 52 54 -22 21 00 NGC 6469 OPNCL08.2
17 52 54 -25 23 00 NGC 6465 NONEX
17 53 00 -29 57 00 Basel 5 OPNCL
17 53 12 -27 19 00 Ru 133 OPNCL
17 53 30 -28 28 00 Ru 134 OPNCL
17 53 36 -21 59 00 PK 6+ 2.4PLNNB
17 53 36 -27 33 00 Ru 168 OPNCL
17 53 48 -29 44 00 PK 0- 1.5PLNNB15.5
17 53 48 -29 08 00 NGC 6476 NONEX
17 54 00 -26 40 01 Czernik 37OPNCL
17 54 30 -29 36 00 PK 0- 1.6PLNNB13.5
17 54 30 -24 09 00 UKS1751-24GLOCL
17 54 36 -28 13 00 PK 1- 1.2PLNNB16.0
17 55 06 -21 45 00 PK 7+ 1.1PLNNB11.0
17 55 18 -29 58 00 PK 0- 2.2PLNNB13.3
17 56 00 -29 12 00 PK 0- 2.1PLNNB14.3
17 56 00 -19 29 00 PK 9+ 2.1PLNNB14.8
17 56 00 -28 14 00 PK 1- 1.3PLNNB
17 56 18 -16 30 01 PK 11+ 4.1PLNNB12.0
17 56 48 -19 01 00 NGC 6494 OPNCL05.5
17 57 12 -18 06 00 PK 10+ 3.1PLNNB13.3
17 57 30 -17 40 00 B 84a DRKNB
17 57 48 -30 02 00 PK 0- 2.5PLNNB13.6
17 58 06 -29 45 00 PK 0- 2.4PLNNB13.6
17 58 12 -31 08 00 PK359- 3.2PLNNB14.4
17 58 12 -31 43 00 PK358- 3.1PLNNB
17 58 18 -30 01 00 PK 0- 2.6PLNNB15.3
17 58 30 -27 37 00 PK 2- 1.1PLNNB16.3
17 59 18 -28 14 00 PK 2- 2.2PLNNB14.3
17 59 36 -17 24 00 NGC 6507 OPNCL09.6
17 59 48 -24 39 00 NGC 6506 NONEX
17 59 54 -28 11 00 Tr 31 OPNCL09.8
17 59 54 -31 54 00 PK359- 4.1PLNNB15.4
18 00 06 -23 18 00 Ru 136 OPNCL
18 00 12 -17 40 00 PK 11+ 2.1PLNNB13.2
18 00 36 -29 22 00 PK 1- 3.1PLNNB
18 00 48 -24 49 00 Ru 137 OPNCL
18 00 48 -23 19 00 Ru 138 OPNCL
18 01 12 -27 38 00 PK 2- 2.3PLNNB
18 01 24 -33 18 00 PK357- 5.1PLNNB13.5
18 01 42 -28 26 00 PK 2- 2.4PLNNB12.4
18 01 42 -33 15 00 PK358- 5.1PLNNB13.0
18 01 48 -26 52 00 Ter 9 GLOCL
18 02 00 -23 42 00 Bochum 14 OPNCL09.3
18 02 00 -34 28 00 PK356- 5.2PLNNB14.7
18 02 00 -22 27 00 Ru 139 OPNCL
18 02 18 -23 02 00 NGC 6514 CL+NB06.3
18 02 18 -30 14 00 PK 0- 3.1PLNNB15.1
18 02 30 -35 13 00 PK356- 6.1PLNNB14.9
18 02 30 -36 39 00 PK355- 6.5PLNNB
18 02 36 -23 02 00 B 85 DRKNB
18 02 42 -27 50 00 B 86 DRKNB
18 02 48 -32 10 00 PK359- 4.3PLNNB14.4
18 03 06 -24 23 00 NGC 6523 CL+NB 5
18 03 12 -26 58 01 PK 3- 2.2PLNNB13.8
18 03 18 -27 06 01 IC 4673 PLNNB13.0
18 03 24 -27 54 01 NGC 6520 OPNCL07.6
18 03 24 -29 48 01 NGC 6519 NONEX
18 03 36 -30 02 00 NGC 6522 GLOCL08.6
18 03 36 -26 05 00 Ter 10 GLOCL
18 03 42 -26 44 00 PK 3- 2.1PLNNB14.6
18 03 48 -24 23 00 B 88-9,286DRKNB
18 03 54 -31 18 00 PK359- 4.2PLNNB14.2
18 03 54 -32 42 00 PK358- 5.3PLNNB14.5
18 04 06 -34 29 00 PK357- 6.1PLNNB15.9
18 04 06 -31 40 00 PK359- 4.4PLNNB
18 04 18 -32 30 00 B 87 DRKNB
18 04 30 -34 58 00 PK356- 6.2PLNNB15.3
18 04 30 -28 38 00 PK 2- 3.2PLNNB15.5
18 04 36 -22 30 00 NGC 6531 OPNCL05.9
18 04 48 -24 20 00 NGC 6530 OPNCL04.6
18 04 48 -30 03 00 NGC 6528 GLOCL09.5
18 04 48 -23 40 00 NGC 6526 BRTNB
18 04 54 -32 54 00 PK358- 5.4PLNNB15.0
18 05 00 -30 58 00 PK 0- 3.1PLNNB14.5
18 05 00 -30 58 00 PK 0- 3.1PLNNB15.1
18 05 06 -24 53 00 NGC 6533 NONEX
18 05 12 -19 51 00 NGC 6537 PLNNB12.0
18 05 24 -28 22 00 PK 2- 3.3PLNNB
18 05 30 -36 18 01 NGC 6529 NONEX
18 06 00 -26 30 00 PK 4- 2.1PLNNB
18 06 06 -28 41 00 PK 2- 3.5PLNNB
18 06 18 -27 49 00 NGC 6540 OPNCL14.6
18 06 36 -26 31 00 Cr 468 OPNCL13.4
18 06 42 -26 55 00 PK 4- 3.1PLNNB14.6
18 07 06 -29 13 00 PK 2- 4.1PLNNB14.2
18 07 06 -30 34 00 PK 0- 4.2PLNNB15.0
18 07 12 -23 20 00 NGC 6546 OPNCL 8
18 07 12 -29 42 00 PK 1- 4.1PLNNB
18 07 18 -25 00 00 NGC 6544 GLOCL08.3
18 07 54 -25 24 01 PK 5- 2.1PLNNB13.0
18 07 54 -29 45 01 PK 1- 4.2PLNNB14.2
18 08 06 -28 24 00 PK 2- 3.6PLNNB
18 08 24 -22 17 00 PK 8- 1.1PLNNB13.9
18 08 24 -31 37 00 PK 0- 5.1PLNNB
18 08 36 -20 31 00 vdB 113 OPNCL
18 09 00 -29 33 00 NGC 6551 NONEX
18 09 06 -23 25 00 IC 4684 BRTNB
18 09 06 -18 26 00 NGC 6554 NONEX
18 09 12 -24 07 00 B303 DRKNB
18 09 12 -26 03 00 PK 5- 3.1PLNNB
18 09 18 -25 54 00 NGC 6553 GLOCL08.3
18 09 18 -23 59 00 IC 4685 BRTNB
18 09 30 -24 12 00 PK 6- 2.1PLNNB16.0
18 09 30 -23 44 00 IC 1274 BRTNB
18 09 36 -23 59 00 Cr 367 OPNCL06.4
18 09 48 -35 44 00 PK356- 7.2PLNNB14.0
18 09 54 -33 19 00 PK358- 6.1PLNNB12.0
18 10 00 -23 39 01 B 91 DRKNB
18 10 00 -23 50 01 IC 1275 BRTNB
18 10 00 -27 31 01 NGC 6556 NONEX
18 10 06 -24 08 01 NGC 6559 BRTNB
18 10 12 -28 19 01 B 90 DRKNB
18 10 18 -31 46 00 NGC 6558 GLOCL
18 10 30 -16 48 00 NGC 6561 NONEX
18 11 06 -28 59 00 PK 2- 4.2PLNNB13.3
18 11 30 -27 46 00 PK 3- 4.3PLNNB14.3
18 11 36 -28 22 00 PK 3- 4.7PLNNB11.0
18 11 48 -18 46 00 PK 11- 0.1PLNNB15.0
18 11 54 -28 11 00 NGC 6565 PLNNB13.0
18 12 00 -33 52 00 NGC 6563 PLNNB13.0
18 12 24 -27 52 01 PK 3- 4.4PLNNB14.5
18 12 24 -27 29 01 PK 4- 4.1PLNNB15.0
18 12 24 -26 33 01 PK 5- 3.2PLNNB
18 12 36 -27 58 00 PK 3- 4.8PLNNB13.1
18 12 36 -24 50 00 PK 6- 3.1PLNNB
18 12 36 -22 45 00 Ter 11 GLOCL
18 12 48 -21 36 00 NGC 6568 OPNCL08.6
18 12 48 -28 20 00 PK 3- 4.9PLNNB12.0
18 13 18 -25 30 00 PK 6- 3.3PLNNB13.2
18 13 18 -32 20 00 PK359- 6.1PLNNB
18 13 36 -31 50 00 NGC 6569 GLOCL08.7
18 13 42 -19 05 00 NGC 6567 PLNNB11.5
18 13 42 -26 09 00 PK 5- 4.1PLNNB14.1
18 13 48 -22 10 00 NGC 6573 NONEX
18 14 18 -04 59 00 PK 24+ 5.1PLNNB14.0
18 14 18 -27 19 00 vdB-Ha 261OPNCL
18 14 30 -24 44 00 PK 6- 3.2PLNNB14.5
18 14 36 -29 49 01 PK 2- 5.1PLNNB11.5
18 14 54 -32 37 00 PK359- 7.1PLNNB14.0
18 15 06 -30 16 00 PK 2- 6.1PLNNB14.0
18 15 24 -30 32 00 PK 1- 6.1PLNNB14.0
18 15 24 -18 58 00 Markarian OPNCL
18 15 30 -18 11 00 B 92 DRKNB
18 15 48 -22 08 00 NGC 6583 OPNCL10.0
18 15 54 -20 15 00 Sh2- 35 BRTNB
18 16 12 -30 52 00 PK 1- 6.2PLNNB11.8
18 16 12 -27 15 00 PK 4- 5.1PLNNB14.0
18 16 18 -20 27 00 NGC 6578 PLNNB13.1
18 16 18 -27 05 00 PK 4- 4.2PLNNB13.7
18 16 18 -30 08 00 PK 2- 6.2PLNNB
18 16 24 -18 13 00 Cr 469 OPNCL09.1
18 16 30 -16 44 00 IC 4701 BRTNB
18 16 54 -18 04 01 B 93 DRKNB
18 17 00 -18 35 01 Mel 197 OPNCL 4
18 17 00 -19 53 01 NGC 6595 OPNCL 7
18 17 00 -19 38 01 NGC 6589 BRTNB
18 17 00 -19 43 01 NGC 6590 BRTNB
18 17 18 -23 59 00 PK 7- 3.1PLNNB14.0
18 17 30 -16 40 00 NGC 6596 OPNCL
18 17 36 -31 57 00 PK 0- 7.1PLNNB14.9
18 17 42 -29 08 00 PK 3- 6.1PLNNB13.0
18 17 42 -28 17 00 PK 4- 5.3PLNNB
18 17 48 -19 40 00 IC 1284 BRTNB
18 18 12 -25 38 00 PK 6- 4.1PLNNB15.0
18 18 24 -18 25 00 NGC 6603 OPNCL11.1
18 18 24 -23 25 00 PK 8- 3.1PLNNB14.0
18 18 36 -28 08 00 PK 4- 5.5PLNNB14.0
18 18 42 -31 55 00 PK 0- 7.2PLNNB15.0
18 19 24 -26 35 01 PK 5- 5.1PLNNB15.0
18 19 54 -17 08 00 NGC 6613 OPNCL06.9
18 19 54 -17 59 00 IC 4715 OPNCL
18 20 06 -24 15 00 PK 7- 4.1PLNNB
18 20 48 -16 11 00 NGC 6618 CL+NB 6
18 21 48 -33 15 00 Ru 140 OPNCL
18 22 00 -24 11 00 PK 8- 4.1PLNNB
18 22 36 -24 10 00 PK 8- 4.2PLNNB13.3
18 22 36 -30 44 00 PK 2- 7.1PLNNB15.8
18 23 00 -26 49 00 NGC 6620 PLNNB14.0
18 23 12 -19 17 00 PK 12- 2.1PLNNB
18 23 42 -30 22 00 NGC 6624 GLOCL08.3
18 24 30 -24 52 00 NGC 6626 GLOCL06.9
18 24 48 -19 41 00 Tr 33 OPNCL07.8
18 25 00 -25 42 00 PK 7- 6.1PLNNB13.5
18 25 06 -22 35 00 PK 9- 4.1PLNNB15.0
18 25 42 -23 12 00 NGC 6629 PLNNB10.5
18 28 00 -26 07 00 PK 7- 6.2PLNNB13.1
18 29 12 -31 30 00 PK 2- 9.1PLNNB11.9
18 29 12 -21 47 00 PK 11- 5.1PLNNB14.0
18 29 30 -19 06 00 PK 13- 3.1PLNNB13.0
18 29 54 -33 25 00 NGC 6634 NONEX
18 30 00 -19 41 00 PK 13- 4.1PLNNB14.4
18 30 54 -25 30 01 NGC 6638 GLOCL09.2
18 31 36 -19 15 00 IC 4725 OPNCL04.6
18 31 54 -23 29 00 NGC 6642 GLOCL08.8
18 31 54 -24 47 00 PK 8- 7.1PLNNB14.2
18 32 30 -28 43 00 PK 5- 8.1PLNNB14.0
18 32 36 -16 54 00 NGC 6645 OPNCL08.5
18 32 36 -25 08 00 NGC 6644 PLNNB12.2
18 33 18 -17 20 00 NGC 6647 OPNCL 8
18 33 24 -18 17 00 PK 14- 4.1PLNNB15.0
18 34 06 -22 37 00 IC 4732 PLNNB13.3
18 34 24 -32 21 00 NGC 6637 GLOCL07.7
18 34 54 -22 43 00 PK 10- 6.2PLNNB15.5
18 34 54 -27 07 00 PK 6- 8.1PLNNB16.0
18 35 48 -32 59 00 NGC 6652 GLOCL08.9
18 35 48 -17 36 00 PK 15- 4.1PLNNB13.1
18 36 12 -17 00 00 PK 16- 4.1PLNNB13.0
18 36 24 -23 54 00 NGC 6656 GLOCL05.1
18 36 36 -21 50 00 PK 11- 6.1PLNNB
18 37 48 -17 05 01 PK 16- 4.2PLNNB13.5
18 39 30 -30 41 00 PK 4-11.1PLNNB13.1
18 41 30 -19 49 00 Pal 8 GLOCL11.2
18 42 36 -21 17 00 PK 12- 7.1PLNNB12.0
18 43 12 -32 18 00 NGC 6681 GLOCL08.1
18 44 12 -19 54 00 PK 14- 7.1PLNNB14.2
18 44 18 -30 19 00 PK 4-11.2PLNNB14.0
18 44 42 -25 20 01 PK 9- 9.1PLNNB14.0
18 45 36 -20 35 00 PK 13- 7.1PLNNB15.7
18 45 48 -33 21 00 IC 4776 PLNNB12.5
18 46 30 -23 27 00 PK 11- 9.1PLNNB
18 48 12 -25 29 00 PK 9-10.1PLNNB14.0
18 48 12 -25 55 00 NGC 6698 NONEX
18 50 30 -22 35 00 PK 12- 9.1PLNNB13.0
18 50 30 -18 05 00 Ru 145 OPNCL
18 51 30 -13 11 00 PK 21- 5.1PLNNB13.2
18 53 24 -20 45 00 Ru 146 OPNCL
18 53 30 -20 23 00 Cr 394 OPNCL06.3
18 54 36 -19 53 00 NGC 6716 OPNCL07.5
18 55 06 -30 29 00 NGC 6715 GLOCL07.7
18 55 06 -22 42 00 Pal 9 GLOCL09.2
18 55 06 -22 42 00 NGC 6717 GLOCL
18 55 36 -32 16 00 PK 3-14.1PLNNB10.9
18 59 36 -36 38 00 NGC 6723 GLOCL07.3
19 00 18 -23 13 00 Ru 169 OPNCL
19 01 06 -18 12 01 PK 17-10.1PLNNB13.5
19 02 12 -18 32 00 NGC 6737 NONEX
19 05 36 -33 12 00 PK 3-17.1PLNNB12.9
19 16 36 -16 16 00 NGC 6774 OPNCL
19 16 42 -16 17 00 Ru 147 OPNCL
19 16 48 -15 33 00 Ru 147 OPNCL
19 17 06 -18 02 00 PK 19-13.1PLNNB15.6
19 17 42 -34 40 00 Ter 7 GLOCL
19 19 18 -12 16 00 PK 25-11.1PLNNB15.4
19 27 54 -38 53 01 NGC 6794 GALXY12.9
19 28 12 -30 21 00 Arp 2 GLOCL
19 28 54 -25 40 00 NGC 6797 4STAR
19 32 06 -34 24 00 PK 4-22.1PLNNB
19 32 24 -29 24 00 PK 9-21.1GALXY13.5
19 36 48 -38 22 00 NGC 6805 GALXY13.3
19 37 00 -42 19 00 NGC 6806 GALXY13.2
19 40 00 -30 58 00 NGC 6809 GLOCL 7
19 40 30 -20 27 00 PK 19-19.1PLNNB13.1
19 41 42 -34 00 00 Ter 8 GLOCL
19 42 12 +17 05 00 PK 53- 3.1PLNNB14.0
19 44 00 -14 09 00 NGC 6818 PLNNB10.0
19 44 00 -28 23 00 NGC 6816 GALXY13.4
19 44 54 -14 45 00 NGC 6822 GALXY08.8
19 46 36 -23 08 00 PK 17-21.1PLNNB13.1
19 54 36 -12 34 00 NGC 6835 GALXY12.5
19 54 42 -12 41 00 NGC 6836 GALXY12.9
19 57 36 -21 37 00 PK 19-23.1PLNNB14.1
19 57 54 -31 51 00 NGC 6841 GALXY12.6
20 06 06 -21 55 01 NGC 6864 GLOCL08.6
20 06 06 -40 13 01 NGC 6849 GALXY12.1
20 13 24 -44 49 00 NGC 6878A GALXY13.2
20 13 42 -44 31 00 NGC 6878 GALXY12.7
20 18 12 -44 48 00 NGC 6890 GALXY12.3
20 23 06 -44 17 00 NGC 6902A GALXY13.9
20 23 12 -43 53 00 NGC 6902B GALXY13.6
20 23 54 -44 00 00 IC 4946 GALXY11.8
20 24 00 -44 00 00 New 5 GALXY12.4
20 24 36 -43 40 00 NGC 6902 GALXY10.9
