08 18 54 +70 43 00 UGC 4305 GALXY11.1
08 34 06 +66 10 01 UGC 4459 GALXY14.4
08 34 48 +52 44 00 NGC 2600 GALXY14.2
08 35 12 +52 50 00 NGC 2602 GALXY15.5
08 35 24 +52 51 00 NGC 2605 NONEX
08 35 30 +52 47 00 NGC 2603 GALXY15.0
08 35 42 +52 48 00 NGC 2606 GALXY15.0
08 37 36 +51 39 00 UGC 4499 GALXY13.0
08 41 36 +58 13 00 PK158+37.1PLNNB13.5
08 42 48 +72 59 01 NGC 2614 GALXY12.9
08 43 36 +50 13 00 NGC 2639 GALXY11.6
08 45 24 +73 02 00 NGC 2630 GALXY16.0
08 47 12 +72 59 00 NGC 2629 GALXY12.3
08 47 12 +73 00 00 NGC 2631 NONEX
08 47 54 +53 51 00 NGC 2656 GALXY13.8
08 48 07 +72 54 00 NGC 2641 GALXY13.6
08 49 12 +60 12 01 NGC 2654 GALXY11.8
08 50 00 +70 18 00 NGC 2650 GALXY13.3
08 50 00 +47 03 00 NGC 2666 NONEX
08 51 24 +47 32 00 NGC 2676 GALXY13.1
08 51 54 +53 36 00 NGC 2675 GALXY13.3
08 53 36 +51 18 00 NGC 2681 GALXY10.3
08 54 48 +49 08 00 NGC 2684 GALXY12.9
08 54 54 +49 08 00 NGC 2686A GALXY16.0
08 54 54 +49 08 00 NGC 2686B GALXY16.0
08 55 00 +49 09 00 NGC 2687B GALXY16.0
08 55 00 +49 09 00 NGC 2687A GALXY17.0
08 55 12 +49 09 00 NGC 2689 GALXY
08 55 18 +49 06 01 NGC 2688 GALXY16.0
08 55 36 +58 44 01 NGC 2685 GALXY11.3
08 57 00 +51 20 00 NGC 2693 GALXY11.9
08 57 00 +52 04 00 NGC 2692 GALXY13.3
08 57 00 +51 19 00 NGC 2694 GALXY14.4
08 58 54 +66 28 00 UGC 4687 GALXY13.7
08 59 00 +53 46 00 NGC 2701 GALXY12.3
08 59 48 +55 41 00 NGC 2710 GALXY12.9
09 04 30 +51 37 00 UGC 4749 GALXY13.5
09 05 00 +59 56 01 NGC 2726 GALXY12.5
09 06 00 +51 45 00 NGC 2739 GALXY15.5
09 06 06 +51 44 00 NGC 2740 GALXY13.9
09 07 36 +60 29 00 NGC 2742 GALXY11.4
09 07 36 +60 28 00 MCG +10-13GALXY12.1
09 09 00 +53 51 00 NGC 2756 GALXY12.4
09 09 48 +50 26 00 NGC 2762 GALXY15.5
09 09 54 +62 15 00 NGC 2742A GALXY13.2
09 10 06 +50 25 00 NGC 2767 GALXY13.8
09 10 24 +50 27 00 NGC 2769 GALXY13.0
09 10 30 +50 24 00 NGC 2771 GALXY12.7
09 11 30 +60 03 00 NGC 2768 GALXY09.9
09 18 36 +52 31 00 NGC 2800 GALXY12.8
09 18 36 +47 52 00 UGC 4922 GALXY13.4
09 19 18 +69 13 00 NGC 2787 GALXY10.8
09 20 18 +64 06 00 NGC 2805 GALXY11.0
09 21 06 +60 27 00 NGC 2816 NONEX
09 21 12 +64 15 00 NGC 2814 GALXY13.7
09 21 24 +64 15 00 NGC 2820A GALXY15.0
09 21 48 +64 16 00 NGC 2820 GALXY12.8
09 22 00 +50 59 00 NGC 2841 GALXY09.2
09 22 06 +71 51 00 NGC 2810A GALXY13.5
09 22 06 +71 52 00 NGC 2810B GALXY15.5
09 24 00 +49 13 00 NGC 2854 GALXY13.0
09 24 12 +49 15 00 NGC 2856 GALXY13.1
09 24 30 +49 22 00 NGC 2857 GALXY12.3
09 27 48 +57 22 00 NGC 2870 GALXY13.0
09 27 48 +68 25 00 UGC 5028 GALXY13.8
09 29 36 +62 30 01 NGC 2880 GALXY11.5
09 32 24 +57 29 00 NGC 2895 GALXY14.5
09 32 54 +67 37 00 NGC 2892 GALXY13.1
09 40 30 +71 11 00 UGC 5139 GALXY12.5
09 41 54 +48 40 00 UGC 5172 GALXY14.4
09 42 36 +58 51 00 NGC 2950 GALXY10.9
09 44 00 +65 59 00 NGC 2909 GALXY14.0
09 45 12 +68 36 00 NGC 2959 GALXY12.8
09 45 24 +68 36 01 NGC 2961 GALXY14.7
09 45 24 +68 37 01 NGC 2959A GALXY
09 47 18 +67 55 00 NGC 2976 GALXY10.2
09 48 48 +44 05 00 NGC 2998 GALXY12.5
09 49 00 +44 03 00 NGC 3002 GALXY16.0
09 49 06 +44 08 00 NGC 3000 2STAR
09 49 12 +44 08 00 NGC 3005 GALXY16.0
09 49 12 +44 07 00 NGC 3004 2STAR
09 49 18 +44 01 00 NGC 3006 GALXY15.6
09 49 36 +44 05 01 NGC 3008 GALXY15.4
09 50 12 +44 18 00 NGC 3009 GALXY13.5
09 50 18 +72 17 00 NGC 2985 GALXY10.4
09 50 36 +44 20 00 NGC 3010 GALXY14.3
09 55 36 +69 04 00 NGC 3031 GALXY06.9
09 55 42 +72 12 00 NGC 3027 GALXY11.8
09 55 48 +69 41 00 NGC 3034 GALXY08.4
09 56 12 +59 18 00 NGC 3043 GALXY12.6
10 00 54 +55 37 00 NGC 3073 GALXY13.4
10 01 36 +72 08 00 NGC 3063 2STAR
10 01 54 +72 10 00 NGC 3065 GALXY12.5
10 02 00 +55 41 00 NGC 3079 GALXY10.9
10 02 12 +72 07 00 NGC 3066 GALXY12.9
10 03 18 +68 44 01 NGC 3077 GALXY09.9
10 03 54 +59 26 00 UGC 5408 GALXY14.1
10 04 18 +60 08 00 NGC 3097 NONEX
10 04 36 +60 07 00 NGC 3102 GALXY13.3
10 05 30 +70 22 00 UGC 5423 GALXY14.7
10 06 12 +47 16 00 NGC 3111 GALXY13.0
10 08 06 +53 05 00 UGC 5459 GALXY12.6
10 08 06 +51 50 00 UGC 5460 GALXY12.9
10 10 54 +45 58 00 NGC 3135 GALXY13.4
10 13 24 +50 28 00 NGC 3148 GALXY16.0
10 15 12 +56 41 00 NGC 3164 GALXY13.6
10 16 06 +46 36 00 NGC 3170 NONEX
10 16 24 +60 14 00 NGC 3168 GALXY13.4
10 18 00 +41 06 01 NGC 3179 GALXY13.1
10 18 06 +41 25 01 NGC 3180 NONEX
10 18 12 +41 24 01 NGC 3181 NONEX
10 18 18 +41 25 00 NGC 3184 GALXY09.8
10 19 00 +46 27 00 NGC 3192 GALXY16.0
10 19 06 +46 28 00 NGC 3191 GALXY13.3
10 19 30 +58 12 00 NGC 3182 GALXY12.1
10 19 42 +57 25 00 NGC 3188 GALXY13.7
10 19 54 +45 33 00 NGC 3198 GALXY10.3
10 20 30 +43 01 00 NGC 3202 GALXY13.2
10 20 48 +42 57 00 NGC 3205 GALXY13.2
10 21 00 +42 58 00 NGC 3207 GALXY13.2
10 21 48 +56 56 00 NGC 3206 GALXY11.9
10 23 06 +57 02 00 NGC 3214 GALXY13.9
10 23 42 +57 02 01 NGC 3220 GALXY13.0
10 24 00 +70 53 00 UGC 5612 GALXY12.1
10 25 06 +58 09 00 NGC 3225 GALXY12.6
10 25 48 +39 39 00 NGC 3237 GALXY13.0
10 26 42 +57 14 00 NGC 3238 GALXY12.9
10 26 42 +66 48 00 NGC 3231 NONEX
10 26 48 +61 16 00 NGC 3236 GALXY15.3
10 28 24 +68 25 00 IC 2574 GALXY10.4
10 30 24 +70 04 00 UGC 5688 GALXY13.2
10 31 18 +43 08 00 UGC 5707 GALXY13.4
10 32 24 +56 05 00 NGC 3264 GALXY12.0
10 32 30 +54 24 00 UGC 5720 GALXY14.4
10 32 36 +65 03 00 NGC 3259 GALXY12.1
10 33 18 +64 45 00 NGC 3266 GALXY12.4
10 34 48 +50 45 00 UGC 5740 GALXY14.6
10 36 00 +58 32 00 NGC 3284 1STAR
10 36 18 +58 37 00 NGC 3286 GALXY13.6
10 36 24 +58 33 00 NGC 3288 GALXY14.0
10 37 12 +50 06 00 NGC 3298 GALXY15.0
10 38 00 +64 16 00 UGC 5776 GALXY14.4
10 38 43 +53 30 00 NGC 3310 GALXY10.8
10 39 12 +41 41 00 NGC 3319 GALXY11.1
10 39 36 +47 24 00 NGC 3320 GALXY12.3
10 44 24 +56 25 00 UGC 5848 GALXY14.3
10 44 24 +60 22 00 UGC 5846 GALXY14.9
10 45 24 +55 58 00 NGC 3353 GALXY12.8
10 46 36 +63 13 00 NGC 3359 GALXY10.6
10 47 12 +72 50 00 NGC 3348 GALXY11.1
10 47 54 +43 10 00 NGC 3374 GALXY13.7
10 48 30 +72 25 00 NGC 3364 GALXY12.8
10 50 36 +65 43 00 NGC 3394 GALXY12.4
10 51 00 +65 46 00 NGC 3392 GALXY13.7
10 51 18 +44 34 00 UGC 5953 GALXY13.0
10 51 30 +55 23 00 NGC 3398 GALXY14.4
10 51 42 +43 43 00 NGC 3415 GALXY12.6
10 51 42 +43 46 00 NGC 3416 GALXY14.4
10 51 48 +51 02 00 NGC 3406 GALXY13.7
10 51 54 +51 01 00 NGC 3410 GALXY14.1
10 52 12 +58 26 00 NGC 3408 GALXY13.4
10 52 18 +61 23 00 NGC 3407 GALXY13.6
10 53 12 +50 17 00 UGC 5998 GALXY13.9
10 53 54 +57 07 00 NGC 3440 GALXY13.2
10 54 36 +56 59 00 NGC 3445 GALXY12.6
10 54 42 +54 19 00 NGC 3448 GALXY12.1
10 54 48 +61 18 00 NGC 3435 GALXY13.2
10 55 00 +49 44 00 UGC 6029 GALXY13.2
10 56 00 +57 07 00 NGC 3458 GALXY12.2
10 57 24 +40 57 01 NGC 3468 GALXY13.0
10 58 42 +59 31 00 NGC 3470 GALXY13.2
10 59 06 +61 32 00 NGC 3471 GALXY12.5
10 59 30 +46 07 00 NGC 3478 GALXY12.9
11 01 24 +57 41 00 NGC 3488 GALXY12.9
11 03 12 +56 13 00 NGC 3499 GALXY13.6
11 03 54 +40 50 00 Arp 148 GALXY15.0
11 05 36 +56 31 00 NGC 3517 GALXY13.8
11 06 48 +72 34 00 NGC 3516 GALXY11.7
11 06 48 +51 12 00 UGC 6162 GALXY13.2
11 06 48 +43 44 00 UGC 6161 GALXY13.5
11 07 18 +28 32 00 NGC 3527 GALXY13.7
11 08 42 +57 14 00 NGC 3530 GALXY13.8
11 08 48 +28 29 00 NGC 3536 GALXY13.7
11 09 06 +28 40 00 NGC 3539 GALXY14.5
11 09 18 +36 01 00 NGC 3540 GALXY13.3
11 10 00 +36 57 00 NGC 3542 GALXY14.1
11 10 12 +36 58 00 NGC 3545A GALXY14.8
11 10 12 +36 58 00 NGC 3545B GALXY14.8
11 10 24 +36 02 00 NGC 3548 NONEX
11 10 36 +28 46 00 NGC 3550 GALXY13.3
11 10 36 +28 46 00 Abell 1185GALCL14.0
11 10 36 +28 42 00 NGC 3552 GALXY15.1
11 10 36 +28 42 00 NGC 3553 GALXY15.1
11 10 42 +28 40 00 NGC 3554 GALXY15.3
11 10 48 +61 22 00 NGC 3543 GALXY14.8
11 10 54 +53 23 00 NGC 3549 GALXY12.1
11 10 54 +28 33 00 NGC 3558 GALXY13.6
11 11 12 +28 43 00 NGC 3561 GALXY14.7
11 11 30 +55 40 00 NGC 3556 GALXY10.0
11 12 06 +35 27 00 NGC 3569 GALXY13.3
11 13 24 +53 36 00 UGC 6251 GALXY14.7
11 13 48 +48 16 00 NGC 3577 GALXY13.4
11 14 12 +48 19 00 NGC 3583 GALXY11.1
11 14 48 +55 01 00 NGC 3587 PLNNB11.0
11 15 12 +60 42 00 NGC 3589 GALXY13.8
11 15 24 +47 27 00 NGC 3595 GALXY12.1
11 15 48 +41 36 00 NGC 3600 GALXY11.7
11 16 06 +55 42 00 NGC 3594 GALXY13.7
11 16 24 +29 17 00 Abell 1213GALCL14.5
11 18 12 +45 43 00 NGC 3614A GALXY
11 18 18 +45 45 00 NGC 3614 GALXY11.6
11 18 24 +58 47 00 NGC 3610 GALXY10.8
11 18 36 +58 00 00 NGC 3613 GALXY10.9
11 19 24 +57 46 00 NGC 3619 GALXY11.5
11 20 12 +67 15 00 NGC 3622 GALXY13.2
11 20 30 +57 47 00 NGC 3625 GALXY13.1
11 21 00 +53 10 00 NGC 3631 GALXY10.4
11 21 30 +34 20 00 Abell 1228GALCL13.8
11 22 18 +59 05 00 NGC 3642 GALXY11.2
11 22 36 +37 46 00 NGC 3652 GALXY12.2
11 22 36 +39 53 00 NGC 3648 GALXY12.6
11 23 24 +50 55 00 UGC 6399 GALXY13.7
11 23 36 +53 51 00 NGC 3656 GALXY12.5
11 23 54 +52 56 00 NGC 3657 GALXY12.4
11 24 00 +38 34 00 NGC 3658 GALXY12.2
11 24 06 +69 26 00 NGC 3654 GALXY12.7
11 24 42 +38 46 00 NGC 3665 GALXY10.8
11 25 24 +57 43 00 NGC 3669 GALXY12.4
11 25 30 +63 27 00 NGC 3668 GALXY12.3
11 25 48 +60 29 00 NGC 3671 GALXY15.7
11 26 06 +43 35 00 NGC 3675 GALXY10.2
11 26 18 +46 58 00 NGC 3677 GALXY12.3
11 26 24 +57 03 00 NGC 3674 GALXY12.2
11 26 36 +53 44 00 UGC 6446 GALXY12.9
11 26 42 +59 09 00 IC 691 GALXY13.9
11 26 48 +64 08 00 UGC 6448 GALXY14.1
11 27 30 +56 53 00 NGC 3683 GALXY12.4
11 28 00 +29 31 00 NGC 3687 GALXY12.0
11 28 30 +58 33 00 NGC 3690 GALXY11.5
11 28 30 +58 34 00 IC 694 GALXY11.8
11 28 54 +35 24 00 NGC 3694 GALXY12.9
11 29 00 +35 40 00 NGC 3698 NONEX
11 29 12 +57 08 00 NGC 3683A GALXY11.9
11 29 12 +35 35 00 NGC 3695 GALXY14.9
11 29 18 +28 58 00 Pal 4 GLOCL14.2
11 29 24 +34 51 00 UGC 6591 GALXY12.6
11 29 30 +35 31 00 NGC 3700 GALXY14.0
11 31 06 +28 34 00 NGC 3712 GALXY13.9
11 31 48 +28 22 00 NGC 3714 GALXY14.1
11 32 30 +62 30 01 UGC 6520 GALXY13.1
11 32 36 +53 04 01 NGC 3718 GALXY10.8
11 32 48 +39 04 00 UGC 6531 GALXY14.3
11 33 12 +63 17 00 UGC 6534 GALXY12.8
11 33 18 +47 02 00 NGC 3726 GALXY10.4
11 33 30 +49 14 00 UGC 6541 GALXY14.2
11 33 42 +61 53 00 NGC 3725 GALXY13.0
11 33 48 +53 08 00 NGC 3729 GALXY11.4
11 34 48 +49 03 00 Abell 1314GALCL13.9
11 35 00 +54 51 00 NGC 3733 GALXY12.4
11 35 30 +54 57 00 NGC 3737A GALXY
11 35 36 +54 57 00 NGC 3737 GALXY12.9
11 35 48 +54 31 00 NGC 3738 GALXY11.7
11 36 00 +45 18 00 NGC 3741 GALXY14.0
11 36 12 +59 59 00 NGC 3740 GALXY14.9
11 36 36 +36 25 00 NGC 3755 GALXY12.8
11 36 48 +54 18 00 NGC 3756 GALXY11.5
11 36 54 +54 49 00 NGC 3759 GALXY13.3
11 37 00 +55 10 00 NGC 3759A GALXY13.6
11 37 06 +58 26 00 NGC 3757 GALXY12.6
11 37 30 +61 46 00 NGC 3762 GALXY12.6
11 37 42 +47 54 00 NGC 3769 GALXY11.8
11 37 42 +47 54 00 NGC 3769A GALXY14.2
11 38 00 +59 37 00 NGC 3770 GALXY12.9
11 38 12 +58 46 00 NGC 3795B GALXY14.0
11 39 18 +46 31 00 NGC 3782 GALXY12.4
11 39 24 +56 16 00 NGC 3780 GALXY11.5
11 39 24 +58 16 00 UGC 6616 GALXY13.1
11 39 24 +58 17 00 NGC 3795A GALXY14.2
11 39 24 +31 52 00 NGC 3793 GALXY15.5
11 39 36 +55 11 00 NGC 3794 GALXY15.0
11 39 42 +31 55 00 NGC 3786 GALXY12.3
11 39 42 +31 56 00 NGC 3788 GALXY12.6
11 40 06 +45 55 00 UGC 6628 GALXY12.7
11 40 06 +58 37 00 NGC 3795 GALXY13.1
11 40 06 +31 54 00 NGC 3797 NONEX
11 40 24 +28 23 00 UGC 6637 GALXY14.0
11 40 36 +60 18 00 NGC 3796 GALXY12.5
11 40 54 +56 12 00 NGC 3804 GALXY12.9
11 41 18 +36 33 00 NGC 3813 GALXY11.6
11 41 18 +47 42 00 NGC 3811 GALXY12.3
11 41 18 +59 54 00 NGC 3809 GALXY12.7
11 42 24 +51 36 00 UGC 6667 GALXY13.5
11 42 48 +52 47 00 NGC 3824 GALXY13.6
11 43 30 +52 43 00 NGC 3829 GALXY14.0
11 44 06 +60 07 00 NGC 3835 GALXY12.4
11 44 12 +57 57 00 NGC 3838 GALXY12.3
11 44 12 +55 03 00 NGC 3846A GALXY13.3
11 44 12 +33 21 00 NGC 3847 GALXY13.3
11 44 18 +33 20 00 NGC 3855 GALXY15.6
11 44 24 +33 20 00 NGC 3856 NONEX
11 44 30 +55 40 00 NGC 3846 GALXY13.9
11 44 30 +48 50 00 UGC 6713 GALXY14.5
11 45 36 +55 53 00 NGC 3850 GALXY13.3
11 45 36 +55 53 00 Abell 1377GALCL14.0
11 45 54 +50 12 00 NGC 3870 GALXY13.0
11 46 06 +47 30 00 NGC 3877 GALXY11.0
11 46 12 +33 05 00 NGC 3871 GALXY15.4
11 46 12 +33 12 00 NGC 3878 GALXY15.5
11 46 18 +33 10 00 NGC 3880 GALXY13.8
11 46 30 +33 07 00 NGC 3881 GALXY15.2
11 47 12 +60 18 00 NGC 3835A GALXY14.0
11 47 36 +55 58 00 NGC 3888 GALXY12.1
11 47 54 +56 02 00 NGC 3889 GALXY
11 48 00 +30 23 00 NGC 3891 GALXY12.4
11 48 36 +48 43 00 NGC 3893 GALXY10.5
11 48 48 +59 25 00 NGC 3894 GALXY11.6
11 48 54 +48 41 00 NGC 3896 GALXY12.9
11 49 00 +35 01 00 NGC 3897 GALXY12.9
11 49 06 +59 26 00 NGC 3895 GALXY13.1
11 49 12 +56 05 00 NGC 3898 GALXY10.7
11 49 42 +48 26 00 NGC 3906 GALXY12.9
11 50 36 +55 21 00 IC 740 GALXY12.6
11 50 36 +55 21 00 NGC 3913 GALXY12.6
11 50 48 +51 50 00 NGC 3917 GALXY11.8
11 50 48 +38 52 00 UGC 6817 GALXY13.1
11 50 48 +55 09 00 NGC 3916 GALXY13.9
11 51 06 +55 05 00 NGC 3921 GALXY12.4
11 51 12 +50 11 00 NGC 3922 GALXY12.8
11 51 12 +52 00 00 NGC 3931 GALXY13.4
11 51 12 +52 01 00 NGC 3917A GALXY14.5
11 51 36 +38 02 00 NGC 3930A GALXY16.0
11 51 48 +38 01 00 NGC 3930 GALXY12.4
11 51 48 +48 41 00 NGC 3928 GALXY12.6
11 52 06 +52 06 00 UGC 6840 GALXY13.9
11 52 24 +32 25 00 NGC 3935 GALXY13.2
11 52 30 +48 28 00 NGC 3932 GALXY15.1
11 52 36 +50 01 00 NGC 3924 GALXY15.7
11 52 48 +44 07 00 NGC 3938 GALXY10.4
11 52 54 +36 59 00 NGC 3941 GALXY10.3
11 53 12 +60 41 00 NGC 3945 GALXY10.9
11 53 42 +47 52 00 NGC 3949 GALXY11.1
11 53 42 +47 56 00 NGC 3950 GALXY15.5
11 53 48 +52 20 00 NGC 3953 GALXY10.1
11 54 36 +58 22 00 NGC 3958 GALXY13.0
11 55 00 +58 30 00 NGC 3963 GALXY11.9
11 55 36 +30 00 00 NGC 3971 GALXY12.7
11 55 42 +32 12 00 NGC 3966 GALXY14.5
11 55 48 +55 19 00 NGC 3972 GALXY12.3
11 55 54 +60 32 00 NGC 3975 GALXY15.0
11 56 06 +55 24 00 NGC 3977 GALXY13.4
11 56 06 +55 23 00 NGC 3980 NONEX
11 56 12 +60 31 00 NGC 3978 GALXY12.7
11 56 18 +58 11 00 UGC 6912 GALXY13.6
11 56 24 +32 01 00 IC 2978 GALXY14.6
11 56 30 +55 08 00 NGC 3982 GALXY11.0
11 56 30 +50 25 00 UGC 6917 GALXY12.6
11 56 42 +48 20 00 NGC 3985 GALXY12.6
11 56 42 +32 01 00 NGC 3986 GALXY12.6
11 57 18 +49 16 00 UGC 6930 GALXY12.1
11 57 30 +32 20 00 NGC 3991 GALXY13.1
11 57 36 +53 23 00 NGC 3992 GALXY09.8
11 57 36 +55 28 00 NGC 3990 GALXY12.6
11 57 36 +32 17 00 NGC 3994 GALXY12.7
11 57 42 +32 18 00 NGC 3995 GALXY12.4
11 57 48 +55 28 00 MCG +09-20GALXY11.8
11 57 48 +29 03 00 NGC 3984 GALXY13.5
11 57 54 +55 27 00 NGC 3998 GALXY10.7
11 58 06 +47 20 00 NGC 4001 GALXY15.6
11 58 24 +38 04 00 UGC 6955 GALXY13.3
11 58 36 +43 58 00 NGC 4013 GALXY11.2
11 58 36 +42 44 00 IC 749 GALXY12.4
11 58 36 +47 16 00 NGC 4010 GALXY12.6
11 58 54 +42 43 00 IC 750 GALXY11.9
11 59 00 +30 25 00 NGC 4020 GALXY12.7
11 59 12 +52 42 00 UGC 6983 GALXY12.4
11 59 12 +37 48 00 NGC 4025 GALXY13.6
11 59 24 +50 58 00 NGC 4026 GALXY10.8
11 59 30 +50 55 00 MCG +09-20GALXY11.7
12 00 30 +31 57 00 NGC 4031 GALXY14.3
12 01 30 +61 54 00 NGC 4036 GALXY10.7
12 02 12 +62 09 00 NGC 4041 GALXY11.3
12 02 36 +64 22 00 UGC 7020 GALXY13.2
12 03 00 +58 00 00 Cr 285 OPNCL0.4
12 03 12 +57 54 00 NGC 4054 GALXY15.2
12 03 54 +48 39 00 NGC 4047 GALXY12.2
12 04 06 +31 55 00 NGC 4062 GALXY11.1
12 04 06 +52 36 00 NGC 4068 GALXY12.5
12 04 12 +44 33 00 NGC 4051 GALXY10.2
12 04 12 +62 30 00 IC 758 GALXY13.3
12 04 36 +64 27 00 NGC 4081 GALXY12.9
12 05 24 +50 22 00 NGC 4085 GALXY12.4
12 05 36 +50 33 00 NGC 4088 GALXY10.6
12 05 54 +43 08 00 UGC 7089 GALXY13.9
12 06 06 +47 29 00 NGC 4096 GALXY10.9
12 06 06 +36 52 00 NGC 4097 GALXY13.4
12 06 12 +49 36 00 NGC 4100 GALXY11.2
12 06 30 +52 43 00 NGC 4102 GALXY11.2
12 09 36 +53 07 00 NGC 4142 GALXY13.3
12 09 42 +58 51 00 NGC 4141 GALXY13.7
12 10 06 +46 28 00 NGC 4144 GALXY11.6
12 10 24 +58 19 00 NGC 4149 GALXY13.2
12 10 42 +58 21 00 NGC 4154 1STAR
12 11 06 +50 30 00 NGC 4157 GALXY11.4
12 11 24 +57 44 00 NGC 4161 GALXY12.9
12 12 12 +56 11 00 NGC 4172 GALXY13.2
12 14 06 +54 32 00 NGC 4194 GALXY12.5
12 14 12 +59 37 00 NGC 4195 GALXY14.2
12 14 18 +56 01 00 NGC 4198 GALXY13.6
12 14 48 +59 54 00 NGC 4199 GALXY15.5
12 19 37 +56 45 00 NGC 4271 GALXY12.6
12 20 12 +58 06 00 NGC 4284 GALXY13.5
12 20 48 +58 06 00 NGC 4290 GALXY11.8
12 21 54 +58 06 00 Winnecke 42STAR 9
12 23 00 +58 28 00 NGC 4335 GALXY12.4
12 24 00 +58 24 00 NGC 4364 GALXY14.3
12 24 00 +58 24 00 NGC 4358 GALXY14.5
12 24 12 +58 22 00 NGC 4362 GALXY14.3
12 25 06 +54 31 00 NGC 4384 GALXY13.0
12 31 24 +57 58 00 NGC 4500 GALXY12.5
12 32 12 +56 29 00 NGC 4511 GALXY14.6
12 34 48 +58 56 00 NGC 4547 GALXY15.3
12 34 48 +58 56 00 NGC 4549 GALXY15.3
12 36 00 +54 14 00 NGC 4566 GALXY13.1
12 40 00 +61 37 00 NGC 4605 GALXY10.3
12 42 36 +55 09 00 NGC 4644 GALXY13.9
12 42 48 +54 51 00 NGC 4646 GALXY13.4
12 43 18 +58 58 00 NGC 4652 GALXY15.5
12 44 42 +54 53 00 NGC 4669 GALXY13.2
12 45 30 +54 44 00 NGC 4675 GALXY14.4
12 46 36 +54 33 00 NGC 4686 GALXY12.6
12 47 30 +54 23 00 NGC 4695 GALXY13.4
12 50 06 +52 52 00 NGC 4732 GALXY13.9
12 54 36 +53 06 00 NGC 4801 GALXY15.7
12 55 24 +58 21 00 NGC 4814 GALXY12.0
12 56 12 +56 52 00 UGC 8058 GALXY13.6
13 02 06 +58 42 00 UGC 8146 GALXY13.8
13 05 24 +56 18 00 NGC 4964 GALXY13.2
13 05 30 +53 40 00 NGC 4973 GALXY13.3
13 05 42 +53 34 00 NGC 4967 GALXY15.2
13 06 12 +55 39 00 NGC 4977 GALXY13.3
13 06 12 +53 37 00 NGC 4974 GALXY15.7
13 08 42 +62 17 00 MCG +10-19GALXY12.0
13 09 18 +62 10 00 NGC 5007 GALXY13.3
13 09 36 +53 29 00 NGC 5001 GALXY14.6
13 17 06 +57 32 00 IC 875 GALXY12.8
13 20 54 +57 39 00 NGC 5109 GALXY12.8
13 21 24 +57 42 00 NGC 5113 GALXY15.2
13 26 54 +52 45 00 NGC 5163 GALXY13.6
13 27 12 +55 29 00 NGC 5164 GALXY13.7
13 29 12 +53 04 00 NGC 5201 GALXY13.1
13 29 30 +58 25 00 NGC 5204 GALXY11.3
13 30 00 +62 30 00 NGC 5205 GALXY12.2
13 30 48 +54 55 00 UGC 8508 GALXY13.9
13 32 12 +62 41 00 NGC 5216 GALXY12.6
13 32 18 +62 45 00 NGC 5218 GALXY12.3
13 34 48 +61 59 00 NGC 5216A GALXY14.0
13 36 00 +51 14 00 NGC 5250 GALXY13.0
13 37 18 +57 06 00 NGC 5255 GALXY15.3
13 38 12 +48 16 00 NGC 5256 GALXY13.2
13 40 42 +54 20 00 UGC 8658 GALXY12.6
13 41 36 +55 38 59 NGC 5278 GALXY13.6
13 41 42 +55 38 59 NGC 5279 GALXY15.0
13 44 42 +55 53 00 UGC 8696 GALXY14.3
13 45 12 +55 17 00 NGC 5294 GALXY15.2
13 46 54 +60 58 59 NGC 5308 GALXY11.4
13 49 12 +60 12 00 NGC 5322 GALXY10.2
13 51 24 +59 53 00 NGC 5342 GALXY13.5
13 54 06 +60 41 00 NGC 5370 GALXY13.1
13 54 30 +54 21 00 NGC 5368 GALXY13.0
13 54 42 +58 41 00 NGC 5372 GALXY13.2
13 54 48 +53 54 00 UGC 8837 GALXY13.4
13 55 12 +59 31 00 NGC 5376 GALXY12.1
13 55 30 +59 45 00 NGC 5379 GALXY12.9
13 56 06 +59 45 00 NGC 5389 GALXY12.0
13 58 12 +59 49 00 NGC 5402 GALXY13.7
14 00 42 +55 10 00 NGC 5422 GALXY11.8
14 00 42 +59 20 00 NGC 5430 GALXY11.9
14 00 48 +48 27 00 NGC 5425 GALXY13.6
14 02 12 +55 49 00 NGC 5443 GALXY12.3
14 02 30 +54 17 00 NGC 5447 GX+DN
14 02 30 +54 19 00 NGC 5449 GX+DN
14 02 30 +54 14 00 NGC 5450 GX+DN
14 02 42 +54 22 00 NGC 5451 GX+DN
14 02 48 +49 10 00 NGC 5448 GALXY11.0
14 03 00 +54 18 00 NGC 5453 GX+DN
14 03 00 +54 12 00 NGC 5455 GX+DN
14 03 12 +54 16 00 NGC 5458 NONEX
14 03 18 +54 22 00 NGC 5457 GALXY07.9
14 03 42 +54 19 00 NGC 5461 GX+DN
14 03 54 +54 22 00 NGC 5462 GX+DN
14 04 36 +54 24 00 NGC 5471 GX+DN
14 04 48 +54 54 00 NGC 5473 GALXY11.4
14 05 06 +53 40 00 NGC 5474 GALXY10.8
14 05 18 +55 45 00 NGC 5475 GALXY12.6
14 05 37 +54 27 59 NGC 5477 GALXY14.0
14 06 18 +50 44 00 NGC 5480 GALXY12.1
14 06 36 +50 44 00 NGC 5481 GALXY12.3
14 06 54 +55 02 00 NGC 5484 GALXY14.7
14 07 12 +55 00 00 NGC 5485 GALXY11.4
14 07 30 +55 06 00 NGC 5486 GALXY13.3
14 09 24 +60 25 00 NGC 5503 GALXY16.0
14 09 36 +60 26 00 NGC 5502 NONEX
14 13 54 +57 46 00 NGC 5526 GALXY14.2
14 14 48 +60 00 00 NGC 5540 GALXY14.9
14 17 24 +58 44 00 NGC 5561 GALXY14.9
14 19 48 +56 44 00 NGC 5585 GALXY10.7
14 26 36 +56 34 00 NGC 5631 GALXY11.5
