08 10 42 -49 16 00 NGC 2547 OPNCL04.7
08 11 30 -48 43 00 PK264- 8.1PLNNB12.4
08 20 48 -46 22 00 PK263- 5.1PLNNB13.6
08 24 48 -47 08 00 Ru 60 OPNCL
08 30 00 -45 00 00 Gum 12 SNREM
08 31 18 -44 28 59 vdB-Ha 34OPNCL
08 31 24 -37 39 59 Pismis 3 OPNCL
08 33 12 -48 02 00 Ru 63 OPNCL
08 34 30 -44 16 00 Pismis 4 OPNCL05.9
08 35 36 -40 38 00 NGC 2626 BRTNB
08 36 18 -42 45 00 vdB-Ha 37OPNCL
08 37 06 -39 25 59 PK259+ 0.1PLNNB14.5
08 37 24 -40 06 00 Ru 64 OPNCL
08 37 30 -39 40 00 Pismis 5 OPNCL09.9
08 38 54 -46 13 00 NGC 2645 NONEX
08 39 06 -44 02 00 Ru 65 OPNCL
08 39 18 -46 13 00 Pismis 6 OPNCL 7
08 40 12 -53 03 59 IC 2391 OPNCL02.5
08 40 24 -46 09 00 Waterloo 6OPNCL08.4
08 41 06 -48 12 00 IC 2395 OPNCL04.6
08 41 30 -46 17 00 Pismis 8 OPNCL09.5
08 41 42 -37 41 00 Pismis 7 OPNCL
08 41 48 -43 23 00 Ru 67 OPNCL09.1
08 42 12 -47 09 00 NGC 2660 OPNCL08.8
08 42 36 -44 57 00 NGC 2659 OPNCL08.6
08 42 36 -48 07 00 vdB-Ha 47OPNCL
08 43 36 -46 06 00 PK265- 2.1PLNNB13.0
08 44 36 -41 17 00 Gum 15 BRTNB
08 44 42 -41 22 00 Cr 197 OPNCL06.7
08 44 48 -45 59 00 Bochum 7 OPNCL06.8
08 44 54 -52 58 00 NGC 2669 OPNCL06.1
08 45 18 -46 46 00 Ru 69 OPNCL
08 45 30 -48 47 00 NGC 2670 OPNCL07.8
08 46 12 -41 52 59 NGC 2671 OPNCL11.6
08 47 12 -51 27 00 vdB-Ha 52OPNCL
08 47 48 -42 29 00 Tr 10 OPNCL04.6
08 49 30 -46 48 00 Ru 71 OPNCL
08 49 54 -45 32 00 Ru 70 OPNCL
08 50 30 -42 07 00 Gum 17 BRTNB
08 50 30 -43 57 00 vdB-Ha 54OPNCL
08 53 30 -40 04 00 PK261+ 2.1PLNNB13.0
08 53 36 -42 13 00 SL 4 DRKNB
08 54 06 -50 32 00 PK269- 3.1PLNNB13.6
08 57 00 -38 52 00 vdB-Ha 55OPNCL
08 57 18 -43 13 00 vdB-Ha 56OPNCL
08 58 06 -46 37 00 Muzzio 1 OPNCL
08 59 42 -47 27 00 Gum 23 BRTNB
09 00 24 -45 54 00 NGC 2736 GALXY
09 00 36 -48 59 00 Mrk 18 OPNCL07.8
09 02 18 -49 28 00 Ru 73 OPNCL
09 02 24 -48 42 00 Gum 35 BRTNB
09 02 36 -43 38 00 Pismis 10 OPNCL
09 08 48 -53 19 00 PK273- 3.1PLNNB14.3
09 09 00 -44 17 00 PK266+ 2.2PLNNB
09 10 18 -56 07 00 vdB-Ha 58OPNCL
09 12 24 -42 26 00 NGC 2792 PLNNB13.5
09 13 54 -55 28 00 PK275- 4.2PLNNB
09 14 54 -54 53 00 PK275- 4.1PLNNB12.9
09 16 00 -48 24 00 Pismis 11 OPNCL
09 16 00 -48 24 00 vdB-Ha 60OPNCL
09 16 12 -45 29 00 PK268+ 2.1PLNNB
09 18 06 -54 40 00 PK275- 3.1PLNNB
09 18 36 -38 00 00 NGC 2845 GALXY11.7
09 19 18 -40 31 00 NGC 2849 OPNCL12.5
09 19 54 -45 08 00 Pismis 12 OPNCL09.7
09 20 24 -49 11 00 vdB-Ha 63OPNCL
09 22 00 -51 05 00 NGC 2866 NONEX
09 22 06 -54 09 00 PK275- 2.1PLNNB14.4
09 22 18 -51 08 00 Pismis 13 OPNCL10.2
09 22 30 -56 08 59 Ru 75 OPNCL
09 24 12 -51 44 00 Ru 76 OPNCL10.8
09 24 36 -54 43 00 UKS0923-54GLOCL
09 24 48 -54 36 00 PK275- 2.2PLNNB13.3
09 25 36 -53 39 00 vdB-Ha 66OPNCL
09 27 00 -56 06 00 NGC 2899 PLNNB
09 27 06 -55 07 00 Ru 77 OPNCL10.4
09 27 06 -51 07 00 vdB-Ha 67OPNCL
09 27 36 -56 59 00 IC 2488 OPNCL07.4
09 29 42 -51 43 00 Pismis 14 OPNCL
09 29 42 -52 46 00 Ru 78 OPNCL
09 30 24 -52 54 00 NGC 2910 OPNCL07.2
09 30 54 -53 09 00 PK275- 1.1PLNNB14.0
09 31 30 -51 27 00 vdB-Ha 72OPNCL
09 32 42 -48 14 00 vdB-Ha 73OPNCL
09 33 00 -56 07 00 Basel 20 OPNCL
09 33 42 -53 25 59 NGC 2925 OPNCL08.3
09 35 18 -46 57 00 NGC 2932 NONEX
09 35 18 -46 19 00 Pismis 15 OPNCL
09 35 24 -53 43 00 vdB-Ha 75OPNCL
09 40 18 -50 20 00 NGC 2972 OPNCL09.9
09 41 00 -53 50 00 Ru 79 OPNCL09.2
09 41 12 -49 23 00 PK274+ 2.1PLNNB
09 41 36 -49 58 59 PK274+ 2.2PLNNB
09 42 18 -44 02 00 Ru 80 OPNCL
09 42 24 -44 12 00 NGC 2982 NONEX
09 44 06 -54 47 00 NGC 2995 NONEX
09 44 24 -55 54 00 vdB-Ha 78OPNCL
09 44 48 -53 09 00 vdB-Ha 79OPNCL
09 45 12 -50 26 00 NGC 2999 NONEX
09 45 36 -53 58 59 Ru 82 OPNCL08.1
09 46 12 -42 20 00 Ru 81 OPNCL
09 47 30 -48 58 00 PK274+ 3.1PLNNB14.0
09 48 48 -56 25 00 NGC 3033 OPNCL08.8
09 49 00 -54 34 00 Ru 83 OPNCL09.8
09 51 06 -53 11 00 Pismis 16 OPNCL 8
09 52 24 -56 10 00 Hogg 2 OPNCL
09 54 42 -50 43 00 Cr 213 OPNCL09.2
09 56 24 -45 27 00 Ru 160 OPNCL
09 58 48 -53 49 00 Hogg 3 OPNCL
09 58 54 -53 53 00 Hogg 4 OPNCL
10 00 48 -54 46 00 NGC 3105 OPNCL09.7
10 02 36 -56 18 00 vdB-Ha 84OPNCL
10 02 42 -53 26 00 Ru 85 OPNCL
10 02 54 -48 50 00 vdB-Ha 85OPNCL
10 04 18 -55 03 00 vdB-Ha 87OPNCL
10 04 36 -54 38 00 Schuster 1OPNCL
10 04 36 -50 55 00 vdB-Ha 88OPNCL
10 07 00 -40 26 00 NGC 3132 PLNNB08.2
10 12 06 -56 25 00 vdB-Ha 90OPNCL10.3
10 13 18 -50 20 00 PK278+ 5.1PLNNB
10 15 30 -50 43 00 Ru 87 OPNCL
10 17 36 -46 25 00 NGC 3201 GLOCL06.8
10 19 12 -56 04 00 vdB-Ha 92OPNCL
10 21 48 -51 43 00 NGC 3228 OPNCL 6
10 25 54 -43 45 00 NGC 3256A GALXY14.5
10 27 42 -40 26 00 NGC 3250B GALXY12.7
10 27 48 -43 54 00 NGC 3256 GALXY11.5
10 29 00 -44 39 00 NGC 3261 GALXY11.2
10 29 00 -56 20 00 Ru 89 OPNCL
10 29 06 -43 51 00 NGC 3256C GALXY12.7
10 29 06 -44 23 00 NGC 3256B GALXY13.1
10 29 12 -44 10 00 NGC 3262 GALXY13.2
10 29 18 -44 07 59 NGC 3263 GALXY11.9
10 31 30 -53 33 00 PK282+ 3.1PLNNB14.8
10 31 36 -55 20 00 PK283+ 2.1PLNNB13.3
10 32 54 -46 05 00 NGC 3283 UVSOB
10 34 18 -53 41 00 PK283+ 3.1PLNNB14.7
10 35 12 -43 41 00 NGC 3366 GALXY11.3
10 35 30 -41 44 59 NGC 3318A GALXY15.1
10 37 18 -41 38 00 NGC 3318 GALXY11.6
10 37 42 -41 28 00 NGC 3318B GALXY13.2
10 38 36 -54 09 00 NGC 3330 OPNCL07.4
10 38 36 -56 47 00 PK285+ 1.1PLNNB08.6
10 39 36 -57 07 00 PK285+ 1.2PLNNB13.9
10 41 18 -56 10 00 PK285+ 2.1PLNNB14.6
10 48 48 -56 03 00 PK286- 4.1PLNNB12.7
10 52 06 -45 09 00 NGC 3446 OPNCL
10 53 30 -52 17 00 vdB-Ha 106OPNCL
10 58 36 -46 35 00 NGC 3482 UVSOB
