11 38 18 -03 20 00 NGC 3776 GALXY
11 39 48 +05 00 00 NGC 3792 NONEX
11 40 18 +09 00 00 IC 719 GALXY13.1
11 42 00 -06 09 00 NGC 3818 GALXY11.7
11 42 12 +10 17 00 NGC 3822 GALXY13.1
11 42 24 +10 17 00 NGC 3825 GALXY13.0
11 43 30 +10 10 00 NGC 3833 GALXY13.5
11 43 42 +10 16 00 NGC 3848 GALXY15.0
11 43 54 +07 56 00 NGC 3843 GALXY13.5
11 44 12 +03 10 00 NGC 3849 NONEX
11 44 12 -03 03 00 Wild's triGALXY13.3
11 44 24 +10 18 00 NGC 3852 NONEX
11 45 06 +08 29 00 NGC 3863 GALXY12.9
11 45 24 +09 11 00 NGC 3876 GALXY12.8
11 45 48 +08 33 00 NGC 3874 2STAR
11 48 54 -02 02 00 UGC 6780 GALXY13.0
11 49 24 -01 04 00 NGC 3907B GALXY14.8
11 49 30 -01 04 00 NGC 3907A GALXY14.4
11 50 36 +06 35 00 NGC 3914 GALXY13.2
11 50 36 -05 08 00 NGC 3915 NONEX
11 53 42 -04 00 00 NGC 3952 GALXY13.1
11 54 18 +00 08 00 IC 745 GALXY13.2
11 55 42 +01 15 00 UGC 6903 GALXY12.3
11 56 00 +06 45 00 NGC 3976 GALXY11.5
11 56 00 +06 42 00 NGC 3976A GALXY15.5
11 56 06 -02 42 00 NGC 3979 GALXY14.2
11 58 12 -02 05 00 NGC 4006 GALXY12.6
11 58 30 +10 02 00 NGC 4012 GALXY13.4
12 00 06 +08 12 00 NGC 4029 GALXY13.5
12 00 24 -01 05 00 NGC 4030 GALXY10.6
12 02 24 +04 21 00 NGC 4043 GALXY13.6
12 02 30 -00 11 00 NGC 4044 GALXY13.0
12 02 42 +02 01 00 NGC 4045 GALXY12.0
12 02 42 +02 01 00 NGC 4046 NONEX
12 02 48 +01 58 00 NGC 4045A GALXY14.4
12 03 48 +03 34 00 NGC 4058 GALXY13.1
12 04 06 +01 52 00 NGC 4063 GALXY15.0
12 04 12 +10 52 00 NGC 4067 GALXY12.5
12 04 30 +01 55 00 NGC 4073 GALXY11.4
12 04 30 +01 48 00 NGC 4139 GALXY13.7
12 04 42 +01 48 00 NGC 4077 GALXY13.1
12 04 42 +02 05 00 NGC 4075 GALXY13.5
12 04 48 +10 36 00 NGC 4078 GALXY13.2
12 04 54 -02 22 00 NGC 4079 GALXY12.4
12 05 18 +10 41 00 NGC 4082 GALXY15.0
12 05 18 +10 37 00 NGC 4083 GALXY15.1
12 06 48 +10 37 00 NGC 4107 NONEX
12 07 42 +02 42 00 NGC 4116 GALXY12.0
12 07 54 +09 33 00 NGC 4119 NONEX
12 08 12 +02 53 00 NGC 4123 GALXY11.4
12 08 12 +10 23 00 NGC 4124 GALXY11.4
12 08 54 -09 01 00 NGC 4129 GALXY12.5
12 08 54 -04 00 00 NGC 4130 NONEX
12 09 42 +01 48 00 NGC 4140 NONEX
12 12 06 +13 12 00 NGC 4164 GALXY15.7
12 12 12 +13 15 00 NGC 4165 GALXY13.5
12 12 18 +13 13 00 NGC 4168 GALXY11.2
12 12 30 +12 07 00 IC 769 GALXY12.6
12 12 42 -09 08 00 NGC 4176 GALXY
12 12 48 +10 53 00 NGC 4178 GALXY11.4
12 12 54 +01 19 00 NGC 4179 GALXY11.0
12 13 12 +07 03 00 NGC 4180 GALXY12.6
12 13 24 +04 03 00 NGC 4182 NONEX
12 13 54 +13 11 00 NGC 4193 GALXY12.3
12 13 54 +07 12 00 NGC 4191 GALXY12.8
12 14 12 +07 46 00 UGC 7239 GALXY13.3
12 14 36 +05 49 00 NGC 4197 GALXY12.8
12 14 36 +12 48 00 UGC 7249 GALXY14.7
12 14 42 -11 34 00 NGC 4201 GALXY14.0
12 14 48 +12 11 00 NGC 4200 GALXY13.0
12 15 18 +13 02 00 NGC 4206 GALXY12.1
12 15 36 +09 36 00 NGC 4207 GALXY12.5
12 15 42 +10 41 00 IC 3074 GALXY14.2
12 15 54 +13 09 00 NGC 4216 GALXY10.0
12 16 00 +06 25 00 NGC 4215 GALXY12.1
12 16 30 +06 42 00 NGC 4223 NONEX
12 16 36 +07 28 00 NGC 4224 GALXY11.8
12 17 12 +07 12 00 NGC 4235 GALXY11.6
12 17 12 +07 38 00 NGC 4233 GALXY11.9
12 17 12 +03 42 00 NGC 4234 GALXY12.7
12 17 24 -09 56 00 NGC 4240 GALXY14.0
12 17 30 +06 42 00 NGC 4241 GALXY11.9
12 17 36 -11 19 00 NGC 4243 NONEX
12 18 00 +07 12 00 NGC 4246 GALXY12.7
12 18 00 +06 39 00 IC 3115 GALXY13.1
12 18 00 +07 17 00 NGC 4247 GALXY13.5
12 18 00 +00 26 00 UGC 7332 GALXY13.5
12 18 00 +05 36 00 NGC 4249 GALXY14.8
12 18 12 -01 04 00 NGC 4202 GALXY13.6
12 18 18 +11 02 00 PK275+72.1PLNNB12.0
12 18 36 +05 34 00 NGC 4252 GALXY14.0
12 18 54 +12 55 00 IC 775 GALXY13.3
12 19 00 +04 48 00 NGC 4255 GALXY12.8
12 19 00 +08 51 00 IC 776 GALXY13.8
12 19 12 +05 44 00 NGC 4257 GALXY14.0
12 19 24 +05 50 00 NGC 4261 GALXY10.4
12 19 24 +06 07 00 NGC 4260 GALXY11.8
12 19 24 +05 23 00 NGC 4259 GALXY13.6
12 19 36 +05 51 00 NGC 4264 GALXY12.8
12 19 48 +12 49 00 NGC 4267 GALXY10.9
12 19 48 +05 18 00 NGC 4268 GALXY12.8
12 19 48 +05 33 00 NGC 4266 GALXY13.7
12 19 54 +05 29 00 NGC 4270 GALXY12.2
12 19 54 +06 02 00 NGC 4269 GALXY12.9
12 20 00 +05 21 00 NGC 4273 GALXY11.9
12 20 06 +05 21 00 NGC 4277 GALXY13.4
12 20 12 +07 42 00 NGC 4276 GALXY12.4
12 20 24 +05 24 00 NGC 4281 GALXY11.3
12 20 24 +05 35 00 NGC 4282 GALXY13.9
12 20 24 -11 40 00 NGC 4279 GALXY14.0
12 20 24 -11 41 00 NGC 4280 NONEX
12 20 41 -11 39 00 NGC 4285 GALXY14.0
12 20 48 +05 39 00 NGC 4287 GALXY15.2
12 21 06 +03 44 00 NGC 4289 GALXY13.9
12 21 18 +04 36 00 NGC 4292 GALXY12.2
12 21 18 +04 38 00 NGC 4292A GALXY15.0
12 21 24 +11 31 00 NGC 4294 GALXY12.1
12 21 30 +06 40 00 NGC 4296 GALXY12.7
12 21 30 +06 40 00 NGC 4297 GALXY16.0
12 21 36 +04 47 00 NGC 4301 GALXY13.6
12 21 42 +11 31 00 NGC 4299 GALXY12.5
12 21 42 +05 23 00 NGC 4300 GALXY12.9
12 22 00 +04 29 00 NGC 4303 GALXY09.6
12 22 06 +09 03 00 NGC 4307 GALXY12.0
12 22 06 +12 45 00 NGC 4305 GALXY12.6
12 22 06 +12 48 00 NGC 4306 GALXY12.6
12 22 12 +09 00 00 NGC 4307A GALXY15.5
12 22 12 +07 10 00 NGC 4309A GALXY
12 22 18 +07 09 00 NGC 4309 GALXY12.7
12 22 30 +04 34 00 NGC 4303A GALXY13.0
12 22 42 +11 49 00 NGC 4313 GALXY11.6
12 22 42 +09 19 00 NGC 4315 NONEX
12 22 48 +09 21 00 NGC 4316 GALXY12.9
12 22 48 +08 13 00 NGC 4318 GALXY13.3
12 23 06 +10 33 00 NGC 4320 GALXY13.8
12 23 12 +05 16 00 NGC 4324 GALXY11.6
12 23 12 +10 38 00 NGC 4325 GALXY13.3
12 23 12 +06 05 00 NGC 4326 GALXY13.3
12 23 18 +11 23 00 NGC 4330 GALXY12.4
12 23 24 +06 03 00 NGC 4333 GALXY13.6
12 23 30 +07 29 00 NGC 4334 GALXY13.0
12 23 36 +06 06 00 NGC 4339 GALXY11.4
12 23 42 +06 58 00 NGC 4343 GALXY12.1
12 23 42 +07 04 00 NGC 4342 GALXY12.5
12 23 42 +12 28 00 IC 3258 GALXY13.1
12 23 48 +07 11 00 IC 3259 GALXY13.5
12 23 54 -03 26 00 NGC 4348 GALXY12.5
12 23 54 -03 14 00 NGC 4347 NONEX
12 24 00 +07 07 00 NGC 4341 GALXY13.2
12 24 06 +12 13 00 NGC 4351 GALXY12.6
12 24 06 +11 14 00 NGC 4352 GALXY12.6
12 24 06 +06 36 00 IC 3268 GALXY13.3
12 24 06 +07 03 00 IC 3267 GALXY13.4
12 24 06 +07 48 00 NGC 4353 GALXY13.6
12 24 06 +12 12 00 NGC 4354 NONEX
12 24 12 -01 00 00 NGC 4355 NONEX
12 24 18 +08 33 00 NGC 4356 GALXY13.3
12 24 18 +09 17 00 NGC 4360B GALXY15.2
12 24 24 +09 18 00 NGC 4360A GALXY13.9
12 24 30 +07 20 00 NGC 4365 GALXY09.6
12 24 36 +12 11 00 NGC 4367 NONEX
12 24 42 +10 36 00 NGC 4368 NONEX
12 24 48 +07 22 00 NGC 4366 GALXY15.2
12 25 00 +11 43 00 NGC 4371 GALXY10.8
12 25 00 +07 27 00 NGC 4370 GALXY12.6
12 25 06 +12 54 00 NGC 4374 GALXY09.1
12 25 18 +04 56 00 NGC 4378 GALXY11.7
12 25 18 +04 56 00 NGC 4376 GALXY13.4
12 25 24 +10 02 00 NGC 4380 GALXY11.7
12 25 42 +00 35 00 NGC 4385 GALXY12.5
12 25 42 +07 13 00 IC 3322A GALXY12.9
12 25 48 +12 40 00 NGC 4388 GALXY11.0
12 25 48 +12 49 00 NGC 4387 GALXY12.1
12 25 54 +10 28 00 NGC 4390 GALXY12.6
12 26 06 +10 42 00 NGC 4398 1STAR
12 26 12 +13 07 00 NGC 4402 GALXY11.8
12 26 18 +12 57 00 NGC 4406 GALXY08.9
12 26 18 -07 41 00 NGC 4403 GALXY14.0
12 26 18 +12 39 00 NGC 4407 NONEX
12 26 24 -07 41 00 NGC 4404 GALXY14.0
12 26 30 +08 53 00 NGC 4411A GALXY12.7
12 26 30 +09 02 00 NGC 4410A GALXY12.8
12 26 30 +02 30 00 NGC 4409 NONEX
12 26 36 +12 37 00 NGC 4413 GALXY12.3
12 26 36 +03 58 00 NGC 4412 GALXY12.4
12 26 36 +09 02 00 NGC 4410B GALXY13.9
12 26 42 +08 26 00 NGC 4415 GALXY12.1
12 26 48 +08 54 00 NGC 4411B GALXY12.3
12 26 48 +07 56 00 NGC 4416 GALXY12.4
12 26 54 +09 36 00 NGC 4417 GALXY11.1
12 26 54 -00 51 00 NGC 4418 GALXY13.1
12 27 00 +02 30 00 NGC 4420 GALXY12.1
12 27 12 +07 14 59 UGC 7557 GALXY12.9
12 27 12 +05 52 59 NGC 4423 GALXY13.5
12 27 18 +09 25 59 NGC 4424 GALXY11.7
12 27 18 +12 44 59 NGC 4425 GALXY11.8
12 27 18 -05 49 01 NGC 4422 GALXY14.5
12 27 30 +11 07 00 NGC 4429 GALXY10.0
12 27 30 +06 16 00 NGC 4430 GALXY12.0
12 27 30 -08 10 00 NGC 4428 GALXY12.6
12 27 30 +12 18 00 NGC 4431 GALXY12.9
12 27 36 +08 10 00 NGC 4434 GALXY12.1
12 27 36 -08 17 00 NGC 4433 GALXY12.7
12 27 36 +06 14 00 NGC 4432 GALXY14.0
12 27 42 +13 05 00 NGC 4435 GALXY10.8
12 27 48 +13 01 00 NGC 4438 GALXY10.2
12 27 48 +12 20 00 NGC 4436 GALXY13.0
12 28 00 +12 18 00 NGC 4440 GALXY11.7
12 28 06 +09 49 00 NGC 4442 GALXY10.4
12 28 06 +13 08 00 NGC 4443 1STAR
12 28 18 +09 27 00 NGC 4445 GALXY12.8
12 28 42 +09 16 00 NGC 4451 GALXY12.5
12 28 48 +11 46 00 NGC 4452 GALXY12.0
12 28 48 +06 31 00 NGC 4453 GALXY14.8
12 28 54 -01 56 00 NGC 4454 GALXY11.9
12 28 54 -11 39 00 NGC 4484 GALXY14.0
12 29 00 +03 35 00 NGC 4457 GALXY10.9
12 29 00 +13 15 00 NGC 4458 GALXY12.1
12 29 06 +13 12 00 NGC 4461 GALXY11.2
12 29 06 +02 06 00 3C 273 QUASR12.0
12 29 24 +08 10 00 NGC 4464 GALXY12.5
12 29 24 +08 02 00 NGC 4465 GALXY15.4
12 29 30 +08 46 00 NGC 4469 GALXY11.2
12 29 36 +07 42 00 NGC 4466 GALXY13.5
12 29 36 +08 00 00 NGC 4467 GALXY13.8
12 29 42 +07 50 00 NGC 4470 GALXY12.1
12 29 42 +07 55 00 NGC 4471 NONEX
12 29 48 +08 01 00 NGC 4472 GALXY08.4
12 30 06 +12 21 00 NGC 4476 GALXY12.2
12 30 12 +10 47 00 NGC 4482 GALXY12.7
12 30 24 +12 20 00 NGC 4478 GALXY11.4
12 30 30 +04 15 00 NGC 4480 GALXY12.4
12 30 36 +12 30 00 NGC 4486B GALXY13.4
12 30 42 +09 02 00 NGC 4483 GALXY12.2
12 30 54 +12 24 00 NGC 4486 GALXY08.6
12 30 54 -08 04 00 NGC 4487 GALXY10.9
12 30 54 +12 16 00 MCG +02-32GALXY11.2
12 30 54 +08 22 00 NGC 4488 GALXY12.2
12 31 00 +12 17 00 NGC 4486A GALXY11.2
12 31 00 +11 30 00 NGC 4491 GALXY12.6
12 31 06 +08 05 00 NGC 4492 GALXY12.6
12 31 12 +00 37 00 NGC 4493 GALXY14.9
12 31 36 +11 38 00 NGC 4497 GALXY12.5
12 31 42 +03 57 00 NGC 4496A GALXY11.4
12 31 42 +03 56 00 NGC 4496B GALXY13.3
12 32 12 +11 11 00 NGC 4503 GALXY11.1
12 32 17 -07 33 00 NGC 4504 GALXY11.2
12 32 18 +03 59 00 NGC 4505 NONEX
12 32 24 +05 50 00 NGC 4508 NONEX
12 32 30 +00 24 00 NGC 4517A GALXY12.5
12 32 42 +12 46 00 IC 3475 GALXY13.1
12 32 48 +00 07 00 NGC 4517 GALXY10.4
12 32 48 +00 07 00 NGC 4437 NONEX
12 33 12 +07 51 00 NGC 4518A GALXY15.0
12 33 12 +07 50 00 NGC 4518B GALXY15.2
12 33 24 +08 40 00 NGC 4519A GALXY15.3
12 33 36 +08 40 00 NGC 4519 GALXY11.8
12 33 42 +09 11 00 NGC 4522 GALXY12.3
12 33 42 +10 59 00 IC 3499 GALXY13.3
12 33 42 -07 23 00 NGC 4520 GALXY
12 34 06 +07 43 00 NGC 4526 GALXY09.7
12 34 12 +02 40 00 NGC 4527 GALXY10.5
12 34 12 +11 20 00 NGC 4528 GALXY12.1
12 34 18 +13 05 00 NGC 4531 GALXY11.4
12 34 18 +08 16 00 NGC 4535A GALXY14.5
12 34 24 +08 13 00 NGC 4535 GALXY10.0
12 34 24 +06 29 00 NGC 4532 GALXY11.9
12 34 24 +02 20 00 NGC 4533 GALXY13.8
12 34 30 +02 12 00 NGC 4536 GALXY10.6
12 34 42 +06 18 00 UGC 7739 GALXY14.0
12 34 42 +03 20 00 NGC 4538 GALXY14.3
12 35 12 -00 13 00 NGC 4541 GALXY13.0
12 35 24 +06 07 00 NGC 4543 GALXY14.6
12 35 30 -03 47 00 NGC 4546 GALXY10.3
12 35 36 +12 14 00 NGC 4550 GALXY11.7
12 35 36 +03 03 00 NGC 4544 GALXY13.0
12 35 42 +12 34 00 NGC 4552 GALXY09.8
12 35 42 +12 16 00 NGC 4551 GALXY12.0
12 35 42 +11 11 00 NGC 4554 NONEX
12 36 06 +07 41 00 NGC 4560 NONEX
12 36 30 +11 27 00 NGC 4564 GALXY11.1
12 36 36 +11 15 00 NGC 4568 GALXY10.8
12 36 36 +11 16 00 NGC 4567 GALXY11.3
12 36 36 +06 37 00 IC 3576 GALXY13.5
12 36 42 +13 15 00 IC 3583 GALXY12.8
12 36 54 +13 10 00 NGC 4569 GALXY09.5
12 36 54 +07 15 00 NGC 4570 GALXY10.9
12 37 30 +06 04 00 NGC 4577 NONEX
12 37 36 +09 34 00 NGC 4578 GALXY11.5
12 37 36 +04 23 00 NGC 4576 GALXY13.5
12 37 48 +11 50 00 NGC 4579 GALXY09.7
12 37 54 +05 23 00 NGC 4580 GALXY11.8
12 38 12 +01 28 00 NGC 4581 GALXY12.5
12 38 12 +00 11 00 NGC 4582 1STAR
12 38 24 +13 07 00 NGC 4584 GALXY12.9
12 38 30 +04 20 00 NGC 4586 GALXY11.7
12 38 36 +02 40 00 NGC 4587 GALXY13.5
12 38 48 +06 46 00 NGC 4588 GALXY14.3
12 39 18 -00 31 00 NGC 4592 GALXY11.7
12 39 18 +06 01 00 NGC 4591 GALXY13.0
12 39 24 +07 58 00 IC 3617 GALXY14.2
12 39 36 -05 20 00 NGC 4593 GALXY10.9
12 39 54 -11 37 00 NGC 4594 GALXY 8
12 40 00 +10 11 00 NGC 4596 GALXY10.4
12 40 06 -05 48 00 NGC 4597 GALXY12.1
12 40 18 +08 23 00 NGC 4598 GALXY12.7
12 40 24 +03 08 00 NGC 4600 GALXY12.7
12 40 30 +01 11 00 NGC 4599 GALXY12.6
12 40 36 -05 08 00 NGC 4602 GALXY11.5
12 40 42 -05 18 00 NGC 4604 GALXY
12 41 00 +11 55 00 NGC 4606 GALXY11.8
12 41 18 +10 10 00 NGC 4608 GALXY11.0
12 41 18 +11 54 00 NGC 4607 GALXY12.8
12 41 24 +07 43 00 NGC 4610 NONEX
12 41 36 +07 19 00 NGC 4612 GALXY10.9
12 42 06 +11 39 00 NGC 4621 GALXY09.6
12 42 06 +12 57 00 NGC 4620 GALXY12.2
12 42 12 +07 41 00 NGC 4623 GALXY12.2
12 42 18 +03 03 59 NGC 4624 NONEX
12 42 24 -07 02 01 NGC 4626 GALXY14.0
12 42 24 -06 57 01 NGC 4628 GALXY14.0
12 42 30 -01 21 00 NGC 4629 2STAR
12 42 36 -00 05 00 NGC 4632 GALXY11.7
12 42 36 +03 58 00 NGC 4630 GALXY12.6
12 42 54 +02 42 00 NGC 4636 GALXY09.5
12 42 54 +11 27 00 NGC 4638 GALXY11.2
12 43 00 +13 16 00 NGC 4639 GALXY11.5
12 43 00 +12 18 00 NGC 4640B GALXY15.2
12 43 00 +11 27 00 NGC 4637 GALXY16.0
12 43 06 +12 18 00 NGC 4640A GALXY15.0
12 43 12 +11 03 00 NGC 4641 GALXY13.2
12 43 18 -00 38 00 NGC 4642 GALXY12.9
12 43 24 +01 59 00 NGC 4643 GALXY10.8
12 43 36 +11 35 00 NGC 4647 GALXY11.3
12 43 42 +11 34 00 NGC 4649 GALXY08.8
12 43 54 -00 33 00 NGC 4653 GALXY12.2
12 44 00 +13 08 00 NGC 4654 GALXY10.5
12 44 30 +00 29 00 UGC 7911 GALXY12.9
12 44 36 +11 12 00 NGC 4660 GALXY11.2
12 44 42 -10 05 00 NGC 4658 GALXY12.5
12 45 00 -10 10 00 NGC 4663 GALXY14.0
12 45 00 +03 13 00 NGC 4664 NONEX
12 45 12 +03 04 00 NGC 4665 GALXY10.5
12 45 12 -00 27 00 NGC 4666 GALXY10.7
12 45 18 +11 26 00 NGC 4667 NONEX
12 45 36 -00 16 00 NGC 4668 GALXY13.1
12 45 48 -07 04 00 NGC 4671 GALXY14.5
12 46 00 -08 39 00 NGC 4674 GALXY15.0
12 46 42 +05 58 00 UGC 7943 GALXY13.1
12 46 42 -04 35 00 NGC 4678 GALXY
12 46 54 -11 37 00 NGC 4680 GALXY13.0
12 47 18 -02 44 00 NGC 4684 GALXY11.4
12 47 18 -10 04 00 NGC 4682 GALXY12.1
12 47 48 +04 21 00 NGC 4688 GALXY11.9
12 47 54 -01 38 00 NGC 4690 GALXY12.9
12 48 12 -03 20 00 NGC 4691 GALXY11.1
12 48 18 +10 59 00 NGC 4694 GALXY11.4
12 48 30 +08 30 00 NGC 4698 GALXY10.6
12 48 36 -05 48 00 NGC 4697 GALXY09.2
12 49 06 -08 40 00 NGC 4699 GALXY09.5
12 49 06 -11 24 00 NGC 4700 GALXY11.9
12 49 12 +03 24 00 NGC 4701 GALXY12.4
12 49 24 -10 07 00 AN 3 GALXY11.6
12 49 24 -09 07 00 NGC 4703 GALXY14.5
12 49 30 -05 11 00 NGC 4705 GALXY14.0
12 49 42 -11 05 00 NGC 4708 GALXY14.0
12 50 00 +05 19 00 NGC 4713 GALXY11.7
12 50 30 -09 26 00 NGC 4716A GALXY15.0
12 50 30 -09 29 00 NGC 4716B GALXY15.0
12 50 36 -09 26 00 NGC 4717 GALXY15.0
12 50 36 -05 16 00 NGC 4718 GALXY15.0
12 51 00 -06 24 00 NGC 4731 GALXY11.5
12 51 12 +10 55 00 NGC 4733 GALXY11.9
12 51 12 -06 33 00 NGC 4731A GALXY14.5
12 51 18 +04 52 00 NGC 4734 GALXY13.5
12 51 36 -08 24 00 NGC 4739 GALXY14.0
12 51 48 -10 28 00 NGC 4742 GALXY11.3
12 52 00 +12 05 00 NGC 4746 GALXY12.6
12 52 00 -04 09 00 NGC 4720 GALXY15.0
12 52 24 -01 12 00 NGC 4753 GALXY09.9
12 52 24 +11 19 00 NGC 4754 GALXY10.6
12 52 54 -10 18 00 NGC 4757 GALXY15.0
12 53 00 +11 14 00 NGC 4762 GALXY10.3
12 53 00 -09 12 00 NGC 4776 GALXY13.0
12 53 06 -10 30 00 NGC 4760 GALXY11.4
12 53 06 -09 12 00 NGC 4778 GALXY12.5
12 53 06 -09 11 00 NGC 4761 GALXY13.8
12 53 06 -09 11 00 NGC 4759 GALXY15.0
12 53 06 -10 22 00 NGC 4766 GALXY15.0
12 53 12 -09 15 00 NGC 4764 GALXY15.0
12 53 18 +04 27 59 NGC 4765 GALXY13.0
12 53 18 -09 32 01 NGC 4768 1STAR
12 53 18 -09 32 01 NGC 4769 2STAR
12 53 24 +01 15 59 NGC 4771 GALXY12.3
12 53 30 +02 10 00 NGC 4772 GALXY11.0
12 53 30 -09 31 00 NGC 4770 GALXY14.0
12 53 36 -08 39 00 NGC 4773 GALXY15.0
12 53 42 -06 37 00 NGC 4775 GALXY11.1
12 53 54 +09 44 00 NGC 4779 GALXY12.4
12 54 00 -08 48 00 NGC 4777 GALXY14.5
12 54 06 -08 37 00 NGC 4780 GALXY14.0
12 54 06 -08 38 00 NGC 4780A GALXY
12 54 24 -10 32 00 NGC 4781 GALXY11.1
12 54 36 -06 51 00 NGC 4786 GALXY11.7
12 54 36 -10 37 00 NGC 4784 GALXY15.0
12 54 48 -10 14 00 NGC 4790 GALXY12.1
12 54 48 +08 03 00 NGC 4791 GALXY15.1
12 54 54 +02 39 00 NGC 4809 GALXY13.7
12 54 54 +02 39 00 NGC 4810 GALXY13.7
12 55 06 +08 04 00 NGC 4795 GALXY12.1
12 55 06 +08 04 00 NGC 4796 GALXY13.5
12 55 12 +00 07 00 UGC 8041 GALXY12.0
12 55 18 +02 54 00 NGC 4799 GALXY13.3
12 55 42 +08 14 00 NGC 4803 GALXY15.0
12 55 48 +04 01 00 UGC 8053 GALXY13.7
12 55 54 +04 18 00 NGC 4808 GALXY11.7
12 56 36 -06 48 00 NGC 4813 GALXY15.0
12 56 54 -08 31 00 NGC 4818 GALXY11.1
12 57 00 -10 45 00 NGC 4822 GALXY14.0
12 57 00 -13 42 00 NGC 4820 GALXY15.0
12 57 06 -13 40 00 NGC 4825 GALXY11.7
12 57 18 -13 44 00 NGC 4829 GALXY
12 57 24 -19 42 00 NGC 4830 GALXY12.1
12 57 24 -13 44 00 NGC 4823 GALXY
12 57 30 -12 45 00 NGC 4836 GALXY13.0
12 57 54 -13 03 00 NGC 4838 GALXY13.0
12 58 00 -03 37 00 NGC 4843 GALXY13.0
12 58 06 +01 35 00 NGC 4845 GALXY11.2
12 58 06 -13 04 00 NGC 4844 1STAR
12 58 30 -13 08 00 NGC 4847 GALXY
12 58 42 +14 13 00 UGC 8091 GALXY14.5
12 59 18 -15 02 00 NGC 4856 GALXY10.5
12 59 18 -13 13 00 NGC 4855 GALXY14.0
12 59 24 +14 10 00 NGC 4866 GALXY11.2
12 59 24 -14 07 00 NGC 4862 GALXY15.0
12 59 36 -14 01 00 NGC 4863 GALXY15.0
13 00 06 +12 29 00 NGC 4880 GALXY11.4
13 00 18 -06 05 00 NGC 4878 GALXY14.5
13 00 24 -15 17 00 NGC 4877 GALXY13.0
13 00 30 -06 50 00 NGC 4885 GALXY15.0
13 00 30 -06 03 00 NGC 4879 GALXY17.0
13 00 36 -14 40 00 NGC 4887 GALXY14.0
13 00 36 -04 34 00 NGC 4890 GALXY14.0
13 00 42 +02 30 00 NGC 4900 GALXY11.4
13 00 42 -13 25 00 NGC 4891 1STAR12.6
13 00 54 -14 31 00 NGC 4902 GALXY10.9
13 00 54 -13 27 00 NGC 4897 GALXY11.8
13 00 54 -13 57 00 NGC 4899 GALXY11.9
13 01 00 -00 02 00 NGC 4904 GALXY12.0
13 01 06 -06 04 00 NGC 4888 NONEX
13 01 24 -04 32 00 NGC 4915 GALXY12.1
13 01 24 +01 40 00 NGC 4910 NONEX
13 01 48 -04 30 00 NGC 4918 GALXY
13 01 54 -11 22 00 NGC 4920 GALXY14.0
13 02 06 -07 42 00 NGC 4925 GALXY14.0
13 02 12 -14 58 00 NGC 4924 GALXY14.0
13 02 54 -08 05 00 NGC 4928 GALXY12.5
13 03 06 +04 00 00 UGC 8153 GALXY13.5
13 03 48 -11 29 00 NGC 4933A GALXY11.7
13 03 48 -11 30 00 NGC 4933B GALXY15.0
13 04 00 -11 30 00 NGC 4933C GALXY17.0
13 04 12 -05 33 00 NGC 4941 GALXY11.1
13 04 18 -10 21 00 NGC 4939 GALXY11.3
13 04 18 -07 40 00 NGC 4942 GALXY14.0
13 04 54 -07 57 00 NGC 4948 GALXY14.0
13 05 06 -06 30 00 NGC 4951 GALXY11.9
13 05 06 -08 09 00 NGC 4948A GALXY13.4
13 05 42 -08 01 00 NGC 4958 GALXY10.7
13 07 00 +13 39 00 NGC 4969 GALXY14.9
13 08 00 -05 01 00 NGC 4975 GALXY15.5
13 08 42 -06 47 00 NGC 4981 GALXY11.3
13 08 48 -10 35 00 NGC 4982 4STAR
13 09 00 -15 31 00 NGC 4984 GALXY11.3
13 09 00 +11 38 00 NGC 4992 GALXY13.4
13 09 18 +02 21 00 NGC 4991 GALXY15.5
13 09 24 -05 25 00 NGC 4989 GALXY14.0
13 09 24 -05 16 00 NGC 4990 GALXY15.0
13 09 36 -07 50 00 NGC 4995 GALXY11.1
13 09 36 +01 40 00 NGC 4999 GALXY11.8
13 09 36 +00 53 00 NGC 4996 GALXY12.6
13 09 48 -22 33 00 NGC 4994 NONEX
13 10 00 -16 30 00 NGC 4997 GALXY13.0
13 11 48 -19 14 00 NGC 5006 GALXY12.3
13 12 12 +03 12 00 NGC 5013 GALXY15.0
13 12 24 -04 19 00 NGC 5015 GALXY13.0
13 12 30 -17 31 00 MCG -03-34GALXY12.0
13 12 30 -15 47 00 NGC 5010 GALXY14.0
13 12 30 +07 11 00 UGC 8285 GALXY14.2
13 12 36 +12 36 00 NGC 5020 GALXY11.7
13 12 48 +04 44 00 NGC 5019 GALXY13.5
13 12 54 -19 31 00 NGC 5018 GALXY10.8
13 12 54 -16 46 00 NGC 5017 GALXY12.6
13 13 18 -19 31 00 NGC 5022 GALXY12.9
13 13 24 +06 04 00 NGC 5027 GALXY13.4
13 13 42 -13 03 00 NGC 5028 GALXY14.0
13 13 48 -16 30 00 NGC 5030 GALXY14.0
13 14 06 -16 06 00 NGC 5031 GALXY14.0
13 14 42 -16 31 00 NGC 5035 GALXY12.8
13 14 42 -04 11 00 NGC 5036 GALXY
13 14 54 -04 10 00 NGC 5039 GALXY
13 15 00 -16 36 00 NGC 5037 GALXY12.2
13 15 06 -15 56 00 NGC 5038 GALXY14.0
13 15 24 -16 24 00 NGC 5044 GALXY10.8
13 15 36 -16 20 00 NGC 5046 GALXY15.0
13 15 42 -16 30 00 NGC 5047 GALXY13.0
13 15 48 +02 52 00 NGC 5050 GALXY13.7
13 15 54 -16 24 00 NGC 5049 GALXY13.0
13 16 48 +12 33 00 NGC 5058 GALXY14.6
13 16 54 -16 39 00 NGC 5054 GALXY10.9
13 17 00 +07 50 00 NGC 5059 GALXY15.5
13 17 18 +06 02 00 NGC 5060 GALXY13.3
13 18 24 -10 14 00 NGC 5066 GALXY14.0
13 18 24 -10 08 00 NGC 5067 2STAR
13 18 42 +07 56 00 NGC 5071 GALXY15.5
13 18 42 -10 12 00 NGC 5069 NONEX
13 18 54 -21 03 00 NGC 5068 GALXY10.0
13 19 06 -12 32 00 NGC 5072 GALXY14.0
13 19 12 -12 29 00 NGC 5070 GALXY15.0
13 19 12 +07 49 00 NGC 5075 GALXY15.1
13 19 18 -14 52 00 NGC 5073 GALXY13.0
13 19 24 -12 45 00 NGC 5076 GALXY13.0
13 19 24 +08 25 00 NGC 5080 GALXY14.6
13 19 30 -12 40 00 NGC 5077 GALXY11.4
13 19 36 -12 43 00 NGC 5079 GALXY12.0
13 20 12 -21 50 00 NGC 5084 GALXY10.5
13 20 18 -12 35 00 NGC 5088 GALXY12.4
13 20 24 -20 37 00 NGC 5087 GALXY11.4
13 20 36 -02 17 00 NGC 5095 GALXY13.7
13 20 42 +09 47 00 UGC 8385 GALXY13.6
13 20 42 -14 05 00 NGC 5094 GALXY14.0
13 20 54 -12 29 00 NGC 5097 GALXY
13 21 06 +08 58 00 NGC 5100 GALXY15.1
13 21 18 -13 04 00 NGC 5099 GALXY
13 21 24 +00 20 00 NGC 5104 GALXY13.7
13 21 42 -13 13 00 NGC 5105 GALXY11.8
13 21 42 +08 29 00 NGC 5106 1STAR
13 22 30 -13 05 00 NGC 5110 GALXY
13 22 48 -12 58 00 NGC 5111 GALXY13.0
13 22 54 +13 57 00 NGC 5115 GALXY13.6
13 23 30 +06 23 00 NGC 5118 GALXY13.7
13 23 54 +09 42 00 NGC 5125 GALXY12.4
13 23 54 -12 17 00 NGC 5119 GALXY14.0
13 24 06 +13 59 00 NGC 5129 GALXY12.1
13 24 06 -10 39 00 NGC 5122 GALXY14.0
13 24 18 -10 13 01 NGC 5130 GALXY14.0
13 24 24 +14 05 00 NGC 5132 GALXY12.9
13 24 48 +13 44 00 NGC 5136 GALXY14.7
13 24 48 +14 04 00 NGC 5137 GALXY15.6
13 24 54 -04 02 00 NGC 5133 GALXY15.0
13 25 18 -21 07 00 NGC 5134 GALXY11.3
13 26 24 +02 06 00 NGC 5147 GALXY11.8
13 26 30 -12 19 00 NGC 5146 GALXY14.0
13 26 42 +02 18 00 NGC 5148 GALXY14.2
13 28 18 +02 59 00 NGC 5159 GALXY14.2
13 28 18 +05 59 00 NGC 5160 2STAR
13 28 36 +11 23 00 NGC 5165 GALXY14.6
13 28 36 +12 42 00 NGC 5167 GALXY14.7
13 29 06 +11 16 00 NGC 5162 GALXY14.1
13 29 18 +11 44 00 NGC 5171 GALXY12.8
13 29 18 +11 00 00 NGC 5174 GALXY13.7
13 29 18 +11 00 00 NGC 5175 GALXY13.7
13 29 18 +11 47 00 NGC 5176 GALXY15.4
13 29 18 +11 48 00 NGC 5177 GALXY15.5
13 29 24 +11 37 00 NGC 5178 GALXY13.8
13 29 24 +11 45 00 NGC 5179 GALXY14.9
13 29 36 +13 18 00 NGC 5181 GALXY14.7
13 29 42 -17 58 00 NGC 5170 GALXY11.1
13 30 00 +13 25 00 NGC 5185 GALXY13.3
13 30 00 +12 10 00 NGC 5186 GALXY15.6
13 30 06 -01 44 00 NGC 5183 GALXY12.7
13 30 12 -01 41 00 NGC 5184 GALXY12.6
13 30 42 +11 12 00 NGC 5191 GALXY14.9
13 30 54 -01 47 00 NGC 5192 GALXY14.6
13 31 24 -01 37 00 NGC 5196 GALXY14.0
13 31 30 -01 42 00 NGC 5197 GALXY15.4
13 31 42 +00 02 00 NGC 5200 2STAR
13 32 06 -01 42 00 NGC 5202 GALXY14.5
13 32 12 +13 54 00 NGC 5207 GALXY13.2
13 32 12 -08 48 00 NGC 5203 GALXY14.0
13 32 30 +07 19 00 NGC 5208 GALXY13.1
13 32 36 +07 18 00 NGC 5212 GALXY15.5
13 32 42 +07 20 00 NGC 5209 GALXY13.0
13 32 54 +07 10 00 NGC 5210 GALXY12.9
13 33 12 -01 02 00 NGC 5211 GALXY12.3
13 34 42 +04 07 00 NGC 5213 GALXY13.7
13 34 54 +13 49 00 NGC 5221 GALXY13.0
13 34 54 +13 44 00 NGC 5222 GALXY14.1
13 35 00 +13 54 00 NGC 5226 GALXY
13 35 12 +06 28 00 NGC 5224 GALXY15.0
13 35 24 +01 24 00 NGC 5227 GALXY13.1
13 35 30 +13 40 00 NGC 5230 GALXY12.1
13 35 48 +02 59 00 NGC 5231 GALXY13.4
13 36 00 -08 30 00 NGC 5232 GALXY13.0
13 36 06 +06 33 59 NGC 5235 GALXY14.9
13 36 36 -08 24 00 NGC 5241 GALXY15.0
13 37 06 +02 46 00 NGC 5242 NONEX
13 37 30 +04 05 00 NGC 5246 GALXY13.6
13 37 30 +03 53 00 NGC 5245 GALXY
13 38 00 -17 53 00 NGC 5247 GALXY10.0
13 38 18 +04 31 00 NGC 5252 GALXY13.0
13 39 30 -11 29 00 NGC 5254 GALXY13.0
13 39 54 +00 50 00 NGC 5257 GALXY12.9
13 40 00 +00 49 00 NGC 5258 GALXY12.9
13 40 18 +05 03 00 NGC 5261 GALXY15.3
13 40 36 -19 53 00 PK318+41.1PLNNB13.0
13 42 06 -13 52 00 NGC 5268 1STAR
13 42 18 +04 14 00 NGC 5270 GALXY13.5
13 44 30 +02 05 00 NGC 5285 GALXY13.9
13 48 18 +03 58 00 NGC 5300 GALXY11.4
13 49 06 -07 12 00 NGC 5306 GALXY12.1
13 50 00 -15 45 00 NGC 5309 NONEX
13 51 00 -00 06 00 NGC 5310 1STAR
13 51 12 +05 00 00 NGC 5317 NONEX
13 52 00 -06 02 00 NGC 5324 GALXY11.7
13 52 06 -02 12 00 NGC 5327 GALXY12.6
13 52 12 +02 20 00 NGC 5329 GALXY12.4
13 52 24 +02 06 00 NGC 5331 GALXY14.3
13 52 54 -01 06 00 NGC 5334 GALXY11.3
13 53 00 +02 50 00 NGC 5335 GALXY12.8
13 53 30 +05 13 00 NGC 5338 GALXY12.4
13 53 48 -07 55 00 NGC 5339 GALXY12.0
13 54 00 -07 34 00 NGC 5343 GALXY14.0
13 54 18 -01 25 00 NGC 5345 GALXY12.4
13 54 18 +05 14 00 NGC 5348 GALXY13.1
13 55 06 +05 21 00 NGC 5356 GALXY12.6
13 55 42 +05 00 00 NGC 5360 GALXY13.3
13 56 12 +05 16 00 NGC 5363 GALXY10.1
13 56 18 +05 02 00 NGC 5364 GALXY10.5
13 56 24 -00 14 00 NGC 5366 GALXY13.7
13 56 48 -05 29 00 NGC 5369 GALXY
13 57 12 +05 16 00 NGC 5373 GALXY15.3
13 57 36 +06 06 00 NGC 5374 GALXY12.5
13 58 06 +06 32 00 NGC 5384 GALXY13.1
13 58 12 +06 16 00 NGC 5382 GALXY12.6
13 58 18 +06 21 00 NGC 5386 GALXY13.2
13 58 30 +06 05 00 NGC 5387 GALXY13.9
13 58 54 -14 09 00 NGC 5388 NONEX
13 59 24 -03 12 00 NGC 5392 GALXY13.4
14 00 36 -02 51 00 NGC 5400 GALXY12.9
14 01 06 +00 04 59 NGC 5404 2STAR
14 03 24 -06 01 00 NGC 5427 GALXY11.4
14 03 24 -06 03 00 NGC 5426 GALXY12.1
14 03 24 -06 02 00 NGC 5428 2STAR
14 03 24 -06 02 00 NGC 5429 2STAR
14 03 36 -05 57 00 NGC 5432 2STAR
14 03 48 -05 54 00 NGC 5435 2STAR
14 04 00 -14 37 00 NGC 5420 GALXY13.0
14 04 24 -17 15 00 IC 972 PLNNB14.9
14 04 54 -09 43 00 NGC 5442 GALXY14.5
14 06 24 -05 31 00 NGC 5465 1STAR
14 06 30 +06 02 00 NGC 5470 GALXY13.4
14 06 30 -05 29 00 NGC 5467 1STAR
14 06 36 -05 28 00 NGC 5468 GALXY12.5
14 06 54 -05 28 00 NGC 5472 GALXY15.0
14 08 12 -01 42 00 NGC 5478 GALXY13.6
14 08 12 -06 05 00 NGC 5476 GALXY14.0
14 10 12 -02 34 00 UGC 9057 GALXY12.9
14 10 54 +06 22 00 NGC 5491A GALXY13.9
14 10 54 +06 23 00 NGC 5491B GALXY
14 11 30 -05 03 00 NGC 5493 GALXY11.4
14 11 42 -01 09 00 NGC 5496 GALXY12.1
14 12 24 +01 16 00 NGC 5501 GALXY13.5
14 13 18 -03 12 00 NGC 5506 GALXY11.9
14 13 24 -03 09 00 NGC 5507 GALXY12.5
14 13 36 -17 59 00 NGC 5510 GALXY14.0
14 15 30 +04 24 00 NGC 5521 GALXY13.7
14 17 30 +07 03 00 NGC 5537 GALXY15.1
14 17 36 -07 25 00 NGC 5534 GALXY12.3
14 18 30 +07 22 00 NGC 5549 GALXY12.9
14 18 54 +05 26 00 NGC 5551 GALXY15.1
14 18 54 +07 02 00 NGC 5552 GALXY15.2
14 19 00 -19 08 00 NGC 5555 GALXY15.0
14 19 12 +07 01 00 NGC 5554 GALXY15.2
14 19 42 +07 02 00 NGC 5558 NONEX
14 20 06 +07 03 00 NGC 5563 GALXY15.3
14 20 12 +03 59 00 NGC 5560 GALXY12.4
14 20 12 +07 01 00 NGC 5564 NONEX
14 20 12 +07 00 00 NGC 5565 NONEX
14 20 24 +03 56 00 NGC 5566 GALXY10.6
14 20 36 +03 59 00 NGC 5569 GALXY13.2
14 20 36 +06 54 00 NGC 5573 GALXY15.0
14 20 54 +06 12 00 NGC 5575 GALXY13.3
14 21 00 +03 14 00 NGC 5574 GALXY12.4
14 21 06 +03 16 00 NGC 5576 GALXY11.0
14 21 12 +06 12 00 NGC 5578 NONEX
14 21 18 +03 26 00 NGC 5577 GALXY12.3
14 22 24 -00 24 00 NGC 5584 GALXY11.4
14 23 42 +06 34 00 NGC 5599 GALXY13.6
14 24 42 -03 13 00 NGC 5604 GALXY12.8
14 27 12 -02 17 00 NGC 5618 GALXY13.4
14 27 24 +04 47 00 NGC 5619A GALXY14.0
14 27 36 +04 46 00 NGC 5619B GALXY15.5
14 28 18 -00 12 00 NGC 5632 GALXY
14 29 36 -05 59 00 NGC 5634 GLOCL11.0
14 29 42 +03 13 00 NGC 5638 GALXY11.2
14 29 42 +03 15 00 NGC 5636 GALXY12.7
14 30 00 +03 12 59 UGC 9310 GALXY14.0
14 30 36 +07 16 00 NGC 5645 GALXY12.5
14 30 48 +05 59 00 NGC 5650 NONEX
14 30 54 +05 58 00 NGC 5652 GALXY12.5
14 31 18 -00 56 00 NGC 5651 NONEX
14 31 54 +06 14 00 NGC 5661 GALXY13.3
14 32 24 +00 16 00 NGC 5658 GALXY14.5
14 33 30 +04 25 59 NGC 5668 GALXY11.5
14 33 48 +05 26 00 NGC 5674 GALXY13.0
14 34 36 +04 16 00 UGC 9380 GALXY13.7
14 35 00 +05 20 00 NGC 5679A GALXY14.2
14 35 00 +05 20 00 NGC 5679B GALXY14.5
14 35 00 +05 20 00 NGC 5679C GALXY16.0
14 35 48 -00 03 00 NGC 5680 GALXY13.7
14 37 48 +02 18 00 NGC 5690 GALXY11.8
14 37 54 -00 24 00 NGC 5691 GALXY12.3
14 38 24 +03 25 00 NGC 5692 GALXY12.9
14 39 06 +05 23 00 NGC 5701 GALXY10.9
14 39 54 -00 42 00 NGC 5705 GALXY12.7
14 40 12 -00 17 00 NGC 5713 GALXY11.2
14 40 48 +03 27 59 NGC 5718 GALXY12.9
14 41 00 -00 18 00 NGC 5719 GALXY12.2
14 41 06 +02 10 00 NGC 5725 GALXY13.6
14 42 48 -00 20 00 NGC 5733 GALXY14.0
14 42 54 +04 53 00 IC 1048 GALXY12.6
14 44 00 +01 37 00 NGC 5738 GALXY13.9
14 44 30 +01 41 00 NGC 5740 GALXY11.9
14 45 00 +01 49 00 NGC 5746 GALXY10.3
14 46 22 -00 13 00 NGC 5750 GALXY11.6
14 50 48 +05 07 00 NGC 5765B GALXY14.5
14 50 48 +05 07 00 NGC 5765A GALXY14.6
14 53 24 +03 57 00 NGC 5770 GALXY12.3
14 53 48 +03 35 00 NGC 5774 GALXY12.1
14 54 00 +03 33 00 NGC 5775 GALXY11.4
14 54 36 +02 57 59 NGC 5776 GALXY14.7
15 00 06 +01 53 00 NGC 5806 GALXY11.7
15 00 30 +01 37 00 NGC 5811 GALXY14.0
15 01 12 +01 42 00 NGC 5813 GALXY10.5
15 01 24 +01 37 00 NGC 5814 GALXY13.8
15 04 12 +01 12 59 NGC 5831 GALXY11.5
15 05 30 +02 06 00 NGC 5838 GALXY10.9
15 05 30 +01 38 00 NGC 5839 GALXY12.7
15 05 36 +01 59 00 NGC 5841 NONEX
15 06 06 +01 38 00 NGC 5845 GALXY12.5
15 06 18 +06 23 00 NGC 5847 GALXY15.1
15 06 30 +01 36 00 NGC 5846 GALXY10.0
15 06 30 +01 35 00 NGC 5846A GALXY
15 06 42 +02 00 00 NGC 5848 GALXY13.8
15 07 12 +01 32 00 NGC 5850 GALXY10.8
15 07 54 +02 34 00 NGC 5854 GALXY11.9
15 07 54 +03 58 00 NGC 5855 GALXY15.5
15 09 36 +03 03 00 NGC 5864 GALXY11.8
15 09 54 +00 28 00 NGC 5869 GALXY11.9
15 09 54 +00 31 00 NGC 5868 GALXY13.4
15 09 54 +00 27 00 NGC 5865 GALXY13.5
15 10 06 +00 31 00 NGC 5871 1STAR
